01111111110000000000000000010011
01111111110000000000000000010011
01111111110000000000000000010011
01000010110000000010000100000011
01000000101010111000110010110011
11100000000000011000000011010011
00001001000011001000001101010011
11000100010000000010101010000111
10111110100100000010011000100111
00000001110011101010001000110011
00101010011100000010111000100011
00000000111000111000011000110011
10100000001100101001111111010011
11100111011100000010101000100111
01100100000000000010101100000011
11010100100000000000100110010011
00000001011101101101111010110011
10100000011100110001001101010011
01000001000100011000000110110011
00001001001010111000101111010011
11000100110000000010111000100111
00000001111011100001010000110011
00000000001011000000111101010011
00000001011000011000001101010011
10100001110110101001001001010011
00000000101010010010010100110011
00000000110101001001001010110011
10011100110100000010110000100011
11111100010000000010100110000111
11011010100000000000000110010011
00000000001110000010111110110011
00100101011100000010111000100111
00000001010010011001001010110011
00001001101000101000111001010011
10100001000101011001000101010011
00100100010000000010011000100111
00000000100011010001000010110011
01000001101110010000001010110011
10011010000000000000010010010011
01001101100000000000000100010011
01010000110000000000011100010011
00000001001110110000010001010011
00000000000110110010100110110011
00000001010001100101001000110011
10111100000000000000011010010011
01101000000000000010101000100111
00000000001011010000001100110011
00000000101101010101110010110011
01000001000100001000111110110011
00001000111001010000110011010011
00001001100000010000001011010011
00000001111001001000111111010011
11100000000001111000100111010011
00000001100011011000101110110011
11100000000001101000110001010011
00101010110000000010010000100111
00000000100101100001100010110011
01000001000110011000100000110011
01000001011001111000010010110011
11100000000010110000001011010011
00000000001101100000011111010011
10100001101000001001100011010011
00100110111100000010011000100111
00010110000000000010000110000011
00000001111101100010010110110011
11011100000000000010100010000011
00011011000000000010011100000011
11010001100000000010001000000111
11100000000011100000111011010011
00000001100011011001011110110011
10100001001100111001011011010011
00000001100111001101101100110011
10110111010000000000011100010011
10100000000110101001001011010011
00000001110101001000110000110011
00000001101011100000110000110011
00000000100010001101101010110011
01000000001001110000100100110011
00000000110001000010000110110011
10111001010100000010111000100111
00000001010000000010100100110011
10100001010010111001101011010011
00000000001110011000101001010011
00000001111000100000010000110011
00000001110100001000111100110011
00000000100010000010000100110011
11110110010000000000100000010011
00000000000011001000011100110011
10111101000000000010000000100011
00000001110111001001000010110011
00000000110101000001101010110011
11010010110000000000000010010011
00001000110101101000000101010011
11100000000000110000011001010011
01000001110101001000110010110011
10100000111000001001110001010011
00000000111001100000110111010011
00110100010000000010111010000011
00000001101101010000110000110011
01001011000000000010001110000011
00001000011000001000101111010011
00000001101011000001010000110011
00000001011000010101101100110011
01000000111111001000010110110011
01011010110000000010000000100011
11100000000000010000000101010011
01000001110110101000110010110011
00000001100011011000101110110011
01000011010100000010001000100111
11100000000000110000001101010011
00001000100101001000101011010011
00001100010000000010110110000011
00000000111001011000110110110011
00000001000101011000111000110011
00000000101011111001100100110011
10111001011000000010001000100111
10100000100001000001110011010011
00000001111000000010101010110011
00000001100111100000101011010011
00000001100100111000001111010011
11100010101100000010111000100011
00111001000000000010111100000011
11000000000000000010010000000111
11100000000011000000100001010011
01000001010000100000001010110011
00000110111100000010011000100011
01000001010010010000101110110011
00000001100011011001110010110011
00001000010111111000010011010011
00000001110101111000010001010011
01110010011100000010000000100111
00000001110101010010101000110011
10100000101101000001100001010011
11100111110000000000010110010011
00000000111001101010100010110011
11100000000011111000010101010011
10010000000000000010111000000011
00000000110100000000111101010011
00000001111001000000110001010011
00000000101010111010001110110011
00000001011001001001011000110011
00000000101010011010110000110011
00001001101001111000110111010011
10101001010000000010011000100011
01000110100100000010011000100011
00110101010000000000101010010011
00000001011101100000000011010011
01000101100100000010010000100111
10100000111000010001000101010011
00000000101001000101000100110011
00000000110000011001000010110011
00000001110101001101111110110011
00000001110011011000001110110011
01111100010100000010111000100111
11100000000010101000101101010011
00000001101110001000110111010011
00110110100000000010111000000011
00000001001110010000111100110011
01100100010100000010111000100111
00111111010000000000100000010011
00000000111100100010100100110011
00010100010100000010011000100111
11100000000011011000100001010011
01101000001000000010100000100011
00000001110011101101000010110011
00000001111000110010101010110011
00000000111111100000100100110011
00000001101000100000111111010011
00000001000110101010111000110011
10000010110000000000111000010011
00000000110010010000111100110011
11100000000001000000100101010011
10100011000000000010110000100011
10100001100000000001111011010011
00100111001000000010111000100111
00000001010000000010000010000111
01000111100000000010111000000111
10100100010000000010111010000011
00000000110001110000110001010011
00000001100100011000101110110011
00000000001011111000001101010011
01000000010000010000000100110011
11010001100000000010000000100111
10110100011000000010010000100111
01100010100000000010000110000011
00000001001001001000100011010011
10100001000110101001011111010011
00001000001100001000011001010011
00000000011100010001001100110011
00000001100001100000001000110011
00000000011010011001001110110011
11111111010000000000001000010011
00000001110110100000111100110011
11010101000000000010000010000111
10100000101111010001011011010011
00000000000111110000101100110011
00001001010010000000001111010011
00001001001001011000001101010011
00000000100001101000000010110011
10100001001000000001101101010011
11100000000011100000001101010011
11111001000100000010100000100111
10001001010000000000100110010011
11110101010000000010011110000011
00000000010011000010110110110011
00011000000000000010111110000011
00111000000000000010100000000111
10100000100000101001000101010011
11100000000000000010010110000011
00000001000000001101101110110011
00001000100010101000011101010011
00000000111101110000010001010011
10001010000100000010100000100111
00000001010110111101001110110011
00000000011100011001100110110011
01000000110111000000101000110011
01111111100100000010011000100111
01000000110001000000101010110011
00001000111100000010100000100011
00000001011101000000101110110011
10011100101100000010001000100011
00000001110001110001101010110011
00001001101101010000101001010011
00000001100000001000011101010011
10001110000000000010000000100111
00000000001010111010100100110011
00000001110010101000111100110011
01001011010000000010001010000111
01000001111110010000110000110011
00000000111111110000110010110011
00110100100000000010110000100111
00111110001000000010010000100011
10011110110000000010000010000011
10111101100000000010110000000011
00000001111011010001111110110011
00000000001101011000111100110011
11100000000001110000001001010011
10100001010110010001101111010011
00000001000101000010111000110011
00000001000000101001011100110011
00000000101000100000100111010011
11111111100100000010000000100111
11100001100000000010000010000111
10100001001000000001110011010011
00000001000010101101110010110011
10100000111000101001100101010011
00000000100100110010001010110011
11100000000011001000101001010011
00000001000010110101001010110011
00010111110000000000110110010011
00000001010111111000110101010011
01000000011100010000111100110011
10000100000100000010101000100111
10000110010000000000101110010011
01001111011000000010111000100011
00000001001010001010110110110011
00101000111000000010011000100111
01011101100000000010111000100111
11110100001000000010111000100111
11001010101100000010110000100111
00000000000100001000111001010011
11001010010000000010000100000011
11100000000011011000001001010011
10010010110000000010100000000111
00000000100110011010111010110011
11100110000000000010101000100111
11110000011000000010010000100111
10101110100000000010000100000011
00000001111101100001011000110011
10100000110011110001011001010011
00001000111111100000011011010011
01100100000100000010001000100011
11100000000000100000101111010011
00000000011000011000000111010011
00000000011101010101111000110011
00001001101011100000101101010011
01011111001100000010001000100011
00001000100100011000111101010011
00000000001100000000001100110011
10000100000000000010010100000011
00001000111111000000110011010011
10110101110000000010110000000011
10101100110000000010110010000111
01000000110011011000000110110011
11101000110000000010110100000011
10100001011010010001111101010011
11100000000011001000011011010011
01000000110111101000010100110011
01000000111101001000110010110011
00000000110110000010100110110011
01000000000111001000101110110011
00010010000000000000101100010011
11001111110100000010000000100111
11100000000010000000000111010011
01011001010000000000010010010011
00010011010100000010111000100111
00000001010100100000001110110011
10001101100000000010010000000111
11100010011100000010001000100111
00000001011011011010111110110011
00001001110110101000001101010011
10011111110000000010110100000011
00000001111001000000000101010011
01000001100011010000011100110011
00010111100000000010001000100111
01100100110000000010111110000011
10011010000000000000001000010011
00000001110111011001000100110011
11101011100000000010001000000111
00000000101011011000100100110011
00000001110001000101001000110011
00000000101110010000101010110011
00000000100011001101011010110011
10100001011101100001101001010011
00100111110000000000010100010011
11101000100000000000001100010011
01000000000110001000110110110011
00000001101010111000110110110011
11111010001000000010111000100111
00000000000110101000111110110011
10110001100000000010100010000011
01000001010000000000000010110011
00001001011110000000100001010011
00000000010000100000010001010011
10100001101011111001110101010011
00000000010001101001000100110011
00000001011110101001110010110011
11100000000011101000101011010011
00000001010011010001110000110011
10110010100000000000111110010011
00000000001101000101000010110011
00000001011001010000100110110011
11101101100000000000000110010011
10000101101100000010100000100111
00000001100001000000100011010011
11100000000001000000100011010011
01111000100000000010010010000111
00001000000101110000101011010011
10100000000110110001100111010011
01000000010101100000110100110011
11001000001000000010100000100111
10001111100100000010111000100011
10100001000011010001100101010011
11100000000000101000101111010011
11101001101000000010001000100011
00000001111000010000100001010011
00000001001001101000110111010011
01010100011000000010101000100011
00000001010101110000100001010011
11011111000000000000001100010011
00000001111111000000101011010011
00110010110000000010101000100111
10100111001000000010110000100111
10100001110000111001010111010011
01101001000000000010011110000011
00001000001010101000100101010011
00000000110101111000101111010011
01010010110000000010010100000111
00000000100011101000111011010011
11100000000001111000001111010011
10001101000100000010100000100011
00110001100000000010000000100111
10100001010100110001110011010011
00000001110100011010000110110011
11100000000011010000001111010011
00001001011000011000010001010011
00000001110000100000101110110011
01000000111000100000101110110011
00000001011111011101000010110011
01100000010000000010110110000011
01000000010011111000100110110011
01101000010000000010010010000011
00000000111101001010000110110011
00000000010000101001000110110011
11001011110100000010100000100011
01000001100000000000110100110011
11100000000011110000101011010011
11101010110000000010011010000011
11101000011000000010011000100111
00000000000000010000011101010011
10100000000101000001111111010011
01000001111101011000101000110011
01000001101110000000000110110011
00000000010000110001010000110011
00011110000000000010010110000111
00001001110011100000100001010011
00000001011000101010000100110011
10100001100011000001101101010011
00000000011010110010010110110011
11100000000000011000010111010011
00100111010100000010100000100011
00101000100000000010100010000011
01010111100000000010100000100011
00000000101100001001011110110011
00000001111111010000101011010011
10100001100100101001000101010011
01000000111001001000000100110011
00000001100110000001001110110011
00000001110011000001100110110011
01101110000000000010111000100111
11011100010100000010010000100011
00010010001000000010101000100111
11100000000011111000100111010011
00001001010110111000010001010011
11100000000011111000110001010011
01100100011000000010110000100011
00000000000111001010110110110011
00000001110010011000010110110011
00000001110100100000011110110011
00000001000001100000000011010011
00001000001000010000011111010011
01100001111100000010100000100111
01011101110000000010011000100011
10101010100000000010100000100011
11111101001100000010001000100111
10101011000100000010101000100011
11100000000010011000010111010011
11011100100000000010000010000111
11100101100000000010111000000111
00000001101011000101000100110011
00000000111111111000100111010011
00000000110111101010110110110011
00001000100011001000100001010011
00000000101110100001010100110011
00000001111000110010011010110011
10001010100000000010111000100111
00001000111100110000110011010011
10100001110010001001110111010011
01000001001111101000111100110011
11100000000001000000001111010011
00000000100011001001101100110011
01100011000000000010001000000111
00000001101010110001000110110011
00000000110101000101010110110011
10000011000000000010000000100111
10100000011010011001001001010011
11011000100100000010001000100011
10100000101000011001000011010011
00000000110010110010101110110011
01000001001000000000011010110011
00101100110000000010100000100111
00001000110100101000100101010011
01000001101010101000011110110011
00110110000000000000101000010011
00000000011000010000000101010011
11100000000000100000001111010011
00001000010001110000000111010011
00000001110101111000001011010011
00100111100000000010001100000011
00001000111111001000011111010011
00000000110001010010100010110011
00011000100100000010000000100111
10100000000000000010110000000011
01001110110000000010001000000011
00000001100101000000000111010011
00000001001000000001100100110011
00001001100000011000101101010011
10100001011010001001011001010011
11100000000000101000000101010011
00000001001111101001100010110011
00000000010000000010100010110011
00001100010100000010010000100011
00000110000000000000101000010011
00000000001001011000100110110011
01001001100000000000001100010011
00000000011101011101000110110011
00001001000101011000110001010011
00000000100010111101111110110011
00001001110011010000100011010011
01100111110000000010111110000011
11100001110000000010010100000011
11100110100000000010010010000011
01000001011101111000001000110011
00000001000111010001011010110011
00001000000001100000101101010011
00011111100000000010011000100011
00000001110111110010011100110011
00001001011101101000001011010011
11011111110000000010101110000111
00001001000101011000100101010011
01000001111000010000100100110011
00000001011011011000110111010011
00000000011001000000010001010011
11101001110000000010100010000111
10100001010110000001000101010011
10100000010010010001111011010011
01000001001111001000111000110011
00000000010101100010101100110011
00000001101010001000000100110011
00000101000100000010111000100111
00000001100110111000111000110011
10100001101010110001110111010011
00000001000010101101100000110011
00000001110101001001110010110011
01000001111000100000000100110011
00000001000101111010110010110011
00001000000000000000110111010011
01000001110110110000010010110011
01000001111100101000010100110011
01011110110000000010010010000011
01000000110000110000100000110011
00000000001010110101000100110011
00101110000100000010010000100111
01000000000111110000010000110011
01000001010001100000001110110011
01001000010000000000000100010011
10010010111000000010011000100011
00000000101101001101011010110011
11100000000001010000100111010011
11100000000001001000001011010011
11100000000010011000000111010011
00000001100101110010001000110011
11001011100000000010001010000011
00000001001001100000110100110011
00000001001010001001101100110011
00000001010000001001011010110011
00000001101010000010110100110011
11100000000011011000011101010011
00000001110100101000011001010011
11100000000010101000101101010011
11010110110000000010000000100111
00000000010101100000111111010011
01001111100000000000100100010011
00000001010010011000111111010011
10100001110000011001000011010011
10100001001000110001001111010011
00000001101011010000101000110011
00000000111011001000000100110011
11100000000000001000010111010011
11011110000000000000101000010011
00000000101000001001000110110011
00000000010011001010001010110011
11111100110000000000111000010011
00000000011010100101101100110011
00110101011000000010011000100111
10101000010000000010110100000011
10100001100100010001101101010011
11110011110100000010000000100111
00000001111011000101011000110011
00000000101110001001100100110011
00000000110110010001110000110011
01101111000000000010001000100111
01011111010000000010011010000111
00000001001001001000111100110011
01000001110110101000011010110011
00000000110111101000001000110011
11000111010000000010011010000111
00101101010000000010010100000011
01010001111000000010001000100111
10100001110011111001100011010011
11111011000000000000101010010011
00000000101101010000000011010011
00000001010100010001110000110011
11100000000011011000101111010011
11100011011000000010010000100111
00000001001101001000111000110011
00000001001000100101100100110011
00000000101110010000001110110011
00000000011000001000011110110011
00000000111100000001100110110011
00000001000110110000001100110011
10100001111000100001100101010011
11100000000001111000101111010011
10100000000101000001110101010011
00001101110000000010111000100011
00000001010000101000111000110011
00000001001100110010111010110011
00000000011110000001000010110011
00001001011000010000011011010011
10100000111010111001010001010011
00000001001011101101001010110011
11010011110000000010011110000011
00001001101110111000111111010011
00000001101111101010110010110011
00000000000001000101011010110011
00000001000001100010000010110011
00000001100010101000110111010011
00000001010000010000001010110011
10010010100000000000010100010011
00000000001000101000110000110011
00000000010110110010110010110011
00000000011011100010101100110011
10011110000000000010101010000111
10111100000000000000110110010011
00110011111100000010101000100011
01100111100100000010101000100111
11001101101100000010111000100011
00000000110011110000001101010011
00000001100000010001001100110011
10001101010000000010110110000011
00001001100100110000011101010011
11011011000000000010100000100011
00000000001111000000110100110011
00000000100100101000001010110011
00000001010010101001110000110011
00110011010000000010110110000111
00001001110110111000100001010011
00000001100110010101101100110011
00001000010010110000010101010011
11000001010000000010110110000111
10100000111011111001110101010011
01000001011011001000010100110011
00000001001001001001011010110011
10110001110000000010001000100011
00100011011000000010100000100011
10000010110000000010100000100111
00000000110100111010000100110011
11000010110000000000111100010011
11000111110000000010011100000111
00000000101011100101110110110011
11101011110000000010111110000011
00000001010001010101111010110011
00000000100100001000001011010011
00110110110000000000101000010011
00001100110000000010001110000111
00000001000101000001100000110011
00000001101100000010101100110011
11100000000011011000101011010011
01000001101111110000111100110011
00000001000100000010111000100011
11101010010000000010001000000111
00000001011110001010010110110011
00000000001110000000011101010011
00000001110001101001011100110011
11001101000100000010101000100111
01000000100110011000011100110011
00000000001001100000111110110011
00000001100101110001101010110011
00001110111100000010100000100011
11100000000011101000101101010011
11100000000010111000011011010011
00001000000000000000010001010011
11100010110000000010000000100011
00111001010000000000111100010011
10100001101011000001101111010011
00000001101110110000000111010011
00011000110000000010100000100011
00001001101011110000010001010011
00100010110000000010101000000011
00000001110110010000101001010011
00000001001011001000111001010011
00011110000000000010111000100011
10010010100000000000101010010011
10110000110000000010100100000111
00000000011000010000100001010011
11100000000011101000100101010011
01011101010000000010001000100011
00000001100110001000010000110011
10001100010000000010010110000011
10100110000100000010110000100111
00000000011100011000100100110011
01000001101100011000111110110011
00000000101101000010000110110011
00000000000001100000000110110011
10100001111000011001111001010011
01000001011000110000110010110011
11100000000000111000110011010011
00000000110011110001100110110011
01000000010001111000101100110011
01000000010000000010100000000011
01100010100000000000110010010011
01000001111100010000111010110011
10111111110000000010011000100011
11100000000010100000001111010011
11000000001100000010101000100011
00000001101111011000111100110011
11101100010000000010110010000011
11100000000011111000110111010011
00000000111100100010111100110011
10101001100000000010001010000011
11100000000010110000101011010011
11000111110000000010100000100111
00001001101100111000001011010011
10100001100001111001111101010011
00000001101101101010010110110011
11100000000000010000000111010011
00001000010110010000101011010011
01000000101101100000001110110011
01000001111100011000011100110011
11000010011000000010101000100011
10100000010111110001001011010011
00000000111100011101110110110011
10001110000000000010011010000111
10100001100001010001001001010011
10100001011001101001100101010011
11011100010000000010100000100011
00000000001101000000110010110011
00000000001010011000111011010011
11101101000000000000001100010011
01001010011100000010110000100111
00010101000000000010000110000111
00000001101101100000101001010011
00000001011011101001101000110011
00000001100101111000100011010011
00000000010101101101110010110011
00000000101110111101011000110011
01000001101011001000001110110011
01110001000000000000111000010011
10101110000000000010010000100111
11011000010000000010110100000011
00000011110000000000101110010011
00000001011100011000010000110011
00000000011011000000000100110011
10011011110000000000111100010011
00011100010100000010011000100111
00000000111111011000101000110011
00000000011101100101101110110011
10000100100000000010001000000011
01000000011111000000000110110011
00000001001000011000100011010011
00000001000101000010101010110011
11101001110000000010001000100011
11110011000000000010111000000011
10100000100110101001111001010011
10100000011010101001001001010011
00000000111011000000011010110011
00000001111111100010000100110011
01000000110110011000000110110011
10111110110000000000000010010011
11100100000000000010000010000111
10100001000100100001010101010011
00000000101001001001010110110011
00000000100111011000010010110011
10000100100000000010010000000011
00111100010000000010110010000011
00000000011000000101100110110011
00001001010100101000001111010011
01110101110000000010001000000111
00100010110100000010000000100111
00000000000100101001011110110011
00000000001101101001010010110011
00000000011010000010011010110011
00000001110110001001101000110011
00000001100111111001011000110011
01000001110100101000000100110011
10100001010110010001000101010011
00001110111000000010110000100111
00000000001110000010010010110011
00000000101111001101111110110011
11110000100000000000001000010011
10010101100000000010100110000111
11001110000000000010000000100011
00000001101010101101111010110011
11110110111000000010110000100111
11111011001100000010111000100011
11011010000000000010010100000111
11101101000000000010110010000011
00000110010000000000011100010011
00000001001100000000001001010011
11111100011100000010011000100011
00000000000000100001010100110011
00000001101111110001111110110011
11100000000000111000010001010011
00000000101100001000100110110011
00000000101001001000111010110011
00000000010010011001111000110011
01000000000111100000001010110011
11011001010000000000111100010011
00000000110001111000000111010011
00000001011110100101000100110011
01111000110000000010110000000011
00000000111001111000010101010011
10100001111011001001001011010011
10101110100000000010000100000111
10100000000011100001101011010011
11100000000011000000001111010011
00001000011100001000010101010011
11100000000010100000101001010011
00000001001001100001010110110011
10100001010000000000101100010011
11100000000001001000001101010011
11100000000010101000010111010011
01011010000000000010100000100111
00000000111110000101111010110011
10100001111011000001110111010011
01000011010000000010100110000011
00001001011011000000111101010011
00000001000011101101000010110011
00000001100110011001111000110011
00000001001100110101001110110011
00000001000110000101001110110011
11111011011100000010101000100011
00100100100000000010001010000011
00000000011101110001111110110011
11100000000011011000111001010011
11100000000001011000100101010011
00000001101001010010100110110011
00000001010010011000111111010011
11101001110000000010000100000111
10100001100111111001000011010011
10100011110000000000100100010011
01000001101100100000001010110011
10100000110000110001000011010011
10011100000000000010111000100011
10100001011000101001010111010011
01000001111001001000110100110011
11100000000000100000110111010011
00000000011100000000101110110011
11100000000000110000011011010011
00001000111111111000110011010011
00000001111110110010011010110011
00010010000000000010111100000111
10111101011100000010010000100111
00000000011100110101100110110011
00000001001010010010001100110011
00000001100001001101010010110011
11100000000000111000111101010011
01100011110000000010110010000111
01000000111101110000101110110011
00000000001001100001010100110011
00001001101101011000101001010011
00000000011100100101111110110011
10000111100000000000100100010011
01100101000000000010100010000011
01000000000100011000100100110011
11001101100000000000011010010011
10000111111100000010001000100111
00000001110011100000110010110011
00000000010101101001010110110011
00000001110111100101011110110011
01000001101001011000110000110011
10100001101110111001100011010011
01010000000000000000110010010011
11110011010000000000110100010011
00000000000000101000110100110011
01000001000110111000101000110011
00001100110000000010011000000111
01000000000111100000100000110011
00001000011110101000001111010011
11100000000010101000111011010011
11100101110000000010110010000111
00000000110100011101011010110011
10100001111011001001010011010011
01110111101000000010001000100111
00001000111111110000000011010011
10100000110010001001110011010011
00000000000000101101001110110011
11100000000001110000110101010011
00000001000101101010010000110011
01000000010000000010101010000011
00000001010000101001001010110011
00000000110111101010000110110011
01010110011100000010100000100111
00001001111111010000111001010011
10111111010000000010111100000111
01100101100000000000010000010011
00000000101010001001001010110011
11010101010000000010111000000111
01110101100000000010110100000011
11100000000010001000111101010011
00000000100110011001101110110011
00011101110000000010001010000111
00000000001101000001011100110011
00000000010001101101100100110011
11001101000000000010001010000011
01110110000000000010101110000011
10100000110110100001101111010011
10000110110000000010110000100111
11011000000000000010000000100011
10110111001100000010010000100011
01010011100000000000101110010011
01000000100000000000101100010011
00000001110001011000111000110011
10100001110010101001110011010011
10100000100100110001001101010011
10101110110100000010011000100111
00001000010000010000100011010011
00000001001011100101100110110011
01101010101100000010101000100011
10100000000110000001101001010011
10100001011011001001010011010011
00111010010000000010001000000111
00000001001000111000100000110011
00000000100001001010100100110011
11000000100000000000010000010011
10100000001000010001000101010011
00000100110000000010000010000111
10110001110000000010001000100111
11111001010000000010001100000111
00000001000110010000100010110011
00000000110110001001110100110011
11001000000100000010100000100011
01001001100000000010010010000011
01000000011111011000010100110011
00000000000011110000101110110011
00000000100010111000001000110011
11100000000010100000011111010011
01110110010000000010110000100111
00000000011100001101111110110011
10100001110010000001000101010011
11000000110000000000001100010011
00000001110000100101001110110011
00001000101000010000101101010011
00001000110000000000111100010011
00000001010000101000011011010011
00000000100010011001111110110011
00000000001100100001010000110011
11000001111100000010001000100111
00000000111111001010101100110011
00001001011001001000100111010011
00000110010000000010110010000011
11100000000001110000010011010011
11111001111000000010001000100111
00000000100000000001111100110011
01000000000100101000111010110011
10100001100110011001001111010011
10000100010000000010110000000111
00000000100111101000010010110011
10111000011000000010010000100011
10100000010011000001110111010011
11111010010000000010110010000011
00000001010001011010111000110011
00000001110011011001100110110011
01110010100000000010011110000011
10100000110010110001110011010011
00000001010010010001101100110011
00000001010111011001010100110011
01000000100111111000001110110011
11100000000010001000101101010011
01000001111100111000100010110011
00000000111110000010011100110011
01000001000001100000111110110011
00000000001010000010010100110011
00001110000000000010101000000111
00000000000011010101110010110011
11001111000100000010111000100011
00100100100000000010110000100011
00001000001100011000001101010011
00000001001101101000001100110011
00000001000011111101010010110011
10010110000000000000011100010011
00101011010000000000111010010011
10100000110100101001001101010011
00000010001100000010101000100011
00000001100001001010101010110011
00000000011101010101110110110011
00000000111000011010001010110011
01000001111111011000110110110011
11011000100000000010110000000011
11000000100000000010001010000011
00000000111110001001111100110011
00000001000110111000000110110011
10100000111010110001101011010011
11111101010000000010101000000011
00111011010000000010011000100111
00000001110100010001001110110011
00000000000000111000111111010011
00000001010011111010010000110011
10110000110000000010000010000011
00000000111010101010010100110011
00010100001000000010100000100011
11000010000000000010111000000011
00000000101110011101111010110011
00000000011111010000110110110011
10100111001100000010000000100111
10001000100000000000000010010011
00001001000101100000010111010011
00000000000010111000001110110011
10010001100000000010100110000111
10001011000000000010001000100111
00001001010101010000001011010011
00000001100111000010000100110011
00101110010000000000100000010011
11101110000000000010100000100011
00000000111001110000100110110011
11100011001100000010100000100011
11100000000001011000011111010011
11100000000011110000010101010011
10100110110000000000100100010011
00000000100010101001111010110011
11001111100100000010010000100011
00000001001001001000110001010011
11101110000000000010101000100111
00000001101000010010100110110011
11110001101000000010100000100011
10011111101000000010100000100111
00000000100101011001111010110011
00000000110000110000111110110011
01000000000011010000001010110011
10100000100001011001011111010011
00000001010010010000100001010011
10011110010000000010010000100011
00000000101111000101110110110011
01000001111010000000011010110011
00000001010100010001000100110011
11100000000010010000010111010011
00000001111111000010000100110011
01000000011000000000100110110011
11101010111100000010110000100111
00000000101100101001100010110011
01100001100000000010001110000011
01111010010000000010000110000011
00001000010001111000100101010011
00000000000011101001110000110011
00001000100001011000111111010011
11100000000011011000011111010011
00000001100000111010010000110011
00000000111110000000110001010011
10100001110100111001000011010011
11001000100000000010100000100111
00000001101010111000011110110011
00001001100100111000011111010011
00000000010111101010000110110011
00000001111011110001011100110011
00000001000101001000010000110011
00000000011011000101110100110011
11111010111100000010011000100111
11100000000011000000010001010011
10110110100000000010101000000011
11001110000000000000101000010011
11110110000000000010101010000011
00000000111100111001011110110011
10100001000110101001010111010011
11010011000000000000011010010011
01110010100000000000001010010011
11111000100100000010010000100111
10010111000000000010111000000011
00000001111111000000000010110011
00000000110100100000111110110011
00001000101111111000010101010011
00000001001110101000111011010011
01000001111000100000101000110011
11100000000001011000100011010011
00000000000000000000000001110011
00000000000011010001000001001001
10010011000110111100111111011010
00000000011101110001110010101001
11000101001111001100001000011110
00000000010111010110100111001010
01011000010010000001001101110111
00000000010000000011100101011011
00011001011110111011010001011010
00000000010110110011010101100100
10000100011001111101101101110001
00000000010000111000001010110001
00001100000101010010010000010010
00000000000010110011011001111010
10110001110101010100000001000010
00000000000100100011100010011011
11110001000001000101000001100010
00000000000110100110010101010101
10011010010011011000011000001111
00000000000110000010110101011110
00101100011101000100001101111101
00000000001111110011101111001011
01110011100011100101101001101011
00000000011101010001001101011111
10010001011111110100000001000111
00000000000001000111011101001000
11111011111011000101011110101000
00000000011101101101111011001100
10111101001011010000110011000010
00000000010100111111110011010011
00110011011000110101011101000000
00000000011110111010101011001110
10010101101110110010100011111000
00000000000011111011100010000001
10101111010001010110000011000101
00000000001100111011010011000110
00101000001010100101001100110010
00000000000000101100111001010001
01000111110110111101111111000110
00000000001010100111011100100010
11001111010001100000000110111110
00000000001110010010111001011110
01110100110000101110011100001010
00000000011111010000110000110010
00111110000001001011010111010000
00000000011110000111001010010000
10000011100010101001000100100000
00000000001100101110110101010110
11000110010111000110011100100001
00000000010011000110011010001011
10010110101110000011000011000011
00000000001110000010001000111100
10110000111101010000001111010000
00000000001011101010101100000101
10000000001111011010100111011111
00000000011100111011000010111111
01001111111101101110110100110101
00000000010111001000101010111001
00000110010011000000111011000111
00000000001001000001000101110010
01011101011101110101111100111000
00000000010111000111100110000111
01101110011110111001101101011001
00000000000010111111111101011111
10000111001101000010001010101000
00000000001000001101001011010101
00101010001100101100000000010110
00000000010001000000000110100100
01000000100010000110000100111010
00000000010010001111001100110001
11011110010001100011001100010000
00000000011001011011110101001110
00011000011101011011010111101101
00000000001100011100010010000001
11110110110111011010111000110111
00000000010110010011011111010111
10000101011111100001010010100010
00000000001011000111101011011111
10010101000110111000000100101001
00000000000110000111011100010000
11101110010110000100010111101011
00000000000011110110000110110001
00000110000110111100001011010100
00000000001011111110101100001100
11011001011110110100101011011001
00000000001101001011000001101000
00110001101111100000110101011001
00000000010111110001010100111011
00001011101011110101000100000001
00000000000111010110101010101011
01100000010100100010000101011010
00000000010000000010100001101111
10001001111101011100111110111000
00000000011001101010100100111000
10010001100001011111100011101010
00000000011001101010000110001101
10001001110001111100000011100100
00000000000001111001101010110010
00101000100101011101010001110010
00000000000000001101010111111000
00010110000100000011110111110001
00000000010100101111000101000111
11101101100011111110010011100111
00000000010111111111001111001111
11110101011111010001101110111001
00000000001111101001011001000001
00000001110100111111010010110000
00000000010000001111111010110011
00100110110100111110000110000100
00000000010110101100000011010011
11110011111110000000111011011000
00000000001011001111100010001010
11010100100111000011010100101001
00000000010100000101000101110010
11101001110010011110000011110100
00000000000001000111101011001000
01001000001110111011111000101001
00000000010100001010010010111001
10000010011100100011110000011111
00000000000000010011110011010111
00000010010111110111011000101101
00000000000000110110000100110001
00001010101000100101001001001010
00000000001010010100010001110001
11111011110111111111100000011100
00000000000100100100011111111100
10010011001001001011011001001001
00000000001101100001001100001101
01011011101010000001110011011001
00000000010101100100001011101011
01000101001000000101000001101100
00000000000111101010010110101001
01010001101100000011010000011000
00000000010010011111111011100100
01111000110001100001110110111111
00000000011110010101100100100100
00111110010111011110101000000001
00000000010010000101100111111000
10001100001011110111111001001110
00000000010000010000010011001111
01001011111010010010111011100111
00000000001011111110010110011111
01000101011111011110111110100110
00000000010111010010111000000001
11100100111111000111001101000000
00000000010101001111001011101100
01110110100111110101010100101111
00000000011011100100001000101001
01000010001000000000100000101001
00000000011011111010010001110001
11001010010110100011010111110100
00000000010011001100010011101100
11011101111011000010001110011001
00000000000001000010101000111111
10100111011100010011101101001011
00000000001001010011010111111101
11010011010100110101001001100100
00000000011001110000110101001100
01001101010000000010111111010101
00000000001001000000100000010001
00010001010001111110011011111011
00000000010001000101010010011110
01011001011101011101100000111111
00000000001001000111001011000100
10000001000010011011001111100001
00000000001101011110000110100101
11010001011111100000101110100011
00000000001101000000101011000000
10111011000001111001110100011101
00000000010101110111100110000111
10100011001100110101001000000110
00000000000100010110111111100111
00001011010010011110111111101011
00000000010001011010100000100111
00111111101100000010110011101100
00000000001111000011111001000000
11101111001000100011111001100010
00000000010000010001111100111101
11111000000110001000110010101010
00000000011101001011000000111101
00001111001111011111111011111010
00000000001110111111100100011110
10011000010111101011110101011000
00000000011111010011010111011100
00001010110100110100000110101110
00000000011100111100001111101010
01010100001000110110110001011111
00000000011010011010011001010100
00111101011101111101000010110100
00000000011111111110111100101111
00100101001101000010111001001110
00000000011111010010101110010110
01100000101111101110110101000110
00000000011001111010110101100100
10101001110011110100111000010101
00000000011100011101001000111111
11110111011111111101100001000000
00000000011000010001000100001111
01100110101011010001110111100011
00000000010101101001111010100101
00000110110101001001110111101101
00000000000010010110101101011110
01100100000010011001111101100101
00000000001011000100110101011100
01000010000001100101110010001101
00000000001110011111100011100101
00100110011001110101101000101111
00000000010110110110111000000010
11001110100000100000100111000101
00000000001010001010011000110111
10000000101111100011011100111010
00000000011001001101010001000000
11110010011001010111000001011010
00000000001000001101011011101011
01101001110000100010001110000110
00000000010101111101010011011100
01000101001110011100010001100110
00000000001010001101000001011100
00101011111011100011001100100110
00000000001111000110100101011101
11101100100110100001101111010101
00000000000101011000101110001010
00001101111111111000111110110111
00000000010100110001010110000001
11001110011000110010111000000101
00000000000010001011010111000110
01110001101000111100010000100101
00000000011010011000011011110011
00110111001110001000010110010100
00000000000000010110101101100111
00101111100101010111100011110010
00000000010101001011101001111101
10100111011010011100011100100100
00000000000111010111111011011011
00101100110011011101000011000010
00000000000110011011000001000011
10110001100100110000100011011011
00000000001111000101110011000011
01011111000000100010001101110001
00000000000111100010110110000111
01101100011101011011100110000010
00000000000000110100011100010000
01011110100100100011011011000110
00000000011000111101111110001010
10000000111110000010000111010100
00000000000110001101010001111000
01100011100110111000010100100001
00000000010111100100001111000111
11001100001001101010011110000011
00000000010010011011111111111011
11110111010001100101101001010100
00000000011001110111101010010001
10100010001010100000100101111110
00000000000000011010111110011111
10011111101010011111110111100001
00000000001011111100110001100111
11000011100101000111011100010100
00000000011111011110001011111100
10110101010011010000101011011000
00000000011100110001101110101111
11001010111011111111001000010110
00000000010110101001101010001010
10001000001011010011100001001011
00000000011011110111100011101101
11111011110111010101001100101100
00000000011001101000000110111010
00000111110000100100011111000010
00000000011111101001010100100110
10100100100100011100010101111100
00000000000101100100011110000001
00100011111111100011000110000101
00000000011001011001111011011110
11110111100001011000101110001001
00000000010110101110001111010101
10010100101110001000001101001110
00000000010010001001000111100111
00110010110000101000101010110010
00000000000111110110001000101110
01011000011000101101100111001010
00000000010001010000110010001001
10010111111010110000010101110011
00000000000000111111011101100111
01011101111010000011000100111110
00000000001011000000110110000010
01010001111010001101011000100111
00000000000100000111011011101100
11101010011010011000011100101111
00000000010101010101100010010000
10011000101001100011010010010110
00000000001000010000001100001000
00110000000111100100001100100101
00000000000100111100000100100101
11001001000101001100010100001111
00000000001001111101011100101100
01100011101111110000110100000101
00000000000101100000101000110000
11001100111100000001101111100000
00000000011000010101011001100111
11011100010110011001001100100100
00000000000110110011101001111010
01101110001101110110100100001011
00000000011101011111011010100100
10001101001011101000111001111111
00000000011111101001010111001000
11001011001101001101000101010111
00000000011101111000001101100010
01001111110010010011010000100000
00000000001111001000000000010110
10000001111011101110101010101011
00000000011011111001101011100101
10000100101001010111001111100110
00000000001101001100111010000100
10001101001000100011001110000101
00000000001110110100111101101001
11100001001100010000001001100100
00000000011100111010010001001000
00101111101101000100101000100000
00000000000010110001110100001110
00101110011010000101011110010011
00000000000000000111101110100000
00010111111000011000010001110110
00000000010001110100000010111101
10000011010110010011010000110111
00000000000100000101100011010111
11101000000111101000001101110011
00000000000000100101011100111100
11001000100000111101001100101110
00000000011101000100110111101100
10100100011110010001110110111110
00000000000011011111101011011010
00110010001010111101010101000001
00000000001000101101001000111011
10011010000101000100101101111010
00000000000000000110011011101111
11100010001011110010001001100001
00000000000100110010000110001110
00110000010011100000011001001110
00000000011001111001111010111011
01000010011110101000101011101001
00000000011001001100000000011001
11001011110110111001111001100010
00000000010001011111001111100010
00101110000101100110100001001000
00000000010011000000001011010110
00110101011010111001001010000011
00000000011111101000011101011001
00101110110100011101000000100011
00000000000110100111011111001101
10000010001111011111101000000011
00000000010010100000011110011010
10100101000001110110000111001010
00000000000110000100100010100110
11100011001101100000010011111100
00000000001111101010101111101010
11010001100101001010010111110011
00000000011100010110101001000011
10011001101010010101010111011010
00000000000100101111100100110001
10111101111100111101101011001111
00000000011011110001010011100110
10110011011110011011011111011100
00000000010011011010001110000000
00011111011001000011010111111001
00000000000110001010101101001101
01100000100011000000111101001001
00000000000000111110000000000010
01010101001011010111111001000101
00000000000001010101100101000011
01010110011101000001001100101010
00000000000001001110100001010001
01101110101001110011100111110010
00000000011010010001101100000010
11110101001101010101111111110010
00000000010101111100100011011001
11011110000010110011101111001110
00000000010110111101010111111000
00011001101011101010001001001000
00000000000110100110111100001010
11101100111111000100010000101111
00000000001011101000001100110001
10001001111001010011010100110101
00000000001110110011000111101110
11111010110010011100100110001000
00000000011011111010100001011001
10110110011011111000100111011000
00000000010110111111001011100101
10100110101111111110010100001010
00000000010110001100011010110000
00111100010110011110111010001100
00000000011100101011101100110110
10010000100111001111101000101011
00000000011100111110111011110110
11000001011000010111000110000101
00000000010100100001111110111010
11001000101000011011100101010010
00000000000101001011101000001111
10101001000000111111000011111001
00000000001001000001100101001100
11101011111000100101011100000110
00000000001000010101000001100000
01101111100000111100001001111000
00000000001000010101101100011000
00101110001000101001011000000011
00000000001101111011010011000100
10000111111111111011101111110100
00000000010111100100011001110011
00010000010000010110100101100011
00000000000111000000011001100001
01000110100011100000110000000101
00000000011101010100010011101001
01101011101010111000010110001100
00000000001100111110011110110011
10100110100101110100001111110110
00000000011110111100111111100110
10101111111000111001010101110001
00000000011111100111011010000000
01000011011101010100111011001001
00000000011011100110010100111100
00100111100101010011100010101111
00000000001001001000101001000011
10000101110000011111011101001000
00000000010011001110010010001110
00010001000100010101010111010001
00000000010110011001010011110111
11011100000101100010011110111101
00000000011111001001101000001100
01100111111000110100000101101101
00000000011010110101010011110001
10001011000000010110010110010010
00000000011011000010000001110110
10101110010001101101001011000000
00000000011100101110101000110111
00000100110111000011001110100100
00000000001111101111010001010110
10110011010010101101110100100111
00000000000000111000001100000111
00111110001010011011011011000011
00000000011110010000111100101100
10111000001100110001000010000010
00000000011000110010111111000011
00101100101011101110110001101001
00000000011111110111001010010010
10110000111100110111001110110101
00000000011000001001110001000011
10100000000100100100000100101111
00000000010001010100100000111101
00101110111011010001100101000011
00000000010101100000100110010100
11110001100101111000110000110011
00000000010111100111001000010011
11000010010101011100011011001100
00000000011101010001101100011001
10110011110101001101001101011111
00000000010001000010110011110111
11010100011010110010010101110110
00000000011101011110001101011000
00101110111111000111101011101100
00000000010100001111010100001000
11001000101110111011100100100110
00000000000001110101111110000101
00000100000011000010110010111010
00000000000011010000000010110110
10011111000111100100110011111100
00000000001011110000110000001110
10010000100101000010101010100011
00000000010101110111000001110100
11101110101101110101000101110110
00000000001001000000100110100110
01111100100101000101100010100001
00000000001001101010100101011110
01001000000100010000100110110010
00000000011100100100110111010011
00101111010101110011011010010010
00000000010000010010011011010100
11010001101110111101111001101011
00000000011100001101001100110110
01001100111100100101100100110001
00000000011110000101111011010010
01100110010011100100100110000001
00000000011100000110100100110000
01100100101000101111000010110101
00000000010010000011100111100000
01101101100011100010010101010010
00000000010100101110000010011101
01100000001111111010111111100101
00000000001000100010001000000001
01111101010110110000011111011001
00000000010011000001110100111110
01111001101000011110111000111110
00000000010010000001111100111011
11001001111100100011001101001011
00000000010011110111100010011000
00101001101110001110011011011011
00000000010110100000001110011110
10110111110101000001010100000100
00000000011101010001000101110101
01000000011000101101010001000000
00000000001110101101101111110111
10101101111010110110000001110011
00000000010010101111010011110101
00000000000111110101111111101011
00000000011110100001001010101011
11010100100110101001011100011111
00000000000010101011010111111001
00100010110000110001110001111110
00000000011011101101001110011111
11111001001000010001011111111011
00000000011001011010101100110010
10000000011111111111100000111011
00000000011010110011010011101000
10110010110101100010010110111000
00000000011010101001011010111010
11011110010110011000000111100000
00000000000101100101001100111010
01101000011001110101110011011001
00000000001100001100100111011010
00001101000111111111001010100111
00000000011110111100010011110010
01000000011100110110010100001100
00000000000001110011011101011011
10100111000001011011011101010110
00000000001001011110000110101010
10100111100010101010011111000011
00000000010111011000101000111001
11001111010110111101010100101011
00000000001100001010110111010010
11111110000010111010111101000001
00000000001110000011000011110101
10011001000011011010111101010000
00000000001000111000101111001011
01110100101000001110111011111010
00000000011110110111001011000101
10111101011010010101000110101110
00000000011111010110101011010011
10100100010010101100001010100000
00000000000100110111100011101110
11010011010010011000010111010100
00000000001010100100001000001111
11111100011000100111110100011001
00000000001110001000001110010101
00010011011000000101001101010111
00000000010110000100110101110101
00110110011010111001101001001111
00000000001010010111000100000001
01001101110100101111011100111001
00000000010010011010101010010110
01110110100101110100001111101011
00000000000111001111100110110111
10011110101011111101110110001110
00000000001101010110110010100110
11101000010001111011000011000100
00000000011110111111000010010110
00101010001111101101010000100010
00000000010010010010101101110001
10101001000011110100100000010001
00000000011001001011101110111000
11110100101111011111001101111101
00000000001111001000110111100000
01011110100110011010100000101001
00000000010010001011001100100111
11101100011010111101001010010011
00000000000001001011001001111000
10001000110110100100111010000101
00000000000011011110111101111001
11000011011101110000011011101011
00000000011110000101011010100010
00100000100010000100100101101101
00000000010111011110011010001010
11001110011111010110000100000101
00000000000111011011001101101101
10101011110001110010110000111100
00000000001001000111001011000011
01110101000111110100011001011100
00000000001010100011001011101010
11000000101111011110100011001111
00000000000110100111000100001110
10000001101000000101011100100001
00000000000011100000101111100111
10101110010000101000110111010000
00000000011101111111101010010000
11111000110110011110010001000101
00000000000101101000111101101101
00011110100011101000001010111001
00000000010100111010010010111011
10100111000000111110100100110001
00000000010000100000111000000101
00101110000001111100100010100111
00000000010011000100101000100111
11101010010101001011111010011111
00000000000110010110001111110111
00010001101101000101101111111000
00000000000000011110100011011011
10011101100100010101011010110001
00000000000101110110110010011111
00011100011110100000101111011010
00000000001110100111010001011000
11010111101111100110000101000010
00000000000000010111010100010001
01101010111110011000000100000111
00000000000110000010010001000101
00110110111100000100111000100011
00000000010110011100110100111000
00100010001100101001001111011110
00000000000111110110011101010101
00110000011010011011110111000100
00000000001110001101111110011010
00001000011110011010001111010000
00000000001000110111001001110110
01100111000111110000110110001000
00000000011000100000000111111111
11010100101110111010101010101000
00000000001010111101111101011101
11001110101010110010001100011101
00000000011100011111111000011100
10101100110100110001101000000001
00000000011101110000010110000110
01000110110001110111010010011010
00000000011001000110100011010011
01011000010001001100100110110011
00000000001101000110101101111101
11100001111011101100100101010110
00000000000100011101010101011010
01010110001001101011111100000111
00000000011010001110101001101111
10011110010000001001011110100110
00000000001010011010010001110100
11011011111100111001011110110110
00000000001100111101101011011001
11010001010111010101100010001100
00000000000100001111001100000000
11111100100100101100100001001010
00000000000000010101010111100100
01010000011100011010101011010001
00000000000100001000111001100011
00011010100111010110110011111001
00000000011010000000000011100010
11101010001100100001000101100101
00000000010000111111111010101110
11000110001010110011010000110100
00000000010001010111010111110010
00100101101000000111001010111010
00000000001100001001100000110100
10011000110011100111100010110010
00000000000001101010110001011111
10111001010011111000101000000111
00000000001001011100110010001100
10000000010001010110001011100010
00000000001110001001110110000110
11010101000010011001011111000111
00000000001101101011000011100011
11011001111101111101010010001000
00000000011000000110110010011010
01000110101110010010001011000100
00000000011100001100100000001111
11101000101001110011111101011110
00000000001110001011100011111000
11010000101011010010111011100010
00000000001101101100101010111111
10101100010111010100101010100110
00000000011101101011000101010101
00111101001101111011001111111101
00000000010001110101011000011010
01001100110101011010100011001110
00000000000011100010110011011010
01100010011111011001111011100010
00000000010101000011111100011011
11001100010001110100001111101010
00000000001010001111000110110111
10111011101110001011001111100000
00000000001010110101000001010101
11100000001110001001111010010111
00000000010110100101001100111000
10010101100101110101111010111100
00000000000010111010010101110001
01110000101011001010001011100101
00000000000100101010111010001000
10000001111011100010111111110001
00000000000100000100110000011100
01100001100010100010001011100010
00000000000111111000011100011111
10001100110011111101100100000110
00000000011001111101110010100101
00011000100011110101111000110001
00000000000100010111100111110111
01010001010000111000001011011101
00000000001101000001100000010110
00110100000001111011110101101000
00000000011111001110110001101111
00011011101101000100101001101000
00000000000110110001001010100010
11001011111010111100011100000110
00000000001000000000101001011010
10011010010101100001010111110001
00000000010111101011010110111010
11111000001111011010101011101001
00000000011000011000010010011010
01110000011100110111110101111111
00000000010101110100100101110001
10100100011001111110110001000100
00000000000111110000101011110001
01110100110010011000101101011010
00000000010011001110010001010000
10101110111100000001010110011010
00000000010111100000101100001110
10101001001101001011100100100100
00000000000010111001111100101001
00000010101000100000110010101011
00000000011111011001000001010010
00011011001101011001110111111100
00000000010011001111011001001010
10101110000011100100100010110101
00000000000100000111111110000001
00011101101010001001011110001100
00000000000100100010010100101000
01000000000110000000110111001010
00000000011000001001110000111011
01111100110010100111001010001011
00000000010001001010001011011011
00101000100010010001101100011101
00000000000010110000011111000010
11111011101010011001001111101011
00000000010010001000100010100001
11101001111100111011011011100000
00000000000111010101100010011011
01111010111101101000100111010101
00000000000101011011010100111010
11011000000010110111011111101010
00000000010101111100110001010110
01111011010000100001110110100000
00000000010111011101100011011110
11001110010110011111000001100101
00000000010111001010001001010110
11010000110000010111001001100011
00000000000010010010000111110001
11010111100100100010011101010101
00000000011001100000111110000011
10111111100000010010111011101101
00000000000000110010111111001101
10001000110010100000110001100000
00000000011001001110101010100001
11110010101001000101100010111010
00000000010110101011110010111010
11001111101011100000100000100000
00000000011111000101011000001100
10010100101101010100000100000001
00000000010100100010000100101001
10101100011011100000001010110001
00000000010010111000000101001000
01000001000001100100101010011010
00000000000011001011011110001111
10001000100011101001111111100101
00000000010010110010000111000100
01000000100100110101111010001100
00000000001111110101101011001101
10101101011011011101110010001101
00000000011000000100111110000010
11100100110110110011011100001011
00000000000110100010001000111010
10011100110100010011110110111010
00000000001110011011101100000101
01101100010000000101000000000001
00000000010001010111001011000100
00100000010000000101010000011000
00000000011000111000011000101010
10000011110110010011000101001101
00000000010011000011001010111111
00100111010101110111001011101110
00000000001001001111110101100101
01100000101010101010011111110110
00000000010011100001111010100011
00001100100111110111001110101101
00000000010010000010010000101011
10010000110100000111010110011101
00000000000000111011100001100101
01010001111101000011000110110110
00000000000001010110010000011010
10100110100101010000010111100000
00000000000010100110111100101101
00010011011000010011001111011110
00000000010110110100001110011101
10111010111010011001011110101100
00000000010010111010010010011100
10110000010010110001011101001111
00000000011110001110010101101111
00001110101110011100100011101001
00000000010111011011010011011111
01001100101001010110100000110010
00000000011000001111111101111110
11100111101110101111001101110101
00000000000010001001110110010110
10010101010101111000001011010110
00000000000011011101100100101011
00111011011000100000110101010000
00000000011011000100100010011110
11010000000011110011001000101010
00000000001000111000101111101110
11010011111000010111001010110000
00000000000100011101010111100110
10010100111110110011010100101111
00000000011111001001001010010010
00110110001011111010010100111100
00000000001100100111001010001101
11001001100111110100010111110010
00000000001011011111100000000010
10011110101111100000000101000000
00000000001011100011100010010010
01001000011010100000000001110011
00000000010000000100110001011111
10000100101110110000010010110011
00000000011000000101010111101100
10010100111001011001101010101110
00000000001110001001011000010111
00010111100101010011100000000100
00000000001110100010100010101101
10111001000010111110111101101001
00000000011010010110010100010000
01100101010101001010101000010011
00000000010111010000000011011011
00000000010110000000111101111011
00000000000001111000001101011010
01111011010111010011111100000101
00000000010110101001101111000101
00011001100100110111010010000100
00000000011101010000100010111111
01010000011011110101110010100101
00000000000111111011100110100011
11111001110011000111100011011101
00000000001110100010100010010001
00111110101011000001010111100111
00000000000110101100001110101111
10100011010111101000000010001101
00000000010001100011101001111110
10011101111110001110000011111101
00000000001100010101001010101010
00011110001101001111010010010011
00000000010010101111010110010111
01101110111101001001101011001000
00000000001000000011111111111000
10001100010101101101101001001110
00000000000000111111000001110110
10101111100100100101010000011011
00000000001010011101111001000011
00000100101000110011011110100111
00000000000011000111001100101001
01000010110010111011110000001100
00000000000100100010001000011001
10111100010110011011111100001010
00000000011110001001001111110100
10011010000010110101000110110111
00000000000000000110101101011100
00000101000110011011011001000111
00000000001111111101011111110000
11001111001010000100010011011111
00000000000010010111001000110001
00011001000111011100110001001110
00000000011000010111101011010111
00000000001101101001000001001101
00000000010101110001000000001110
10011011001011110101010110101000
00000000001110010100000000110010
11010010011100101111000001011110
00000000011110011000010100011000
11000101010101000101010101100100
00000000010011001110011001111010
01010010101000010010011000000001
00000000010000010011110001011000
00011100100101011110101110111010
00000000011011100101001010000001
01011100010011011100100010011001
00000000010011100100111111101001
11110011011011000010100011111110
00000000011100001010100011100110
11111010101010011110000110011010
00000000011100110010011011011100
01001000111001111110010111010100
00000000001101110111100100101110
10011010101111011001000011010110
00000000000110000011011101111010
10111000101011100010110001001000
00000000001100000110000010111010
01101101010101110000111001101101
00000000010100000000100111001001
10000110100001011100100000011100
00000000010011001100101001111111
11101111111000010101111111101111
00000000001000111011111000001001
00000011001011011000000001010111
00000000010001010101101110101100
00000011001010011000110010011100
00000000010111101101001001011000
00111011010010001000100001110010
00000000001111111111111011101011
00101111111111100011000100001010
00000000011110111111111011001011
10011000001000110001100101010000
00000000011000111100110101001100
11110110101110111010000010110000
00000000000110011000100010100011
01001010011101000000111011111110
00000000011001110110101001001100
00101110010001001111000111101111
00000000000100010001111011000011
10011111010110100011010110101100
00000000011000111010000111011001
00010010011100011110001011000101
00000000001001000101010001111111
11001100000010111011001100000001
00000000011100110010001100000001
10011101001011111011100001011111
00000000000101000010100010010000
11000110110011101011101001100100
00000000000101000000011110110010
11110101011110110101110100000001
00000000001110000110110110010000
00101011000000100001101000000010
00000000010111011010000000001111
00100000000001010010011010000010
00000000001010100011100000001011
10011010000000110001100001011011
00000000000101110011111101110110
10100011011011100110010011000100
00000000011001011000001010001001
11011101101000000001100101100101
00000000001000001010011100000100
00011110001111011000001111010101
00000000000110011010101010111111
11111001001001000000001111110100
00000000011011011100010101111111
00111010101001010111010011101111
00000000011101011100010111010101
10011001010110101011110101111100
00000000010001010011110001011100
00011101000100110000010100000100
00000000000110110101000011111100
10011101010100101101111010011101
00000000010110001000000100011101
11000001000000111001111010011101
00000000011000101010011011000100
11100101001010101111001110011100
00000000011001010000110001101000
00011001100010011100010011011111
00000000010000011110100110011000
10110011101101111100111010010111
00000000010000101001010101011000
11001011111111011001010010101110
00000000011110101110001010000001
01110110001101100011010000110010
00000000010001110100000000010000
10000110111000100010010101000000
00000000000000000001110100111110
00111111000001111010101001111000
00000000000000001010011011010000
01111100110010101000011000001010
00000000001001000101100011111001
01111010111000011011111000100011
00000000010011111100001100101100
01000010011100010010100111001111
00000000001011000101001100110011
10000001000111101101000100110001
00000000010110001001010010111100
11000110000001011110100001000100
00000000011110010101101001000000
10111001000000011100100100100111
00000000000011111100110100110110
01100101011001110011110010010101
00000000000110100000101110101110
11111110101011001111101010011000
00000000011011001011110100011010
11111011110011100111111101000000
00000000010100000110110101110001
10001001010100010000110101010100
00000000010111011000001101110100
01011011010010111110110110001111
00000000010010100010011001001101
11101110000110011111100101000011
00000000010001000000110000110010
10011000101111001101110111001001
00000000010101110010111001010100
01010100000101000110000100101110
00000000011111110111000011011101
10101110001011101101011111111101
00000000010001011000010101011110
10110100110110111001011110100111
00000000000001110011011101100111
10110101010110010110000111100010
00000000010010010000110011000001
10111111100010000111101100101000
00000000001011010100001111000101
11100111010001010010000101110000
00000000001000000010001101011100
10110000001111100101011111111100
00000000011001010110101001110111
01001111011110011001101111101001
00000000000000001110100110101110
11101011100001011000100110101000
00000000001000111110011010010011
10010110100100010111011001010010
00000000011001111101010110101011
00100111110111101100011011110100
00000000001000010110110110110000
01011011110100111011110110001001
00000000000011000100001100001111
00010110101100110001111101000001
00000000010001000000000011010000
11101101010100101000111110000000
00000000000100001000000001100011
11110001101011010000100000010111
00000000011111111101101110110100
11110011000010010011111110100001
00000000011111011010010000001001
11110111000000110110011011011101
00000000010111110110101100000101
00100010000101011010010010111001
00000000010000111110010100101110
00111010100010000010100010111010
00000000000101011000101101101011
00000010101110011010110101010110
00000000001000100101101000000010
01000000101100111100100110110001
00000000000001100111101010101000
01101010011000000010011100001001
00000000011111100010101010010110
10100110110110101100000011100011
00000000011000011010100001000100
10000010100000111001111100010001
