01111111110000000000000000010011
01111111110000000000000000010011
01111111110000000000000000010011
00000001101000001000001010110011
11111100001100000010001000100111
11100000000010101000111001010011
01010010001000000010101000100011
00000000101011111101010000110011
00000001000001111000100000110011
10100000100100111001011011010011
11101110100000000010110010000111
11100000000000100000100111010011
00000000011110010000001100110011
11111101010000000010100110000011
11100000000010110000100001010011
00000000001010101000110111010011
00000000011110010101101110110011
11100100010000000010111100000111
01000101011100000010011000100011
11100000000010011000100111010011
11100000000010101000000101010011
00000001000001001101100010110011
00010110010000000000110110010011
00110011100000000000001000010011
01000000101100010000001000110011
00101111010000000010110110000011
00000001111111100010011010110011
00000000010000110010010010110011
01000000011001101000110110110011
00000000111000111001011100110011
01000001111110011000000010110011
00000000111010100010110110110011
00000000011001100001000110110011
00000000100111010000000111010011
01000001001000110000011010110011
00000000001100100001100000110011
00000001010111010000001111010011
01000000100111101000001010110011
10010000000000000010000100000011
11101101011100000010100000100011
00010101011100000010111000100111
11101111001000000010011000100111
11100000000011000000111001010011
10111100111000000010011000100011
00000000100011101101000100110011
00000000110110100101000100110011
00111110000000000010001000000011
00000000110101110010001100110011
00000000001110010001011010110011
00001000111001100000011011010011
11100000000001101000000111010011
00000001110010000001101000110011
01000001011101110000110100110011
01000011010000000000101110010011
00000001100101110101101100110011
11100000000000100000110011010011
10110110000100000010010000100111
00001000011111011000001111010011
11100000000010101000111011010011
00000001001011000010001010110011
00000000010001111101001100110011
10001100100000000010110110000011
01100110100000000010101100000111
00000000000001000000101001010011
10100001011101110001000101010011
00000001001001011101011000110011
00000000101111010001001010110011
00000000100111001010101110110011
10001010000100000010111000100111
00001001010001100000111111010011
01010001011000000010000000100111
10011010010000000010011110000011
01000000111000011000110100110011
10001100110000000010111000100111
11010100000100000010100000100111
01011110100000000010010010000111
01000001100100100000001000110011
11101000100000000000010000010011
00000000111011000001011100110011
11100000000001101000000011010011
01000001011100001000111010110011
00101101000000000010011000100111
00000001110000101001110100110011
00000001001111110010010000110011
11100100101100000010110000100011
11100000000011110000001101010011
00000000010110111101001110110011
00000000001111100101001110110011
10100000110111100001010111010011
01000000001000111000101010110011
01000001000011110000011000110011
00001000100011110000011011010011
00000000001100001010010100110011
00000001100001101000110111010011
01000001110000011000110000110011
00000000010000101101010000110011
11100000000000111000001101010011
00000001101000011101110000110011
00001000100000000000111010010011
11100000000000111000100001010011
00000000011000010010101110110011
00001111110000000010111100000111
00000001011010010000101111010011
01101100110000000010011010000011
11100000000010100000001001010011
00000000111100111001111010110011
00001001100010111000011001010011
10100100100000000010110010000111
10100000001110011001010001010011
00000000111000011000011100110011
01000000111011100000011110110011
01010010010000000010001110000111
11011001100100000010010000100011
10100001000001111001010101010011
00110010010100000010001000100011
00000001111111011000010010110011
10100000010000111001010011010011
00000001110011010001110110110011
00000000010000101001110000110011
00000000101100101000010110110011
10000111110000000010010000100111
11100000000011000000110011010011
11010010110000000010001000100111
00000001000101100010011000110011
11010010100000000010100100000111
01111111101100000010010000100111
00000000001001101000110111010011
00000000001101100001011100110011
00000001101111010001000010110011
00000001000010011010100000110011
00000000001111011101110010110011
00000000101011011000100011010011
00000001111000001000001001010011
00001000010110100000010001010011
00001001111011101000110001010011
00000001110011111000100000110011
00111100110000000000011110010011
00000001011110000010110110110011
00000000000011100101110000110011
01000001111001110000010010110011
01011011000000000000001000010011
00000001001001001000001110110011
00001000100001110000101111010011
11101110110000000000110000010011
00001001101001101000010101010011
10111000111100000010111000100011
01001001100000000000100010010011
11100101110000000010000010000111
11100000000000001000010001010011
00000001011110011000100111010011
01000001001000000010011000100011
00001001111011110000100111010011
11001001011100000010101000100111
01110000010000000010101000000111
00000001011100001000101001010011
00000001100100010000101110110011
11100000000011101000101001010011
00000000101110101000111011010011
10100000101011010001111001010011
10100001000100100001010111010011
00000001110000000000101110110011
00000000111010011101111110110011
01100110000000000010010110000011
11100110100000000010011000100111
00000001111001110000000101010011
10100000001000000010100000100011
11010011000000000000110000010011
00001000011000000000010001010011
11100000000011110000100011010011
00000000011000011001010000110011
00001000010001001000110001010011
01100100001100000010101000100111
00000111011000000010110000100011
01101011100000000000000010010011
00001001100011100000110001010011
00000000000101010001011100110011
00110111010000000000011100010011
01101100111000000010110000100011
00000000110111001010101010110011
00000000111101010010001000110011
11011000110000000010000010000011
01011111100000000000011010010011
00000001010001011001001010110011
10001111110000000010000110000111
01000001101010111000101100110011
10100000000100101001000101010011
01000000110101011000101100110011
00000000000010110010100100110011
01000001000011101000100110110011
00000001011100010001011110110011
01001000100000000010010000100111
00000000110001111101100110110011
10100001110000101001110001010011
00000001111001110000111000110011
00001000010111111000100101010011
00111100110000000010011000100111
00000001001101100001000110110011
01000001010100000000111110110011
00000000110110000000110000110011
00001000110111111000101111010011
00001000000110001000101011010011
10110011010000000010111110000111
00001001101100110000010111010011
00000001000101010000100110110011
10010011100000000000100100010011
00000001010011100000010110110011
11100000000000101000111001010011
10100000000101000001101001010011
01100100110000000010001010000111
10011100101000000010111000100111
10011101100000000010001000100011
01001000011100000010100000100111
10100111000000000000001100010011
00100011100000000000110100010011
00001000010000100000111111010011
00000000000010010010111010110011
01011010010000000010111000100011
01100110100000000000111110010011
01101110010000000010011000100011
00000001100011110001001010110011
01000001111101110000000110110011
10100000101000011001011001010011
00000001010010110101100110110011
00000000010011110010001100110011
00001000001000100000001011010011
00000000110010011000110101010011
00000001110110110000110101010011
00000000110000101101111000110011
01000000101001011000101000110011
10110001010000000000100110010011
00000000000000000010011110000111
00000001001110010101000010110011
10100000111100000001111111010011
10110110000000000010001000000011
01000001101111010000010100110011
00000000011001001101111000110011
00000000110010110010101000110011
11100000000010110000010001010011
10000010101100000010100000100111
11010111100100000010011000100111
01000000111101010000010000110011
01001000000000000010011000100011
11000111010000000010100100000111
01000000100101110000001010110011
01000000011110000000110110110011
10100000111100100001011001010011
11100000000011111000010101010011
00000000101000100000101001010011
11100000000010110000000111010011
00000000110110111000011000110011
10100000110101001001100001010011
01000000010111011000001010110011
11010001110000000010100000100011
11100000000000101000010111010011
00000001100011100010101010110011
00001000101110010000101111010011
00000000110011010000100010110011
10101100101000000010000000100111
00011011010100000010100000100111
00011011000000000010000110000111
00001001010101000000010001010011
00000000101110111000111010110011
10100001101001110001011101010011
01011100010000000000011110010011
00000000001010100000011010110011
00000001111000000000011101010011
00001001110000000000100010010011
10100001110001111001100111010011
00000000111101011000000110110011
00101101010000000010001010000011
00001001001111010000100001010011
10100000011010110001101101010011
01000000100111010000010100110011
00000001101100000010010000100011
11100000000011100000100011010011
00000001010111011000001000110011
00000000110001011000100011010011
01011001010000000000011100010011
10101001100000000010000110000111
01000111010000000010101100000111
01001001011100000010011000100111
00000000110001001101010000110011
00000000101101110010001100110011
00000000111000010101101100110011
00000001010110111101110100110011
10100001011001111001101101010011
00101101010100000010100000100011
00000000001111000000001100110011
00000001011010101101000100110011
00000001110001010000100010110011
01000001110100000000101000110011
00001000110111111000101111010011
01000000001101001000110110110011
00001001101100110000010011010011
10001011000000000010110110000111
00000001101011001000011000110011
01000000100100110000111110110011
11111111110000000010100000100111
00000001000011001010110100110011
10000111000000000000011110010011
10110100100100000010000000100111
10100000001001001001010101010011
10100001010001101001100001010011
10100000011001010001010001010011
00111101100000000010000000100111
01000001111011001000001100110011
00000001010110010101000100110011
11000011000000000010111010000111
00001000100001000000011001010011
01011000000100000010111000100111
00100110111100000010100000100011
00000001010010111000011011010011
11001011110000000010100010000111
00000001110110100101010100110011
00000001101110001000011011010011
01100000110000000010111100000111
11100000000010101000100011010011
00000001001100101101001100110011
00000101000000000010001000100111
01000001001010101000011000110011
00000001110001010010010100110011
00011011000000000010011010000011
00000000010110110000111011010011
00000001111000110000000101010011
00000000011101101000011101010011
00000001011000000010001000100011
10101111110000000010111110000111
01000000100111101000011010110011
00001000110110111000110111010011
01011100110000000010001010000111
00001001100001100000101111010011
11011000010000000000110110010011
11001110000100000010101000100011
10001110000000000010001010000011
00011101110000000010011000100011
10101001000100000010011000100011
11100010010000000000011100010011
00001000111010010000001101010011
00000001111010001010111100110011
00000000010100000001010110110011
00000001101010110010000110110011
00000001100011100101110010110011
00000001011010011010011100110011
11100000000011110000100111010011
00000000101111010000111000110011
00000001000011101000011001010011
00000001010010010101111010110011
01011111000100000010011000100111
11100000000000110000111001010011
11101100111000000010010000100011
11111110100000000000101100010011
01000011000000000010100000100011
00000000001000110001100100110011
00000001011101101000111100110011
00000000101010101101110010110011
10100001101001011001111011010011
10100001100100101001000111010011
10100011100100000010001000100111
01000000000000000000010110110011
01000000001110101000010010110011
01011000111000000010011000100011
01101001010000000010111000100011
00000000110011010010001000110011
00001000001100101000111101010011
10111001001000000010110000100011
11111011100100000010111000100111
10100001101101011001101001010011
00000000111101010101111110110011
11100000000010100000101111010011
00000000011011111101011010110011
00000001110111010000111010110011
00000000001000100101000100110011
10010001111000000010100000100011
00000001001100000001000010110011
00000001110010111000010100110011
00001000001010011000100011010011
00000001001010100000010000110011
01110101100000000000111110010011
11011001010000000010110000000111
01100110010000000010110110000011
00000111000000000010111000100111
00010001001100000010101000100111
00000001000110000000111111010011
00000001100110110001100010110011
01000001000001011000001100110011
01101010000100000010111000100011
01000000000001010000000100110011
10001001010000000010110000100111
11000010010100000010011000100111
01000001101010101000001000110011
11100000000011101000110101010011
00000001110001111101110100110011
10001110100100000010101000100011
00111111110000000010101100000011
10100000000000000010110000100011
00001000110000000010110000100011
01101010101000000010101000100011
00000001000101010001010000110011
10100001000010101001001101010011
01100001111000000010111000100111
11101111100000000010110110000111
01000111100100000010100000100011
00000000100000000010101100000111
00001001001000000000000101010011
10011010000000000010010110000111
01010100110000000010100110000111
11100000000001110000001111010011
00000001010011111101001000110011
10100001001011001001110101010011
10011010000000000010110100000111
00000000000010100000010110110011
00000000101111111000101101010011
11100000000010011000111001010011
10101111010000000010011000000011
11110001110000000000100100010011
00000000001111000101111000110011
10100000010000000010100000000011
00000000100101000000110010110011
00000001111001110000111001010011
00001001010000000000011010010011
00001001111100001000010011010011
00110000110000000010111000000111
10100001100000011001100001010011
00000000101000110101101010110011
00000000101111001000011100110011
01100010100000000010000100000111
00010001010000000010001010000011
11000101010000000010100110000111
00000000100001101001111000110011
11100000000010010000011011010011
10101100010000000010110000000011
00000001000011100101110000110011
11100110010000000010011000100011
01000000001101111000110010110011
00000001000000101001011100110011
00000001101011010000011111010011
10011010110000000010000010000111
00000001110011101001011000110011
01000000100110100000100100110011
00000000001001110010110000110011
00000001111010110000011110110011
10111000100000000010100010000011
11011101110000000010100000000111
00001001110000000000011111010011
01100111010000000010110010000011
01101011100000000010000010000011
00000000010001100000100110110011
00000000111100111000001000110011
00000001001000010000100111010011
00000001100101101010010100110011
00000001001001110001101010110011
00000000011100000101010010110011
10111001000000000000100010010011
00001001000110001000100001010011
11010110000000000010010110000111
00000001010101001000110100110011
00001100010000000010001010000011
10110001010000000010011000000011
00000001101101111000100111010011
10010110000000000010110000100011
00000001010100100001010000110011
00010010000100000010111000100111
11100000000001011000111001010011
10100000101010001001111011010011
10101011001100000010100000100011
00101000101100000010100000100011
01011110110000000010101110000111
01000001101101001000001010110011
00000001101000001000001011010011
11011100100000000010000100000111
10110011110000000010101000000111
01011010110000000000010100010011
00000000001011110000100110110011
00000000001000010000011100110011
00000001010011000010001100110011
10100001100010101001100001010011
01000000001111101000010100110011
00001001100100101000001111010011
00000000011010000010000100110011
00000001010010100101000100110011
00000000000110001001110100110011
01000001010000011000100100110011
00110110100000000000101110010011
10100000011100010001101011010011
00001001011110010000001001010011
01000000000101110000111000110011
00001000101101001000100001010011
10010100100000000000000100010011
00000000001011001001111010110011
01110111100000000000110110010011
01000100010000000010010010000011
00001001100111110000010101010011
00101101110100000010100000100111
00000001110001001000110110110011
10100001001011001001010001010011
00000000111001110000010101010011
10011101101100000010011000100011
00000001110101011000100001010011
00000000100001010010101110110011
10010100110000000000010010010011
00000001010011100000111011010011
00000000100010111000101010110011
11100000000010111000101101010011
11110000000100000010010000100011
00000000001011000000101010110011
11100000000000001000010001010011
00000000100111011000011100110011
00000000111000001001100000110011
00001001100000011000101011010011
11111101000000000000100010010011
11100011000000000000010100010011
01010000111100000010100000100111
01000000000010101000111110110011
00000000100100011010011100110011
00000000010100000101001010110011
11111100010000000010001000000111
10000010111000000010110000100111
00110010010100000010101000100111
10100001100011110001010001010011
11100000000001001000100101010011
00101010000000000000111000010011
10100001111101000001111001010011
00000001111011010000110100110011
00000001110001011001100010110011
11100000000001110000111101010011
00000001100111010000010001010011
00000001101110111000110010110011
00000001001111000010110100110011
00000000101011101001000010110011
00000000010101101000001010110011
00000000010110010010000010110011
01000010110000000010001100000011
11100000000000110000111011010011
01000000111100101000110010110011
00000001100011010000100101010011
10100001000100111001100011010011
01110110110000000010011010000111
00010011110000000010101000000111
00000101110000000010111110000111
11110001111100000010010000100111
00000001011001100000100100110011
11001111010000000010110110000111
00000001011101010000010101010011
00000001001110011001010000110011
01110010000000000010101010000011
11100000000010010000111011010011
01101100010000000000011100010011
00000001111010101101011110110011
11010011000000000010011100000011
00001000111100001000111001010011
10101111110100000010110000100111
00000001100101100001101000110011
00000000000011111101000100110011
01000001101011011000110010110011
11111000100000000000011010010011
11110101101000000010111000100011
00000001111000100010101110110011
00001000001000000010011000100111
00001000111010111000010001010011
00101001110000000010101000100111
00000000010010010000110010110011
10011001010000000010011110000011
01010101110100000010101000100011
00000000011010100001110010110011
00000001011110000101111100110011
00101101100000000000100100010011
00000001001101111000101000110011
00000000100010011001111000110011
00001001110001110000011111010011
00000001101001000000011101010011
01110101000000000010101010000111
11111001110000000010110110000111
00101001111000000010100000100111
11100000000011011000001111010011
00000001111001111000000101010011
10101110000000000010111100000011
11100101011100000010001000100011
11100000000010001000011011010011
11100000000000010000101011010011
00000001000110011101110110110011
00000001101110001000100000110011
00000001001001011000111001010011
00000001100010010101010110110011
00000001111011111101011110110011
11110000000000000010110100000011
01011101100100000010111000100011
00000001110010111000100000110011
00000000011010110101100000110011
10100001000000000001000111010011
00001000101100101000110011010011
00000000001000011001110000110011
00110111000000000000101110010011
10100000000101100001100111010011
11100000000001001000100111010011
00001001101100101000001111010011
00010111001000000010110000100011
11100000000010001000010101010011
00000001101100010000110000110011
00001100010000000010011000000111
00000001000101110000100110110011
11100000000001010000011001010011
10100001001101000001010101010011
11110001110000000010011110000111
00000000001110111010100100110011
10011101000000000010010000100111
00000000010000101000110111010011
00000010110000000010011010000111
10100000100001100001100001010011
11001101110000000010000000100111
00000000101011100001111100110011
00001001111110011000001011010011
11100000000011011000001111010011
00000001010110001101000110110011
10111001010000000000000110010011
00001000111010000000001011010011
00000001101110000000101000110011
01111001110000000000010100010011
00000001011100110101000110110011
00001001010001110000101001010011
00000000010000001010111000110011
11001001000000000000111000010011
11100000000010110000001011010011
01111110011100000010101000100111
00000000111100001000111100110011
10000110100100000010110000100111
00010011100000000010100010000011
00000001111111111001111010110011
00000001110101011010111000110011
00000000000010000001000100110011
01000000100100100000001010110011
00000001001010110101011110110011
00001100001000000010011000100011
10001111100000000000100010010011
11110001000000000010100000100011
10001001010000000010001110000111
01010101111000000010101000100011
10011010100000000010001000000111
00000001111101001000110010110011
00000000001110100000101100110011
00000010111100000010011000100011
00101111100000000010000110000011
00010101110000000010010100000011
00000001110101011000000101010011
11100000000001111000110011010011
00000001001111000010111100110011
10000110011100000010000000100011
11100000000000011000010101010011
00001000010010000000111111010011
00000001111110101000001100110011
11010110010000000010010010000111
10100000001101100001000111010011
10111001100000000000111000010011
11100000000010000000001111010011
00011011100000000010100110000011
11100000000010000000101111010011
01000100100000000010101010000011
11100000000011111000010111010011
00000001101100101001011110110011
00000001000111010000101011010011
00000001111101101000010001010011
00000001100001111001110010110011
11100000000010110000100001010011
01000001001111111000101100110011
00000001111101011000000010110011
00000000001101000001110010110011
10100001010001111001011111010011
10100001001001111001000011010011
00000000001111010001101010110011
10100010000000000010100110000111
00111011110000000010110010000111
10100001010100000001000011010011
01000001101010100000110110110011
00001001000111110000001011010011
10000111001100000010001000100011
00000000010101011000101000110011
00000001100001100000110010110011
01000000010001110000010010110011
11100000000011110000101011010011
00000000000100100000000100110011
00000000011111101101101010110011
00000001001110111010010010110011
00000001000010101001010110110011
00000000011110101001100110110011
00000001010100101101110010110011
00111010101100000010110000100111
00000000111011110000101110110011
00000001001100111001001100110011
00000000111100010001110010110011
10100001101111001001000101010011
01101001001100000010110000100011
10111010100000000000000100010011
11100000000000111000110111010011
00001001101000001000101001010011
00001000001111001000111111010011
10100001010010001001011001010011
01110000000000000000010010010011
00000000000010011010001100110011
01000000000011100000000110110011
00000000110101100001111110110011
11100000000011001000110011010011
10100001010110110001111101010011
00001000101000101000101111010011
01000001000101100000001000110011
00000001001011011101101010110011
11001010010000000010011100000011
01010000010000000000011010010011
10110111011100000010011000100111
00101001111100000010110000100011
11100000000000011000101111010011
10100000101111000001100011010011
00000000110000010101011000110011
00000000000100000010111110110011
00000000011000011001000110110011
11100000000011000000011011010011
10101101100000000010101110000111
01000001011000010000110110110011
01000000000011001000110100110011
01100101010000000010010000000011
00000001000010101010010010110011
00000000110010111001011010110011
00000001001111100001100110110011
00000000001011010000110111010011
00000110010000000010101000000011
00000000000101110101001010110011
00100111101100000010010000100011
00010010000000000000101010010011
10101010100100000010100000100111
00000001110101100000001001010011
00000000001000111010111010110011
00000000100011000001000110110011
10100000101111110001101101010011
01000000100011100000110010110011
00000000100000000000011110010011
01001011111000000010111000100111
00111000101100000010011000100011
00001001101111100000111111010011
00000000001001100010100100110011
11100010100100000010110000100111
10100000100011111001111011010011
01100010110000000010000100000011
01110111000100000010100000100011
00000001000110011000111000110011
10101010000000000010101000100011
10110011000000000010110100000111
10100001110101001001011111010011
00000001100111011000010001010011
00000001111011000101001110110011
00000000101011001000000111010011
10100001100111001001011001010011
01000000001111000000011000110011
10011101100000000010101110000111
01001001000000000000000010010011
11100100000000000010000000100011
00001001110001001000110001010011
01000001100111010000010110110011
11100000000011111000000111010011
11100000000000000000101011010011
11100000000011101000001101010011
00000000111110010000110001010011
00001000010111101000011011010011
10100001010011111001111101010011
00000001000110000001001110110011
00000000011111110010110000110011
00001001100010011000111101010011
00000000100000100101111010110011
00001000010100101000011011010011
00000000010000000000101010110011
10100000000001110001001011010011
11010001011000000010011000100011
10100001010011010001011001010011
00000001010000110010010110110011
00000001010110110101010100110011
01000000001010100000101100110011
00000001000110010000010001010011
00000000000001100000011111010011
00011101000000000010010010000111
00000001000011001000111000110011
00000000101000101000010101010011
00000000101010000000111001010011
10100001000011111001011111010011
11100000000011001000101011010011
00000001110101001001101110110011
00000000000101101101011110110011
00110001111000000010101000100011
11011100100000000010101110000011
00000001110000100001010010110011
10010000011100000010011000100111
10100001001001101001100101010011
10100001000110000001011001010011
11100000000000010000010111010011
11100000000011001000010011010011
00000000000011110010100000110011
00000000100011010000000011010011
10100001000010111001111101010011
11010111100100000010011000100011
01110111010000000010010000000011
10100000001110011001011011010011
00000001101011001101101110110011
00000000010110011001100010110011
10110101010000000010110010000011
00000000111010000000111001010011
00000000111111110000100100110011
00000001101110010001000110110011
01110001100000000010101000100011
00000000100111111000011010110011
00000000001101001000010111010011
00000000001100000000101100110011
00000001110001111101000100110011
00000000110011100000000100110011
11100000000010000000111101010011
01000001011000000000111010110011
10001111100100000010111000100011
10100000110010010001100111010011
00100110000000000010111010000011
01101011001000000010011000100111
00101010000100000010101000100111
11100111000100000010000000100011
00000000110011111001011100110011
01000000000010111000100000110011
10100001101100000001010111010011
00000000110110010101100000110011
00000001011101100000011010110011
00000000011101100000001101010011
00000001101000010000110010110011
11100000000001101000000111010011
10001111100000000000001000010011
00000001111110110000001101010011
11011110100000000010000010000011
11111110010000000000110100010011
00000000101011111001010010110011
10100000001110111001010011010011
01000001000101101000111100110011
00000000000111101001111010110011
10011110100000000010000000100111
00000000010101000000011011010011
01000001000100101000010110110011
11000000100000000000101100010011
01000001010100111000101000110011
00000000101001100000100101010011
00000001011000011001110100110011
11100000000010100000010101010011
00000001100100111010110100110011
00000001001111111101010110110011
00000001101011000010001110110011
11110100100000000000101000010011
00000001011000110001011100110011
00001001110110111000110111010011
10001100001000000010111000100111
00000001100001011010110000110011
01011011001100000010110000100111
11100000000000001000011011010011
00000001101111001000100110110011
11010011010000000010110110000011
10111000110000000010000000100011
01001101010000000010100000100011
10010100111100000010010000100011
00001001001001101000010011010011
11100000000001000000111001010011
00000000110101110000101001010011
00110110110000000010110110000011
11100000000000001000111111010011
10100000000001100001100111010011
11101111111000000010101000100111
11001111000000000010110100000111
01000010010000000010001010000111
00000001110000111101011110110011
00001000111011101000011001010011
00000001110011010010001010110011
00000001111110110000100001010011
10100111011000000010011000100111
00000000011000011000000010110011
00000001110011110010000110110011
00000000010011100101001010110011
11100000000001111000111001010011
00000000100111000010111100110011
00111000010000000010010110000111
00001001110001011000101011010011
01000000111010011000000100110011
00000001010101010101000110110011
00001001110010110000110011010011
10100001101101110001011001010011
10110011110100000010000000100011
01011010001000000010111000100111
00110001101000000010100000100111
01100100100000000010110000100011
11100000000001000000110101010011
10100001110000100001100011010011
10011000010000000010001000100111
00000000101110001010100100110011
10100001001011101001110001010011
10100001101011111001111011010011
11111010000000000010010010000011
00000010000100000010000000100011
00001001000001100000011101010011
11100000000001110000010001010011
00000000100101001000000010110011
00001011101100000010011000100111
00000001010110100000010010110011
00000001110000100101101010110011
00000000111001000000011000110011
00000001000101100010100000110011
00100100010000000000010110010011
01000001100000010000001000110011
00000000111101010000100000110011
01000000000100110000101100110011
10101111110000000010111000100111
10100001000000001001111111010011
01000000000000100000011000110011
00000000000110110000010000110011
01000001111100110000011100110011
10100000000000000010110000100111
00000000010100000010011100110011
10110011010000000010011000100011
00110101010100000010011000100011
11010101000000000010110000000011
01000001010101100000100100110011
11001000010000000000001010010011
01011011010000000010111000000011
00000001001110010000100100110011
00000001101000010010010110110011
00000000100101110101000010110011
01100011010100000010001000100111
11110000010100000010001000100111
01111110010000000010111010000111
00010001011100000010011000100111
01011110100000000010001100000011
11100000000011000000100111010011
11100000000001101000011101010011
10100001101111011001110011010011
00000001101001011000000110110011
00000001110111101001110100110011
00000000100110010000001000110011
00000001111010011000010001010011
00000001001000001101010010110011
00000001100011111000110110110011
10111100000000000010101000100111
00001001001000010000011101010011
00000001100110110000111010110011
00000001010011001101000100110011
00000000000100100010110000110011
00000001110011000010101110110011
11100000000010000000101111010011
01011111110000000000111100010011
10101001010000000000011000010011
10100001000101100001100011010011
11100000000011000000010011010011
00000001101011100010100100110011
00001001101011101000000111010011
10100011010000000010101000100111
00000000101000110000001111010011
00000001010110010010001010110011
00000001111100110000011011010011
00000000001101111010101010110011
00001000110100010000001011010011
11100000000000011000100011010011
00111110100100000010011000100111
00000100110000000010100000000011
11100000000001110000000101010011
00000000111010011010001110110011
00111000001100000010011000100011
11111011100100000010101000100111
10010011101000000010101000100011
11100000000000100000111011010011
01000000000000111000111100110011
11110111001000000010010000100011
00001001101000011000101111010011
00000001110111100000010101010011
00000000110111110000001011010011
00000000110011000000011000110011
00000000010001010000010000110011
01000000011110000000011100110011
11100000000011110000100001010011
00000000110000101010000100110011
00000000101001000101100000110011
01010101100100000010011000100011
11100000000011111000000101010011
01000000011000110000001000110011
10100000011000101001010011010011
11000011010000000010001000000111
00000001100100111101111110110011
11000000110100000010001000100011
00000010000000000010010000000111
00111011100000000000111100010011
00101111111100000010011000100011
00000000011010111010001000110011
01000000011110001000100010110011
10100000100101111001101111010011
11101001000000000010110100000111
00000001100001111101111110110011
01111001010100000010101000100111
10100001000000001001010111010011
00000000010111011000011111010011
00001001001100100000010001010011
00000001011101100101000110110011
00000001101011011001011000110011
00000001000101011101101000110011
11011001010000000010000100000111
10000111000000000010001110000111
00001001011010010000010011010011
00000000000101101000010110110011
00000000101111010000100010110011
00000000100011100000101010110011
10001111011100000010011000100011
11100001100000000010110000000011
10100000101100111001110111010011
00000001110001001010001110110011
11101001111000000010011000100111
11101011101100000010101000100011
00000001100110110000110011010011
00000001110111111000100100110011
00000000101001111101011000110011
00000001111111111000101110110011
00000000000010001001001000110011
00000000010011011001011010110011
00000000100101010000001110110011
11100000000011011000011001010011
00000000000110110000011101010011
01000110000000000010001100000111
11111001110000000010100000100011
00001001100011000000100101010011
01000000101100010000000110110011
01000010110000000000011110010011
00000001101100011101000010110011
00000000000000000000000001110011
00000000001100101000011000011010
00111110100110001100110010001001
00000000000010110011011110101011
11001011111011100111000001000110
00000000011101100110111010110001
01100001011111011000001110111111
00000000010100001110101100000010
00100001111001101100010001111110
00000000011100101111010111100111
10000000011000100000111001111000
00000000011010001010001101001110
10110011100000111110001001000110
00000000000010100000111001100110
10000001110000101100100000111010
00000000001101101011110101101101
01011100110000010001011000001110
00000000001001000110011110110000
10110110011000000101110111011110
00000000000000101011110110100010
01111011111110101011000001101010
00000000011001110111011011111111
00000000000000000000000000000110
01011100011111001001101001001100
00000000000000000000000000000000
00000000011000110100010000000010
11100110110001101111000101111101
00000000010110010011001000010100
00111001001001110000100111100110
00000000000111000001101011011010
10100101001001001100110011000110
00000000011001011010011110100000
10110010100010011101100100000100
00000000000101010101110111010001
10011111011011011000001100000011
00000000011111000101010111100011
00000000100100111011111000100101
00000000000101111001001000101111
01010001101101001100000011011100
00000000011010111011001010110101
01010111010010111101110011011101
00000000001001000100000011110000
10110011100000111110001001000110
00000000011011001001110101101111
01101100111010110111011111111011
00000000000000000000000000000000
11000010001100011110010011111111
00000000001100100101010100111010
11010000000000010010111101100110
00000000011101101100011111111001
11110101110111100010100111100101
00000000011010100011100000101010
00001011000010101100101001010100
10011100000111010111001001110000
00011100101010011100010111101101
00000000010111111100000000100110
00011101101001010101110010000101
00000000000000000000100000001111
10011011011111111000100100101110
00000000000000000000000000000000
11010011010101100111110000101010
00000000000111000011111101100001
11110000000100100100000011000011
00000000000100000101010000000001
11110101010011110000111001011000
00000000011111000101010111100011
00000000000000000010111111011110
00000000000010101011100010101001
10010111111000110100101100111001
00000000011000001010010100011000
10110100100011111011011101100010
00000000010010010101000011010111
00110010011100011010110000001010
00000000011101000100010010011001
01101001010010001000111010110001
00000000000100011100010100001101
11001011001011000010100100101010
00000000000101110100010110111101
11000010110010010110001011110011
00000000000101010010110011000110
00000000000000000000000000000000
00000000011000111110111111011101
01000001011111010101000000011111
00000000010111101000010111001101
10110101011111000011110101010001
00000000011101111100101100100101
11000101000111001011101010110110
00000000010101111110011101001110
10000110100100011110100000111100
00000000001110110000100101111100
01011010000011110101110000101011
00000000010100110001111011100111
00000000000000000001011111110100
00000000001000001111111100100111
01000000100000111011001011110100
00000000100100011000110001100100
10001000110001010101101000010110
00000000000111000101000000000100
01011100000101100110100100010001
00000000000000000000100011000101
00111011000010011100010110101010
00000000000010000000111101001111
00101111000110101011110010110000
00000000010000101110101000110011
10001111100010100000001010011111
00000000011100010110111010101000
00100000011110000111110101110101
00000000001111010011100110000010
10001000011110000111100001111011
00000000010010100110010010000100
10100110111100011101110001010101
00000000000000000001110111110000
10011100000111010111001001110000
11001010110001100010001100110010
00101000100011110111100011000010
00000000010110101111001100001110
00110100101011011111100111110100
00000000011000100000111001111000
00101111000110101011110010110000
00000000010011001101010110000010
10100100011001000110001100000110
00000000001000110001110101111000
01111110111111000100100010111010
00000000011100101110000011001100
01100010001111011001000100000111
00000000001101100001110101100110
00011000000010101000000010010010
00000000010000111111010100111010
10111101001000001110101000110111
00000000000110000101100001011100
00000000000000000000000000000000
00000000000110011011011101110100
00000000000000000001011111110100
00000000000101110000010010101011
10111110101110100000111101000001
01010001000010111101001100111100
10011000010110100010111101101011
00000000000011111011100000110010
10011101010100010110100010100101
00000000000001010111111011000011
10100001110101100001010010001111
00000000010000011000111111010101
10101011001000101001001110011111
00000000000011010110000110011111
01010001000010111101001100111100
00000000011001111010100101101101
00111101110010100110100100110010
00000000000011000101100010111110
10101110110111101101000101101000
00000000001111001010011101010001
00101011101110000010010011100010
00000000010111100100000010011101
11001001001010110111001010011110
10111001001001110000100111011100
11000011111010011010011111000111
00000000001110001011101101011010
11110110001010100110011001000000
00000000010101111110100111010010
11010101101011110101110000100111
00000000010011010111101010100001
01010100111111101001010100010010
00000000000000000000000000000010
01110010100100111111100010100101
00000000011110000100010000001000
11000111101101000001000110101110
00000000010001001000001010100011
00101111111111001011000001011000
00000000001100001000100001111010
11111011100101001100110100101001
00000000000101001110010111101000
00000000011110001110011100100101
00000000000000000001011111110100
01010110111100101011001001001011
00000000011000101100111111011000
00000000011000100000111001111000
00000000010110110011001001111100
11011001110101100111101001010010
00000000010110001110100101001000
10111110011001001001101110011011
00000000001100010010111100101011
00010110111111101111010111001011
00000000011101110111101111101111
01010101110010010101111111100001
00000000010110001010011011111000
11111101010110101111111000101101
00000000010100111011110000101100
11010011000101011101011011001101
00000000011101100000110100100101
00000000010100110110001101101101
00000000010000001101101111101010
01101101010101010010100100011010
00000000010010000100111001000101
10011000010011010010001001110110
00000000010101101011100001011001
00110100001111101110001100000011
00000000001010001110101001001010
00100000101110011111111011100101
00000000001001111001101111010011
00000000000000000000000000000000
00000000000111000000111010100010
00100000110110001001001010111000
00000000000000100010111011110111
01010110000000101011011001011101
00000000001111000000010101111000
01000011011010010000000001000100
00000000000100011111100000010010
10000000011000100000111001111000
00000000001110101000101100000011
10001101101010101110101110000101
00000000010110000000101001100000
00010111111111110110110100000111
00000000000111000011111101100001
11110110110010111100001000010101
00000000010001111001010101011011
11011101110101111110011000100000
00000000000110101001011110011111
00000000000000000000000000000000
01000111101101000001000110101110
10010011100110010001001100010000
00000000010111100111101011010001
11100101010011111011000110111111
00000000001100110011001111111111
00000000000000000000000000000001
00000000000010100100100100111100
10100100011101001100001010111101
00000000001111000110001000110100
11001100010100000101010110111001
00000000000110100101010001011010
00000000000000000000000000000000
00000000000000000001101111000000
00111011010111111111011010000111
00000000000100100001101100110010
10100101000100000000110000110000
00000000000011010110001010100111
01111001111011100001110001110100
00000000000010111110010101001101
01011100100010011110100011000011
00000000010011011100111110001011
11000101101001111011000000010100
00000000000111001000000000110011
10101101100001010100110011111101
00000000000000000000000000000000
01100101111011001011011010100110
00000000011110000100110010111011
00100001001010010110101111110001
00000000010000010010010000010111
00010000000001001110100001010011
00000000011000111001001101110101
00101101101011111000111010101111
00000000000011000100101111101001
01011110110000110100111110110100
00000000010011001011111000110101
11101100000110110010101100001101
00000000001101110111100011101101
00101101000110001010111100110100
00000000001100010110100111101111
00000010100100011000111100101110
00000000001110010011110100111110
00101111111100011010100011010010
00000000011100000010100001001011
10111110111000010100111110100001
00000000011000111011010110001111
10110001011100000101110000101010
00000000000101000010110101101111
11000001101001001000001010011111
00000000001000010001011000100011
10001010000011110110101100010001
00000000010100101000101011001100
10001110010111101110111001001000
00000000001000110000100100110010
01010001001100111011101100001101
00000000011000010101110010000111
11101001110000101010101001110111
00000000010010011111110001110011
10110110010011001111001110010110
00000000001000001001110001011110
11010011000010011111101010011010
00000000000011111110011101100111
01100100110010001011010101001110
00000000010111010110000000001001
10000011001001100000000100100110
00000000011011110111101111110101
01111011100010010010001100001000
00000000001010110101011000110010
10101001001011111110101000110010
00000000000110000010001111101100
01010000000000011011110111101111
00000000000010000111001110001010
00000101100011010111110110000111
00000000001110001110000010101101
10110100011011101011000110001010
00000000000000000000000000000000
11100000110010111010011000111001
00000000011101011010000000100101
00110010101100001001010001100010
00000000001101101010000100110000
01000111010001100000110100010110
00000000001100001100101111101110
11110011111011010100000101001100
00000000010101110101100011001001
11010011010111100011000001100011
00000000001010000100101011101101
00101111000110101011110010110000
00000000000100001101011011000110
10111001111000001100011101100101
00000000000100100100000000011000
00011100110110010000011010011101
00000000011011100111110001000100
10001111101100011100100101000000
00000000010110011001100001001011
10011011111011101011010100000100
00000000001011000101010110111010
01011100000000100100101001011111
00000000010001110001100010001011
11101100100111010001000010101001
00000000000000000000000000000000
10111010111100110010001101100110
00000000000011110000101101001110
01011101100100001000100011011100
00000000011101001111010010101001
01110010111101001100100100110010
00000000000000000000000000000000
00000000000000000000000000001000
00000000011111001000000011001001
11011101110110111100011100101000
00000000001101010000101010000110
10000000000010100101111111001001
10111001001001110000100111100110
11011100111100000011010000010011
00000000001110100111001101111100
00011100000110101001110101110010
00000000010010111110111000110110
01001101110010100101100110001100
00000000001101110010010101000011
10001011001010001001000110000001
00000000000100110111010111000000
00010111100000011000011110001001
00000000000010000011001110000100
00000000000000000000000000000000
00000000011101101011110000001001
11001011101000010100110100110011
00000000010011100110111000001010
10011100000111010111001001110000
00000000011110001110011100100101
10110001110110111000101111000011
00000000000000000001001110001100
11111010100100000011110101101011
00000000001101111100001110011110
01000010011001100010010011100011
00000000010100001111100001011111
11001111110100110100010101010100
00000000011110000101100101010000
00000000000000000000000000000100
00000000000100110001110110010110
00010000001101011100101001011101
00000000000001001100001000110011
10001011100010111100011011010110
00000000000001101010010110011101
11000000010110101110110010101101
00000000000000101100110010000111
10101011100000100011100011100000
00000000001010101110100010111000
11001100111110011100000111111101
00000000010101010010000011001011
00100001110111110101001010110100
00000000010011110001100101000110
10100100110110101110001100011001
00000000001100010010011110011000
10011101100101001101110110000111
00000000000011111001110100010001
01110110000010010000110011001110
00000000011010100011101101011101
00010111101100110000101001001011
00000000011100111101011111101001
01000010100100011010110110010011
00000000001011111011111101011100
01110110110011111010010000000000
00000000001110001010110011110011
11000111111100100010010101001101
00000000010101010101111000011011
01100110000110100110101010010001
00000000001010101000100001110100
00000111000110011110010100010101
00000000010110010010100100000101
11100000110010100100110111011111
00000000011111011000010011110100
11110111001000110110011110100100
00000000000110101001111111110000
00010011010101100111101010000101
00000000001111100110000011101101
11010010100111001010111010010110
00000000000000010101010100011010
01011111000000100101011010100001
00000000001010011000100010001110
01010111100000101010011011001100
00000000000110000111100111010011
00000000011110001110011100100101
00000000001011101100011011011000
00000000000000000001011111110100
00000000000000000000000000000000
01100001101011001010111001101110
00000000001110001110011110010100
01011000111000000100011110011010
00000000001101101001100011001111
00000000000000000000000000000000
00000000011101111000110111001001
00000000000000000001001110001100
00000000011111000110101010110000
10000010000001111100001000010101
00000000000000000000111110100110
01110010010100001000101111000110
00000000010000000110101000010000
11111001111001111000000110111010
00000000001000001110110101011000
00000001011011111001100010101111
00000000010011010001001100100001
11100011100001010011100010101000
00000000001110100001000000111100
00000100010101011100110001000111
00000000011111111101011000101001
11101001111011001111000010110001
00000000010101010110001111111011
11011101000011010011100001101100
00000000011100100000110101110111
01010001001011110100111011111110
00000000001000000101010111100111
11110000111111100011001001101011
00000000010100001000111001111001
01011000010111010011110101101001
00000000001100001101111101101100
10010011111010100010111111000010
00000000011000010010001111100001
00000000000000000000000000000000
00000000010010010110011000100110
00000000000000000000000000000000
00000000010111111010100100100101
00111010110101110100001000101000
00000000001110101010111001111110
10101001100111001001100001110010
00000000010110110110011011100101
01111000011111100000110111010111
00000000000000000000000000000000
01000001011001010101011100101101
10111110101110100000111101000001
01110101101101000111101110011001
00000000000010001011101111111010
00011001011010000101100111011000
00000000000111001001110100100111
00000000000000110000110000011011
00000000010101001111100000011110
00000000000000000000000000000001
00000000001001010000100011100000
10110101110101011111100010100000
00000000010101001100011010001010
01000001010111101001100111010010
00000000011011101010011010000101
01110000100000110001111101010111
00000000011001010100111010100010
00011011110001100111100101100111
00000000001100011011111110111101
11101111001010100100110011000001
00000000000101000000011100000010
01100010001110101010110100001000
00000000010000101111101011100011
10010000011110111110110010001011
00000000001010010000000000000000
10001011000101101010100000011101
00000000011010101110101000011001
01111101001010110001111000000110
00000000000000000000000000000001
01001001100101111011110110001111
00000000010000111000001001111110
00010001011110011111100011001110
00000000010101101010001010100011
00011000000100001011111001111000
00000000000100000010000110010011
10110000001011111001100101101000
00000000011010101000100010111100
01101100010001011101111111011011
00000000011101111111111110101111
10100011101000010111110111000000
00000000001010011001101010000101
01001101101110110010111110011100
00000000000000101110110101110101
10110011110101001111010100111100
00000000000110011010110100110000
10101010001101111001100010000010
00000000011110000111100000110110
01000111110111000010110001111100
00000000001101000001001100111010
00010010100101010011000101011011
00000000010111001001010110101111
11000111000101011000111011000001
01010001000010111101001100111100
10100100100100011001111011110101
00000000000000000000000000000000
00001111000100000111010100010000
00000000001010011011101111110101
01000111101111111101110101110101
00000000010100001000011110010001
00010000011111110101111110001101
00000000011111101001010011011001
00010101110011001010100101100010
00000000000001101110100000100111
00001010100110110100110011111110
00000000010001000110110011111010
00000000000000000000000000000000
00000000000110000011000111111011
11101011101101000101011001001100
00000000001000110001110110000111
10010110110011000010101101110100
00000000000000000000000000000001
11111111111111111111111111110100
00000000001110000000101011010110
00110110001100001100100001101000
00000000011011110010011110101100
10101111011010110000111010101001
00000000011101000000001001000111
00000000000000000000000000001001
00000000010101111110110000111011
01110111000001101011100100001100
00000000000000000000000000000101
11011011000111001001101001110111
00000000001011111111011011111111
11100111011010110111110011111011
00000000010000000010011100011110
01101011101001001010011101000110
10111001001001110000100111100110
00010000000000111100110001101010
00000000000100100111001001000001
00010010000001001110111000010111
00000000001100100101100011001011
01110110100010100010111010000110
00000000000000110000110000011011
01001001000101011000000000000011
00000000010011001101011110100011
01010101011001011011101001011010
00000000000001100000101000111001
11000011110110100011111110110000
00000000001101111111011111101111
00000000000000000000000000000000
10111001001001110000100111100110
00001000100000010101011111000100
00000000001000111001001100110111
01010111111010100001001001110010
10011101100101001101110110000111
00101110111100101000001111011111
00000000011011010100001011110111
11111111111111111110111011010101
00000000011010010101001011010011
11101000001001010111101111100000
00000000011100100101110000000001
10111110010111101010011110111100
00000000011111101011101001000001
11010111011010111001111100110001
00000000001000010100011101110010
01101010100001010110011101011111
00000000010010101111010101100100
01111010001111100010110100100010
00000000001111100010100011110111
11101001000010101100010110000101
00000000000000000000000000000000
00100001110111001110111010001111
00000000000000000000110111001010
10001000101011101110110111000100
00000000001111001111110001010101
11011110101100011010000100010000
00000000000111010110111111110000
10001110111111001000001010000010
00000000011011001111011011000100
01111010101001111101111101000110
00000000000100000100100011110111
01010011101101000110100000011000
00000000001100011010111110101101
00110110111111000001000100010000
00000000010100001001011001101100
11001110110111000111110001100011
00000000000111001100100111000001
11011100100101111111101011110101
00000000000000000000000000000000
01001100110011111000100001011011
00000000001100100110000011011110
01010110110011100000001000000110
00000000000110111101000101100011
00111011111100011101000110110110
00000000001011000000011010100001
10010111110011011011111110000000
00000000001010111010100001000101
11011000111000100110000000001111
00000000011100010110111010101000
10100110011100101010110100111001
00000000000000001110111100011000
11011111011100101110001000000100
00000000010011101010111001011101
10011101100001101101000010001111
00000000001000110110001000010000
10010011000101101110101000100100
00000000000000000000000000000000
11000111000110011101110101101101
00000000000000101111010100010111
10101010101000111101010001110001
00000000000101111000000100001100
01010111111110100101100110001110
00000000001110100100101011000100
00000000000000000001101011001100
00000000000111100101100000011110
11111000000111100100110110010101
00000000011111101111010111100011
00010011110110101111001111001001
00000000010001010010010101110000
10000111010000011110011100101010
00000000000000101100110101011111
01110000000000101101011010010001
00000000000111010110101100010011
10111000101110000011110000000111
00000000001110000011110100010110
11000011001011100010010001110100
00000000010011101011111110110110
10000000000101010111111101010001
00000000000011100100011100011101
01011100011111001001101001001100
00000000010010010100110000101100
10001001111101100010001000010110
00000000000010101010000000111101
01011011110001000000101000100110
00000000000000000000000000001000
01010010110110001001110011111100
00000000011101110101101100010100
10101101000101100011000111110000
00000000001110011100001010101111
10000000100011101110101000101011
00000000010011101101011010110111
10100001001010111100001110000111
00000000000000101011011010011000
11010101010001110001111010110011
00000000010010111111101010101111
10100000101101110101110000111011
00000000011111110101111010010101
10101010111000100111011001111101
00000000011011000011111101100100
11010110001010110001011001111100
00000000011110001011001001111000
11111011000110010110100011011101
00000000001011011011001011010100
01111101001100000010100010001001
00000000000100111110010110001100
10010011101001110010101011000110
00000000011111110011110000101111
00001010010101010101100101101010
00000000011101100110000111111100
11110100111100000111100000110010
00000000000000110111110010100111
11111010011000010111111010001011
00000000011111111000101011110101
01011011110000110001101011101011
00000000011100100001010111101000
00001110011011000111000110010100
00000000000100100000111011001000
11100010111101111011010111010000
00000000010000000000000100101110
10010000110110110111110111110000
00000000001110011010101101011001
01001011000101101001001011010001
00000000000111111000100111110100
01011100011111001011010010100000
00000000011101101011101011011101
00000000000000000001000001100100
00000000001000011010011000101110
11100000010000011100001000001101
00000000011101100001011010101010
10001100001110110111110101101011
00000000001100111110110110111111
11000011001000110010100110110110
00000000000011011111110011100010
01000111101101000001000110101110
00000000101100101101101000000011
00000000000000000000000000000000
00000000000010010111110000000010
00011011100101001010011111001101
00000000011001000001100111001010
11011101110101011111100100110111
00000000001010101110010100101000
00110110110000100111011010101101
01010110000000101011011001011101
00000010101000101000101000011111
00000000000101111110000101110100
00101111011000011010101100000100
00000000000010111110001111001110
01110101011110111101111010100110
00000000000000000000000000000000
00000000010011101000010100100110
00000000011101111110011010001011
11110111101100101010101001011100
00000000001100010011111110110101
11000100011110101011100101000100
00000000011010001100111010100110
01101001011100110011100110011101
00000000001000110110001001110000
00000110110101111011100100000111
00000000010011001111110111100100
10001100101100111010011111100100
00000000000000010001110101110111
10011000010011010011110010110001
00000000011001111100111011110011
00101100111100111001011100111110
00000000010000010110101101011011
11101100100111010001000010101001
00000000000000000000000000000000
00101101010100101101001000000011
00000000010101101011111011001001
11011000011011110111100100001100
00000000000000000000000000000000
10010000111110111010100110000101
00000000001110101001111111101001
00001101000101110010110111111111
00101111000110101011110010110000
11101100100001011010001001101110
00000000001001100001001010001101
01100111010000000111110001011111
00000000010101101010001111000100
10111101111100011000010001011110
00000000010001011010011011010111
11100101100101110101101111001000
00000000000111010110100000101100
11010001111101110000001111000010
00000000000100101001011001101110
01000100110100110000110010110111
00000000000101010110100100001001
00100001101010111111001001100101
00000000011000001110100100001000
01000111000100001011011001011100
00000000010001000101001101110000
00101101001100000110011101000100
00000000000000011000111010111010
10100101111101100000101110000001
00000000011100011110101100000011
10001101010100111011100010100111
00000000000000000000000000000000
00001110010110111000110011111110
00000000011110000011011101011001
11011100110101100000011010001010
00000000000101101101011101001001
10001101001110100101101111101000
00000000011001101000111010001110
00111011011110011110110000111001
00000000010110110100001010000010
11010001110111111111111010111010
00000000010000011000100101100001
10011100000111010111001001110000
00000000010000100110000100011111
10101110111101011100011111101010
00000000010101011010100000010111
10000000011011100000100110001011
10111001001001110000100111100110
10100111011001000011100000000011
00000000000100101011110010111100
00010101010010001100100101011000
00000000010010011110111001000001
11001110100011100010000000001110
00000000010011111100110000111100
10101000011000111011010010001010
00000000011001111100111001110000
11011011011010110101101001101001
00000000000011010010101000010101
00101101101101010100100010111111
00000000001111011000110000011001
10011011001010011011111110111111
00000000000110100011101110101100
11101101001001101100110110101010
00000000000000000000000000000000
10110010001101100101110000001001
00000000001100110100000111110001
01111011110010001001101110001110
00000000010000010001011011010111
10101010000011001100010000011110
00000000011001000101011111000100
10000101000000001111010000111000
00000000010100101001110001100110
00000000000000000000000000000001
00000000010000101100111110111001
10011101111010111001001110111101
00000000001100010001000011000100
10101111100011101101111011101011
00000000011000101010011101010101
01101111101000010010110001111101
00000000000000000000000000000000
01101111011101110011010111011001
00000000000010001001000100101110
01011101011100110111001111111101
00000000010010110110000000011011
01001010010001110000110100011111
00000000000000111111110010111000
11101000001110011100110011101101
00000000001000000100010100001111
00000000000000000000000000000000
00000000010011101000010100100110
01111010000010100110101011100110
00000000000010111111011101001101
11110100111011111110000101001010
00000000000001011000010110011101
00000000000000000000000000000000
00000000100011010110010010101010
00000000001111110000011000100101
00000000011100010100101101110100
01111000011100001100111110110011
00000000010110010001010001010100
11111110110010000001101111100011
00000000001100101000001111000011
01000100000101010101010111001111
00000000000101000001101011011011
11110100101111111100101000010111
00000000000010010111110001110100
01001011111010101010010111111000
01000111101101000001000110101110
01010010001010011000000000110110
00000000001111111001001101111010
01100111110101010001100100111110
00000000001101010101011101100001
00000000000000000001011100111100
00000000000001010000000010111110
01111000111100111111100101010100
00000000001110111010100110100101
00100100101000001100100111011001
00000000001111101110111011000000
10101001111011101001011101111011
00000000001111101000001100101100
00110000100101010100110111000110
00000000010010100000010010011001
11110101110010111001000001010100
00000000011000001011110000010000
10111001001001110000100111100110
00000000001101100100110010000111
01110101000011111110110110110000
00000000000011000111110101001101
10000000010000010110101101011011
00000000011110100100000000101100
01100111000100010011111001101100
00000000010101000111000100100111
00111000010001000000110011101100
00000000001111110000011000100101
01110101110001000001101011011000
00000000001100010101011000111000
01111001001000001110100100011111
00000000000000000000000000000000
11010101101111111011000100111000
00000000001000110110101001000101
10101101010100010010001000101001
00000000001111101111011100011100
00010100111111010111011000000111
00000000000010001111110111101110
00010100001000100101111000110111
00000000000000000000000000000000
00111110011100111100001101011001
00000000010101000000110101000100
11100011010001100110101010110011
00000000011000000011011101100110
00110111001010111011001101101100
00000000011111010101011010101100
11100011001000001100001101011011
00000000011010010100001100000100
10111011100000100100010000010000
00000000000010001100001111100110
00001101111110000001010101111100
00000000001110011001110001001111
00111110100101100001111010101111
00000000000000000000000000000000
10100101001101010101101101111101
00000000001010100100111111100101
01111101001011100111010101100111
00000000011101111000110111001001
10001111111011100010011001111001
00000000001001000010100111100001
00011101101010111001100011101110
00000000000011011001101000000011
11110110011111010110101101110101
00000000011010010001011010110001
10111110101110100000111101000001
10011100000111010111001001110000
00110111110111110111100110100100
00000000011011110010100110111111
10001010001110110000100100001110
00000000001000010001011000100011
01000111011110101100011101110000
00000000000010100001000101011010
11011110011001000000110001010000
00000000000000000000000000000000
00000000001101100110110010111001
00000000010011001110101011101011
00101110111101011100011111101010
00000000001010000100101011101101
00011101111100000111110011101101
00000000000101101100000110110010
00001111100001001110010010001100
00000000001001110001010011111111
01000011001110010111101111000001
00000000011001100000101100101101
01111110111000001101011100011101
00000000011101100010010111101010
01100101100111011111000000001010
00000000000110110001100101001010
01101000110001000010110101011010
01000111101101000001000110101110
10100101111110010100001010000001
00000000001101100001010100011100
11011000100010110111111110111010
00000000011010011100000010010011
11000011011001101010100101101111
00000000011101100001010011110000
01000001111011110111010001000010
00000000011001101111100101010110
01101110101001001011110001101101
00000000010100011100010101110010
01111001010101000001001000110011
00000000010001000111010111000000
10110111000010110000011101110100
00000000000000000000000000000000
00000000000100110001000100010111
00000000011011100000100111011011
10011011000000010111000011010101
00000000011101001101111110110100
10111001001001110000100111100110
00000000011000111000111001110001
01110101011001110101010000101111
00000000001110110001100010111100
10001100110111100001110101010110
00000000011011001011101001000000
00001110110011100101101100111110
00000000011111000111000111010110
01100001110100010010000011010001
00000000000001110101111110011110
01001000011010111000010110000100
00000000010000111100001010001111
00000000000000000000000000000000
11111111111111111111111111111011
01001001011000110100001010000010
00000000000010111010011000111010
11000001001010011100010100100001
00101111000110101011110010110000
01000010110001100100011110001001
00000000000000000000000000001100
00110101100111000101010001010011
00000000000000101111111010000000
01101000101000001000110110011001
00000000010101001100110111110100
10110011010110000010100001110101
00000000001100100000111011011011
01100000111101001001100010000010
00000000010000100011100011010101
00000000000000000001101101101000
00000000001001001110111000001101
01111101101111001111010111010100
00000000010100100001111101100011
10111111001100000110000001110101
00000000000000000000000000000001
11011101010100000001101101010001
00000000001100110000001100100110
10100000110110000110100010010011
00000000000010011010001001100011
11001111001010110001010101011100
00000000000001110110101101001010
01011010101111010001001011111111
00000000000010100100101001101001
00000001111101110110100100000110
00000000000000000000000000000001
00111000100011100100011010011011
00000000010000100111000010110010
01011101110010011010011001100110
00000000001000001000011001001110
01010001101100101100010110111110
00000000001111100110011110010110
11011010100111101000101101110100
00000000010100001110101101010111
10111100010000100000101100011010
00000000010010000011110101100001
10101100001010101011001110100010
00000000011010101001000101100110
10010001101000001001111101011001
00000000011100110001100111010011
11101010101010110010101101010100
00000000010010101000010001101001
01000011000011110110010010101110
00000000010101010011110010101110
00101111001101001101011110011011
00000000000011000010101101100111
01011110100101011111110001111111
00000000011010110110111000100010
00000000000000000000000000000000
00000000000100110001000100010111
10100010100001101001011011000010
00000000010000100001111001101000
00010100101101001100100100101101
00000000010001011111111101010011
00010100010111101111011000110110
00000000000110011000010001110111
01110100011011110001001111011010
00000000001101110001101111100110
00101111000101101100101110001000
00000000001110011011101101111111
11111111001000101110101010001111
00000000010101111010011111011001
01011100101100101110111111001000
00000000010001001010101001000111
11100010111010111010110110001110
00000000000110010001010111110001
11001011000101010110111110111110
00000000000111011111100111001000
10010000110010111101101101110000
00000000011001111001000001111010
01000001001011011000110010111100
00000000010001000110100011101101
01101100000100100011010101011101
00000000000110001000101000000111
01101001110101111001000110101111
00000000011011011000000100001001
11101111011110011111000110101000
00000000001110000001101001011011
00000000011000100000111001111000
00000000000011110000110001111101
01110110101001010101111111101010
00101111000110101011110010110000
00010001111110111111111110010001
00000000011111011111011000110000
01010110000011110110101011011100
00000000000001111001001110001001
00011000100101101111011011111001
