01111111110000000000000000010011
01111111110000000000000000010011
01111111110000000000000000010011
00001001011110110000101001010011
00110011100000000010001000000111
00001000011100110000100111010011
01100100100000000010010010000111
00001001111010010000110011010011
00000001100000000010100100000111
10100011100000000010100000000111
00000001001011101000101111010011
11101001100000000010011110000111
11101000110000000010001010000111
00000000010100001000001111010011
00001000110000001000101001010011
01111110000000000010000000100111
00100100000000000010100010000111
10010011001100000010110000100111
11000001100100000010110000100111
10111010101000000010110000100111
00000001010111001000111001010011
11011101110000000010111100000111
10110110100000000010111000100111
11111001001100000010110000100111
00001001010110010000110111010011
00000001100001110000010101010011
00110010000000000010101100000111
00100010000000000010000000100111
00001000010011110000010101010011
00100001100000000010111000100111
01010001110000000010101000000111
11101110000000000010000100000111
00010011010000000010011000100111
01010101000000000010101100000111
00000000000000010000100101010011
00001001011010011000111011010011
10010001110000000010111110000111
00001001100101001000110001010011
10110011110000000010110000000111
00001000011010011000010001010011
10010100010000000010000100000111
00001001100101001000111101010011
01011111110000000010011100000111
01110111000000000010000110000111
00000001001110110000010101010011
00001001110001010000111111010011
00000000000101100000011001010011
11110111000000000010000000100111
01000000100000000010000100000111
10000011100000000010101000100111
00100011100000000010001100000111
11010111000000000010110100000111
11000101100000000010010000100111
00001001001011101000011111010011
01011001010000000010100010000111
00000001010110100000111101010011
00111101000000000010100010000111
00001000101001101000111001010011
11111111010000000010100100000111
00100100100000000010101100000111
00000000100000011000001101010011
01110111100000000010000100000111
00001000101000001000001101010011
01010001010000000010011000100111
10101111100000000010101000100111
00000001101010111000101011010011
10100001111000000010111000100111
01010100001000000010011000100111
00001101011000000010111000100111
01111011110000000010110100000111
10100001100000000010000010000111
01101010110000000010001010000111
00001001011101100000111011010011
01110001100000000010011000100111
00000001110110100000011011010011
00001001111100000010000000100111
00011101001100000010111000100111
11000111110000000010011000100111
00001001001111110000000101010011
00000000100001100000100101010011
00000001000010101000101111010011
11010000111000000010101000100111
01100110010000000010000010000111
00000000100101110000001111010011
00000000000001110000011001010011
00001001100011011000100101010011
10100010000000000010011100000111
10001111011100000010011000100111
00001000001000010000010011010011
10011101000000000010111110000111
01000111111100000010100000100111
11111011100100000010110000100111
00001000000010100000001011010011
00000001110001111000011111010011
01001010110000000010010000000111
00010010000000000010010110000111
00101111010000000010010000000111
10101111001000000010011000100111
11001001100100000010101000100111
00001000001101110000011111010011
10110000010000000010100100000111
00001000010000100000001011010011
11101001100100000010000000100111
01110100111000000010101000100111
00001000101101101000010011010011
11011011000000000010111000000111
00000000010100110000000011010011
00000000111100111000100111010011
10111100100000000010101000100111
10111101000000000010111000100111
01101001010000000010110010000111
00000000011110000000100111010011
11000000000000000010110110000111
10111001110100000010011000100111
00001000110010011000101101010011
00000001111000000000110101010011
00000000010001101000001001010011
10101111000000000010111110000111
10001100010000000010011000000111
00001001000110100000111111010011
00001001101101011000011101010011
00001010010000000010110010000111
00110100100000000010011000000111
10010100111100000010100000100111
00000001110000010000000011010011
00000000001110111000100011010011
00000001011111100000001111010011
10100000111100000010110000100111
10100000000100000010100000100111
11000110011000000010110000100111
00010010010000000010111100000111
01010001110000000010110000100111
00001011110000000010001100000111
00000001001011001000111001010011
10110100010000000010001100000111
00000000001001010000010011010011
00001001111101111000010001010011
00001001010001011000101101010011
00001000110010011000011101010011
01101000110000000010010000000111
00001000001111101000110101010011
11111010011100000010101000100111
11110101110000000010110000000111
00000000110101001000100111010011
00001000010110100000111111010011
01001001010000000010010000000111
00000001101111100000001001010011
00001000000010100000011001010011
01001111000100000010000000100111
00000000000001111000001101010011
10001000110000000010000100000111
01011110000000000010111000000111
10010100010100000010101000100111
00111100110000000010101000000111
00000000011000000000001001010011
00001000101001001000101011010011
11001001111100000010001000100111
00001000000111101000111001010011
10110110110000000010011000000111
01111001001100000010110000100111
01010101010000000010001010000111
10001010000000000010100010000111
00001001111101110000000111010011
11111011000000000010001000000111
00000001101111110000100011010011
11011001010000000010110100000111
00001000010001010000011011010011
00001000000001011000100111010011
00001010110000000010111000000111
11100100111000000010101000100111
11011011111000000010001000100111
00000001100100011000011111010011
10100100000000000010100000100111
10010111001100000010001000100111
00001001011111111000011111010011
11111011100000000010001000000111
10011001011100000010011000100111
00101010110000000010000010000111
10011010000000000010111110000111
00000000000000011000001111010011
10111111110000000010010000000111
11011101110000000010011010000111
00001001110000000010101010000111
01110010000000000010101100000111
10001000100000000010110110000111
00000001100001010000011001010011
00001000100000010000101111010011
00000001110100101000010111010011
00111101110000000010010000100111
00000001010101011000100011010011
10000110001000000010111000100111
11011111111000000010000000100111
00000000000110000000110001010011
10001111110000000010100000000111
11011001001100000010110000100111
00001000010111110000101001010011
00000001011111010000101111010011
11010100011100000010110000100111
00000000111111110000101111010011
01110011010100000010101000100111
01100101100100000010011000100111
00001001100000111000101011010011
00000000100111001000011011010011
00000110000000000010101100000111
01111110010000000010011010000111
00000000001010001000100001010011
00001000111001001000110111010011
10010100010000000010011000000111
00000001011111101000110011010011
10111110001000000010110000100111
00000000100101011000111011010011
00000000001100111000001111010011
00000001110011111000010001010011
00000010111100000010101000100111
01111011000000000010011100000111
00000000100101100000011001010011
01110110001000000010001000100111
00000001011010100000010111010011
10001100010100000010001000100111
10010101000000000010010110000111
00000001011100100000100101010011
00001001011101101000100111010011
11111001111100000010101000100111
00001001010010101000100101010011
11001000110000000010100110000111
01100100000000000010001000000111
10000001010000000010001100000111
00001001111101001000100011010011
00001001110100011000111001010011
11000101110000000010100010000111
00100100010100000010010000100111
00001000001111001000010101010011
10111010100000000010001000100111
00000001010110000000011011010011
00001000100010110000010101010011
01101110100100000010100000100111
00011001100000000010001000100111
00000000000001011000110001010011
00000000111100010000100101010011
00000000110101100000011011010011
10001111011100000010000000100111
00001000001001000000110011010011
00001000110110111000010111010011
10000111100000000010111010000111
00000001010101110000000101010011
00101000000000000010110000100111
00001001101101101000011101010011
00001001100001110000100011010011
00001001110011101000010011010011
11100111010000000010011010000111
00001001010111111000011011010011
00001000101101110000110111010011
00001001101101011000101011010011
00100100110000000010011100000111
00000001001000100000100101010011
10010011111100000010101000100111
01001110001000000010010000100111
10111111111000000010111000100111
00000000100010010000111101010011
00011110010000000010111100000111
00000000000010100000100101010011
00000000010011101000101101010011
01011010100000000010111000000111
00001001100011001000000101010011
00000110100000000010010100000111
01000011110100000010100000100111
00100100101100000010110000100111
00000000010011101000110101010011
00001001011100100000011101010011
00001001000110110000001101010011
00100100110000000010111010000111
00101100100000000010011000000111
11111101011100000010101000100111
01111001101000000010100000100111
00000000011011011000100111010011
00000000000001000000010101010011
10010111100000000010110010000111
00001001010101000000001101010011
00000001101110110000100111010011
00111000100000000010011110000111
00001001100110101000010101010011
00000000000001101000110101010011
00111010011000000010000000100111
00010111000000000010111000100111
10010010001100000010110000100111
00000000110010011000111001010011
00010001101000000010010000100111
01101101000000000010011110000111
00001001100001110000000101010011
00000000001101111000101111010011
00001000001111100000100001010011
00000000000101000000111011010011
00000000010000010000101001010011
00001000110111000000111101010011
00001000011110010000110101010011
01101011100000000010001110000111
00100010010000000010010110000111
00001001011101101000111101010011
00001001101101000000100111010011
00001000101000000000001101010011
00000001111100111000111101010011
00001000011000110000001011010011
10000000110000000010110110000111
00001110010000000010011000000111
10101100100000000010011110000111
00000110000000000010111110000111
00001000011010010000101011010011
10110111110000000010101010000111
00001001101010110000100111010011
11100011110000000010011010000111
11000011100100000010111000100111
00100100001100000010110000100111
00111100010000000010010000100111
00000001000100001000111001010011
00001100010100000010010000100111
10011010101000000010011000100111
00000001000010110000001101010011
00001001100011001000010011010011
00000001111001000000100111010011
01100111010000000010101100000111
00001001010110010000010001010011
11100011010000000010010000000111
00001001001111101000001011010011
11111100011100000010000000100111
11101001100100000010111000100111
00001000000110011000101011010011
00001001000010110000011111010011
01101110110100000010000000100111
00000000100000000010010100000111
00001001010110000000110001010011
00000000111100011000110111010011
11110110000000000010011000000111
00001000001011100000100111010011
00001001011110100000011011010011
01101100000000000010011000100111
00000001001110100000011111010011
00000000011010101000010111010011
00001001100100010000101011010011
00101100001100000010100000100111
00000000000101001000001001010011
00000001100010010000011111010011
00001001111010101000010011010011
00000001111100010000101001010011
00000000110000101000110011010011
11010010010000000010101000100111
00000001001001001000111101010011
11001011111000000010100000100111
00000001010111010000001011010011
00001001100100000000101001010011
01010010000000000010110000000111
01011001010000000010011010000111
00001000110100100000010011010011
00001000001011001000001101010011
00001000101100100000101101010011
00001101100000000010010110000111
00001000011001010000011101010011
11110000000000000010101000000111
00001000110001011000010101010011
00001000001000100000010101010011
00000000011101011000010011010011
01001110111100000010000000100111
10110010110000000010100000000111
00001000000101000000001001010011
00000001001100100000010001010011
00000000011100000010101000100111
00000001000101000000100101010011
00000001111110011000011011010011
00000000110101101000000101010011
00000000011111000000001101010011
11010111000000000010100100000111
11001110011100000010100000100111
00001000011001000000001101010011
01110000010000000010001000100111
11011000000000000010011100000111
01111100100000000010110110000111
00001001100110000000101111010011
10100100000100000010001000100111
00111011011100000010001000100111
00100001010000000010000100000111
00001001101011011000011111010011
00100010010100000010111000100111
00000110100000000010111000000111
01110000010000000010111000100111
00000000111100100000110101010011
11000101100100000010100000100111
10100010010000000010101010000111
10110001110000000010101000100111
00001000010100110000000111010011
00001000101001011000001101010011
10100111110000000010010000100111
00000001100100110000000101010011
00001000011111101000011001010011
00000001100001110000011111010011
01010010100000000010111110000111
10110001100100000010110000100111
10101101010000000010001110000111
00001000011001011000010011010011
00001000000000101000110001010011
00000000010001010000011011010011
11100100110000000010101100000111
10111001000000000010011010000111
00000110100000000010111110000111
00000001001110001000010011010011
00100000011000000010100000100111
00001001100111010000001101010011
11100101010000000010001000100111
00001000000000000000011011010011
00001000000000100000010011010011
00001001100011011000110011010011
00001000011011011000000111010011
11011111110000000010011100000111
10100110111100000010001000100111
00001001101110011000011011010011
00001001100111000000111001010011
00001001010101011000011111010011
00000001001111000000100011010011
00011111110000000010111000000111
00000001100100001000111011010011
00011011100000000010110110000111
01001010110000000010000110000111
00001000011101111000100111010011
10100000001000000010000000100111
01000110000000000010001100000111
00001001001000010000110011010011
01101100100000000010000100000111
01010000111100000010000000100111
00000001110101111000011111010011
11111100010000000010111000100111
00000001000100011000101011010011
00000000011001101000011011010011
00000001100000010000001001010011
00001000110110000000110111010011
00111110011100000010100000100111
00001001011101001000111101010011
00100111101100000010110000100111
10110111110100000010101000100111
00001000000110100000111011010011
00000000010011000000100001010011
10110011010000000010011010000111
00001000111110111000111011010011
00001000001011000000010111010011
00000000001000100000101001010011
00001000110000110000111101010011
00001000111000110000000101010011
11110011010000000010010000000111
00001001001100000000011111010011
10010010010000000010011000100111
00000000001111100000110111010011
01010011000100000010011000100111
11101010110000000010110000000111
00010010000000000010100100000111
00000000010110010000101111010011
10101101001000000010110000100111
00001100010100000010111000100111
00000000011001101000110101010011
11011100110000000010110000100111
10111001010000000010011000100111
00000000001011011000111011010011
00000000000011011000110101010011
11100110111000000010011000100111
00110000010000000010111000100111
10001001010000000010011110000111
00001001011000100000000111010011
00000001111101110000000101010011
01001100010000000010001000100111
00010011101000000010101000100111
00000000111011101000010111010011
01000111000000000010010100000111
00000000100010100000001111010011
00001001011101000000110011010011
00110101110100000010001000100111
00101011110000000010010110000111
11100111101100000010001000100111
10101000000000000010001000000111
01001101000000000010101000100111
00000001111011101000000011010011
00111011001100000010011000100111
11001111110000000010110000000111
11110100010000000010001100000111
10001011000100000010001000100111
00000000111011101000111111010011
00001000101100110000011101010011
00100010110000000010000010000111
00001001110011111000101001010011
10010111100100000010010000100111
00001001111010111000000111010011
00000000010011110000110111010011
10100110010000000010100000100111
00110010000000000010001000000111
00001000100100111000011011010011
11101000000100000010011000100111
00000001111110000000010001010011
00011010001100000010101000100111
00000001101111110000110111010011
01110100110000000010011010000111
10110100000000000010110000100111
00000000101000011000101101010011
00001001000110001000001011010011
00001000111101110000011001010011
00000101010000000010100100000111
11111111010000000010111000000111
01111000110000000010010000100111
01011011100000000010011110000111
10011101110000000010010010000111
10010111011000000010100000100111
00011001110000000010010000100111
00001001111011010000100111010011
01001010010000000010001110000111
10010001001100000010100000100111
00000001001110110000111001010011
00001000000110110000110111010011
01010111000000000010100000000111
00000000111001000000101101010011
00000001101011011000111001010011
10011100110000000010001010000111
00000000001111000000101101010011
10100101100000000010010100000111
00000001110011011000001011010011
00000000101010111000111101010011
01011010110000000010000100000111
11011010101100000010101000100111
10100100000000000010110000000111
00000000101100000010100000100111
00000001000111001000011101010011
00001000110101001000111001010011
00000000001100111000000111010011
00000000100101110000101111010011
01111010111000000010001000100111
00000001100010100000011001010011
00001001111010100000010111010011
00001000101111001000101001010011
11111101110100000010010000100111
00001000011001100000001011010011
10110111110100000010110000100111
00000001011100101000000011010011
00111100110000000010010000000111
00010011100000000010111010000111
00001000111111001000001001010011
00000001010001110000100001010011
00000000100101010000101001010011
01110011000000000010010100000111
00101010100000000010001100000111
00000000100101111000101111010011
00001001101000001000001101010011
10101010100000000010001000000111
00000000000011011000101001010011
10011010100000000010101110000111
00001000101110001000110001010011
01100010010000000010000100000111
00000001110010011000101101010011
00001001000100110000011111010011
01110111110000000010110100000111
00000000101110011000110111010011
00001000000100001000101001010011
00011000100000000010010110000111
00000001010100001000010111010011
00001000100011110000100011010011
10111101111100000010110000100111
00000001011010100000000011010011
00001000011010101000100101010011
00001000000101011000010111010011
00000000011101011000000111010011
11100100010100000010101000100111
00000001111100010000001001010011
00001000111010000000110001010011
10000000110100000010111000100111
00000000111001100000000111010011
00001001110110110000110111010011
01000111110000000010010000000111
00000001010011111000101011010011
00000001101100110000100001010011
10010011010000000010111110000111
00100111100000000010100000000111
00000001101110111000101001010011
11000001100100000010011000100111
01110111000000000010111000100111
01101111011100000010001000100111
00000000011000001000010001010011
11010101101000000010101000100111
00000001111101010000100001010011
00000000001100111000110111010011
00001001010100101000110001010011
11010001100000000010100000100111
01101111001100000010110000100111
11000011000000000010000000100111
00000000101110100000101011010011
00010101010100000010001000100111
00000000011011111000101001010011
00000001010001100000110101010011
00000001000011100000011001010011
11000111000000000010111000000111
00000001110000000010001000000111
10010100110000000010101000000111
00000000000000111000110111010011
00111010110000000010011100000111
00001000001000111000000011010011
10100100100000000010100110000111
00001001001001111000110101010011
00001001000110010000101001010011
00100001100000000010100100000111
00000001110111111000000101010011
00000000000001011000111111010011
00111110000000000010001100000111
11111000001000000010010000100111
10001101000000000010010000100111
11000010000000000010110010000111
00000001010000011000110101010011
00000001010101000000001011010011
11011100100000000010111000100111
00010000111100000010000000100111
01011011001000000010101000100111
00001000111010100000001001010011
00010100110000000010001100000111
10001011100000000010110110000111
00001001011001011000110111010011
11110100110000000010011100000111
00000000100100000000111001010011
00011000001000000010101000100111
00001001010010110000001111010011
00001001101001101000001101010011
11011010001000000010010000100111
00001000100010100000101011010011
01111000110000000010011010000111
00001001111000101000101111010011
11101110000000000010101000000111
00000000111100000000101011010011
10110111000000000010011000000111
00001000001001100000001111010011
00001001001010110000110111010011
10001111010000000010111010000111
00001010010000000010101000100111
00001001000111110000000111010011
00001001100110110000000111010011
00001001001010000000000011010011
01001001110000000010000010000111
00001000110100001000101001010011
11101001010000000010101000100111
11110000100000000010100000100111
10111000011100000010111000100111
00001000110101011000100001010011
01110100010000000010001100000111
00001001100001000000111111010011
00001001011000101000100111010011
00000000011001101000011011010011
10000100011100000010010000100111
00000000001011110000011001010011
00000001011000000000101001010011
10111011110000000010010000100111
00000000111000011000110101010011
11110100110000000010011010000111
00001000000101010000101101010011
00001000010101111000010101010011
00000001010100100000001001010011
00000001001011101000011011010011
10011100011100000010101000100111
11001001110000000010011100000111
00001000000001011000101011010011
00001000011110100000010111010011
00000001111101101000101101010011
01001000000000000010111100000111
00001001110000011000010111010011
11111011110000000010011100000111
00001000010011110000101111010011
11110110011100000010011000100111
01010110011000000010001000100111
00001001100010100000011011010011
00000000101010010000001111010011
01100011000000000010110000100111
00000000001011110000110111010011
00111011110000000010101010000111
11011010010000000010110110000111
10111010101100000010100000100111
00001000110100100000101101010011
11001110100100000010001000100111
00000001100110000000011001010011
00000000100001011000011011010011
00011110101000000010001000100111
01010110110000000010100000100111
01001111011100000010011000100111
00000001011101101000100101010011
00010010100000000010011110000111
01011010000100000010110000100111
00000000000101001000111111010011
11100000100000000010111110000111
00001000011100000000000111010011
00110110110000000010111100000111
01001010110000000010010110000111
01010011110000000010111000000111
00000000000101000000000101010011
00000001011000000000100011010011
01001101110100000010001000100111
00000000010010110000011101010011
00000000110011011000100011010011
00001000001000001000010001010011
01101101100000000010110100000111
00000000000110000000011111010011
10100010100000000010000010000111
01100111111000000010110000100111
01100000010000000010001000100111
00000001010100110000011111010011
01011010110000000010111010000111
00000000101101010000110101010011
00001000011111011000011001010011
00000000001100001000111011010011
00000001001001101000110101010011
01101101000000000010101100000111
00110101010000000010110110000111
00000001110011110000011001010011
11110110010100000010110000100111
01011011010000000010101000000111
00000001011111101000001001010011
00001000001111000000101101010011
11001001100000000010100110000111
11111011100100000010000000100111
10111010010000000010101000000111
11001000001100000010000000100111
11000110011000000010011000100111
00001000101100101000111111010011
00001001100110010000100111010011
00001000101100000000001001010011
00000000111100011000010111010011
11011001010100000010110000100111
00000110001000000010101000100111
00000001110111000000101001010011
11000100110100000010000000100111
00000001001100100000110101010011
01111001100000000010010000100111
00000001111111111000010001010011
00000001000010001000001101010011
00001000000101001000010101010011
11110100100000000010100000100111
11110001100000000010111000100111
00001001001101011000000101010011
11001100000000000010101000100111
00000001110010001000100111010011
00001001010101100000110111010011
00001001011110110000100011010011
00000001010001100000010011010011
00111110100000000010001000100111
01111000100000000010111000100111
00100011000100000010010000100111
10100101100100000010110000100111
00001001011011101000111101010011
00000001110000100000000101010011
00001111001000000010010000100111
00000111010000000010111100000111
00011101101000000010111000100111
00000000101111111000101101010011
11100111111000000010101000100111
00100100001100000010010000100111
00000001011000001000111001010011
00001001011000010000101101010011
00000001011100011000000101010011
00000001100011010000010111010011
01000010000000000010111010000111
00001000111100101000011001010011
00000001001011111000001001010011
00000001101100000000110101010011
01101111110000000010100000100111
01011100010000000010001100000111
00001000111010101000100111010011
00000001111000111000110011010011
00001000110100001000111011010011
00001001100010100000100001010011
00001001101111001000011111010011
11100011010000000010010000100111
00000001001011000000011111010011
10010111000100000010101000100111
00110110001100000010010000100111
00001010110000000010111110000111
00001001000010010000001011010011
00110110011100000010011000100111
00001001110110000000001111010011
00000001110011100000010101010011
00000001110100111000100111010011
01100100001100000010010000100111
00001001101010010000100101010011
00000000010110101000000101010011
00000001011100111000100101010011
10000010100000000010111000100111
10111001101000000010011000100111
00000001000011010000001111010011
01111111010000000010001010000111
00000001011111011000000101010011
11010001010000000010101110000111
00001000100000000010000110000111
00000000100000011000011011010011
11100111010100000010011000100111
00010001000100000010111000100111
00001001100100010000000101010011
00001000110100011000110111010011
00001001111101010000011011010011
10011011000000000010010100000111
10000010010000000010110000100111
00001000101110011000111111010011
00001001110101010000100101010011
00001000101101011000001011010011
00000001100101010000110101010011
11110111110000000010111000000111
01101111010000000010011000100111
00000010100000000010101010000111
00000001001001101000101101010011
00001001110001111000010011010011
10010001010000000010110000100111
10010011001000000010011000100111
00000001000100011000111011010011
00000000110000000010011000100111
00000001011101111000010001010011
00000000101010011000000101010011
10001100000100000010101000100111
00000000100101111000100001010011
00011101010000000010111110000111
01111001010000000010111000000111
00011010000000000010110110000111
00000001100111100000001011010011
00000000001011111000000011010011
00001001010101111000000011010011
10011000110000000010000100000111
00000001101110000000110011010011
00000000111100001000001101010011
00001000001100001000101111010011
00001000011000100000011001010011
00001001011010011000111111010011
00101011000100000010111000100111
00000001101100101000110011010011
01001011110000000010110110000111
01011001010000000010100000000111
00100000000000000010001110000111
01100000101100000010111000100111
11010101011100000010101000100111
00001001101011001000001011010011
00100010000100000010101000100111
00001001001010011000010111010011
10111011101000000010001000100111
10111010010000000010101100000111
00111011011100000010111000100111
00101000000000000010010000100111
11011010100000000010001100000111
00000000011000010000001111010011
00101010011100000010101000100111
00001000010111110000100011010011
00001000010111000000000011010011
01001000100000000010110010000111
00001000000000101000011011010011
11011111000100000010000000100111
00001000110000010000110111010011
01100001100000000010000110000111
11010100100000000010110000100111
00000001010110001000000011010011
10010111110000000010101000000111
01001011000000000010010000000111
00000000110111111000101111010011
00000001111001111000011001010011
00001000110101010000111001010011
01111111100000000010100110000111
00110010010000000010011000000111
01100010010000000010001000100111
00000000000100011000001011010011
00001000000101010000110011010011
00001001111101100000001101010011
00000000110100100000100001010011
11001111111100000010110000100111
00000001100110001000000011010011
11101011000000000010110000100111
00001000000001010000011111010011
11101001000000000010000110000111
00001000101110100000101101010011
00000001101110011000111101010011
00001001101111100000111111010011
00000110110000000010110000000111
00001000101000011000101011010011
01111100110000000010111110000111
00111110000100000010001000100111
00001001001101111000011101010011
00001000011000011000000101010011
00000001100010100000010101010011
00000000111100111000011101010011
00001000111010000000101111010011
10010111100000000010011000100111
00000001011111000000010011010011
00000001100100011000100001010011
01111110101100000010101000100111
10001111110000000010001100000111
00000001111101100000001001010011
00000001101110010000111001010011
10110011101000000010111000100111
10001110100000000010011000000111
00000000100011011000100111010011
01111000110000000010010100000111
00000000000000110000010011010011
00001001101100100000111001010011
00000001100110110000001001010011
10000000101100000010011000100111
10001010000000000010111000000111
01001110010000000010010010000111
11111110011100000010111000100111
11011001000000000010111000000111
00000001111011100000001111010011
10100011101100000010111000100111
01011000000000000010100000000111
00000000101110100000101101010011
00000001010110111000001001010011
00001000001111111000010101010011
00000000001110111000011011010011
00001000100111011000000111010011
00010101100000000010001110000111
00001000011000111000011011010011
00001001011110110000101101010011
01000110100000000010101000000111
10010011011000000010001000100111
00000001001010010000111011010011
00001000100001001000000111010011
10110001000000000010111000100111
00001001100110111000011101010011
00000000001110001000101101010011
00000001001110010000001111010011
01011010000000000010100110000111
00000001100110011000100011010011
10011010110100000010011000100111
10101011000000000010011010000111
01100000101100000010100000100111
01010001011000000010001000100111
00001001010011101000101011010011
00001001101011100000111111010011
00000000010000010000011111010011
10011110110000000010001000000111
00111100110000000010101000100111
00001001000010011000010111010011
10001101110000000010001000000111
01110101001000000010010000100111
00001000001110110000111101010011
00001001010000101000110011010011
00000001011100000000101111010011
00000000011100101000110101010011
11001001110000000010100010000111
01110010010000000010010100000111
01011110011100000010011000100111
11110011110000000010010110000111
00110000000000000010001010000111
00000001111000101000111001010011
11010011100000000010100010000111
10110100110000000010010010000111
00000001100110111000111001010011
00000000001101011000100001010011
11011100010000000010110010000111
00001000100011001000101111010011
00001000001000000010000000100111
00110010110000000010100010000111
01011110100000000010100010000111
00001001100000110000000111010011
01110111111000000010010000100111
00001001001001010000100001010011
01001011100000000010101000100111
00110101100000000010100000100111
00001001100011001000111111010011
01000001000000000010111010000111
00011000110000000010011000100111
00110111000000000010101000100111
00010011001100000010010000100111
00000001101011101000010011010011
00001001101110011000001001010011
00000001111100101000100001010011
01110110100000000010001100000111
00001000011001000000110101010011
01000001101000000010011000100111
00000000000001111000110101010011
00001000000000000000100001010011
00101011110100000010111000100111
00000001011001101000111111010011
00100100010000000010101100000111
00001001101101100000000101010011
01001011010000000010011100000111
00010011010000000010111110000111
01111111110000000010011110000111
10011101100100000010011000100111
00111100010000000010001110000111
01000101100100000010100000100111
00000000000111110000101001010011
01100010101100000010101000100111
11111101100000000010111010000111
11101110100100000010110000100111
01101000000000000010111010000111
00000001000001011000010101010011
00000001111111000000011111010011
00001001010001110000001101010011
01100110011000000010111000100111
00001001011101101000101011010011
00000001111001111000101111010011
11101111111100000010101000100111
00000000110010001000100001010011
00001001010000001000111011010011
10111010001100000010110000100111
11101100110000000010101000100111
00001000010110000000101001010011
00000000111010111000110001010011
11011100000000000010011000100111
00011111010000000010111010000111
00001000101000111000100011010011
00000000000000101000011011010011
00001001010011010000100101010011
00001000111010001000011001010011
11111111100000000010111000000111
00000001010010011000111001010011
00010101000000000010001010000111
11100100010000000010101010000111
00000000100110100000111011010011
00000000011110100000100101010011
00001000111000010000100011010011
00001001001001000000100001010011
00001001110011010000011111010011
00001000010010110000110001010011
00001000110000100000011111010011
00000000100111100000010011010011
00000000010100111000111101010011
10011101000000000010010100000111
01110000000000000010100010000111
00001000101101010000001101010011
00001000011001010000111001010011
00000001111000000000110101010011
11010111100100000010011000100111
00000000101101011000110001010011
00111001011000000010100000100111
00000000110101110000111001010011
00000000000000000000000001110011
00000000001110101011000101010111
01000001001001101000100111100010
00000000011101110101100010000101
11100101000011100011000100000000
00000000001100100110111100110100
11111001101010001101110010011011
00000000011000111110111110000111
11001010011010111111011000011110
00000000011110111001001111010101
10000011011100011111001001011010
00000000011111010110100001100001
11000011011101111111000001111111
00000000011000110100010100110011
10011111101000101111010101111010
00000000000010110110000011001110
00010011111010101101100110110001
00000000001011101100010011000110
00011011010110100101100111011000
00000000000101110101100111110110
10100010010011111011101011011010
00000000001000001011111110000010
11011100010110100110000111110001
00000000001011011010110011000001
00011011110011011101011011111010
00000000011100011111010000001110
01100101101001111010111011001000
00000000001111011101101011011101
11011111110000111011101100101011
00000000011010100001011011011101
11010001010001101010111010111001
00000000000011011100110101010111
01111011000011000110110101001110
00000000000010110011001000100100
11111000001001101110111011111001
00000000000100001111000001101010
00000001011111000111001001011100
00000000010101010010110111111011
00001100001100100100000010010111
00000000001100001100100000011110
11110110000010001111101110111000
00000000000010101011100101011011
11100101000001100010110010110100
00000000000011000010110110010110
01110100110010001010000100110110
00000000011111001000000110101010
00100100000010110011101011000101
00000000001000000011001010100010
11001011110001010101001011011110
00000000000010111010001100000110
01010001110100011011001111000001
00000000011001001011101011111101
01100100011100100111100010000010
00000000010000101110010111010001
10111100011110011000101111000100
00000000001000000100111110001101
11010100010001010001010101000000
00000000010011010000001100001111
11111010101011100100100101100101
00000000011001101100011011110110
01010110000000111001010101000101
00000000011110101010100001000011
10010111001111001110101110000111
00000000010011000011100101110100
00110010101000001000101110101111
00000000010101001001011000111001
01101000110111111010100011100111
00000000011010010000001000001001
00101010110010001001000001001010
00000000001000110010011100111110
00111110100100011010001000000000
00000000001110100111011100011110
11100010011100001011000111011001
00000000001110101001010010101010
01100110000110001011110101110101
00000000011010111010010011100001
10001001011010101101101110100001
00000000010010110101100100011001
00001110001101011011001100010010
00000000000000101110001010111001
11000000000000010010110100001111
00000000001001011011110011000000
00110111101101010011100010010100
00000000001011100010100111001011
01011000111011010101000100010011
00000000001100001111100100010001
01011101110111101011111110100000
00000000011010111010000111100110
01100001111110100110101110001000
00000000011110010101100000010100
00000100111010100010011101011100
00000000010001010111010100111101
01000001111100100101001001100000
00000000011011110111100011111101
00010111001000010011001110110101
00000000000010100100111010100011
11000111010000001110101011101010
00000000011110111000011110000011
10110000001010010101011100100100
00000000000001001100010111011110
11010000111111011000101000101001
00000000001011011111011110011111
11000011111110000000000100010000
00000000000010111000011010010001
01110111100010010101101000111001
00000000011011101000011100100000
10010001110110010010110010101110
00000000000000001101110010000000
00001111001101100111101011001010
00000000011011111101001110001010
11111010101010001011001000101001
00000000001110111111001100000110
11010001100110100111111001011001
00000000010000011111101010101111
01000101000111110101101000000011
00000000000101110010101000001100
10100000010011110101000010010001
00000000000111011001111010011100
00000010100110000011101100001101
00000000011101111011001111011011
11110101010101100100110010001101
00000000000001110010010011000101
10000010011100010111101011110111
00000000000100101110011100001010
11000111110110010010000111110100
00000000011001101010101000111101
01000110100001011101011100000000
00000000011111110001001011100000
11001100011010110110110110001110
00000000011101011001110011110111
00110010110111001010110011000010
00000000001101110010011100101011
00111001001010010100010010111001
00000000000001110000000010111000
11110100011010100001011101011001
00000000000101100110101011100111
10110011010100110001101101101001
00000000011000110011001101111101
10000011001100000001011010111001
00000000001010001001011010011001
11111000101001001101000011010110
00000000000010010011101111011000
11101110110100010111110000011100
00000000011010000011110011111101
10010111010100111100000011011001
00000000010111110100011011010101
01101100101101011110011111110111
00000000000101000100011110000001
11111101111000000001010010000100
00000000010011010010000001001111
10000010111110011000011101011110
00000000011111011100000010000011
01111100111100011001110001011000
00000000010110001110111011010000
10110110110001011010100101101110
00000000000001011101011110100000
01000110101100011110011110101000
00000000011110100101111111110010
01110100111101011110100100000110
00000000011001101100111011100101
10110000101110100100011000101101
00000000000111101100010110000110
11100001100111111100010011111101
00000000000001110000101010101001
01111101011000100100110111100000
00000000000100000101011001000110
00110010001001101101101101110100
00000000010110011011010101111000
01010101111010111101110010100101
00000000010100010001101111000010
01000111111110010001110000101100
00000000011001001111010111110111
00100111011011000010101001001101
00000000001100100110011101010110
01100000011110111101101110000110
00000000001101100010101100101011
01001000000011010001111110100011
00000000000110110010101110110110
00101000011111100010110100000100
00000000010111100100100000000110
00010101111000100011000110111010
00000000001010101010111001011001
11000011000011101110000011100011
00000000001100000100111100011000
00001000010010000001000011111010
00000000000110011110001110100110
11111001011000000000000111001010
00000000001100000011010011010001
10011011011000101000000010010111
00000000000010001101100000111011
10010010101011000111001010001100
00000000001001101111010001111111
01001100001110011001101011100110
00000000000110100111001110011101
01110001010100111000101011100101
00000000000110111110001110111001
11001101011100000010111100111111
00000000010111010001111011001100
00101101101100101011100001010001
00000000000011000001110001110100
01001101111110000001101101100010
00000000000100110001111000100011
10111110110101011001111100000001
00000000001100001111100001101010
01001101011101100110110010000111
00000000011001010011101000111100
10010011011000011001000111111010
00000000001011111000101101111110
10011100111011001100001000000110
00000000001110001110101100010101
10001110100000100100100100011100
00000000010110101111001100000010
00100010001101001100110111010011
00000000001110010011001100111110
00101001001101001111111111100110
00000000011011110000001011001001
11001010000000100011110110010011
00000000001011110101011110101001
10011001101000110011100000000100
00000000001101100000111100011001
10000001001010000000110101101110
00000000010001111010000011100011
11101000111001110100100101010011
00000000000010111111101101010110
00010001001011101100000111110000
00000000000110110000100101100100
00100101001010010001110000101000
00000000010110101101001111111001
11111011100011111010111111100110
00000000001010001110100011001011
00001010010011100101001010011110
00000000011001101000000001010110
00000110111001010110111111100000
00000000010101110100101100010010
01110000010101001011001000111101
00000000010000111010000010001111
00011000010000011001101111010011
00000000000010011110011000100101
00100111101110101101011111101100
00000000010001000101001111010011
11000000100101110000011000000111
00000000011000010110111001110100
00011101110101010111101000100010
00000000010010011010100101001100
11101110011001011011101110010110
00000000001100010001010100100010
11000111100100000111001010110101
00000000000110011001011001001011
01111110101001001010110000110111
00000000001000010001001110000011
10110011011001101111110110100000
00000000011010110000011000001001
10100100110000110101101000011010
00000000010011010000011010101001
00101100010011011111010100010011
00000000000010010101100100100100
11000111000111011011000101011101
00000000010011010000111110001001
01000000001111000101000101101101
00000000001001100001100011010111
11011110010000000111101101001011
00000000011101010010001011011101
00011111011110000100010110001100
00000000000101001011011011101111
01011110101111110001000011100100
00000000000100111111000011111111
00101000100000111110011011110001
00000000000001110001010000000011
11001110101101111101010000011101
00000000010011001101010101100100
11110101011000000100101010111110
00000000010111111000100100110110
00100010000110100011110000110000
00000000011000101101010000010110
11110101011111001100000111110101
00000000000110101001000011100011
10100001101110101001000101101000
00000000001101111001111110101110
11011000101100101011111000000101
00000000010010000110111001000111
01011010001101111001001001011101
00000000010101110111001011001111
10101000101010111110000001111100
00000000001111101101101001000010
00110111011011101011100100010110
00000000011100110110011001100110
01100000111111101111111011011011
00000000010111100100100111101101
00011010101010100111101011110000
00000000001001010101000001000000
11011010111000101110110001011101
00000000001011000011101001010100
11111100010110010000101111101001
00000000010101011011001101110111
00110110101010001011111011001110
00000000011000010100100000110111
00100110000011001101100111110100
00000000000001110001111100111100
00101010011010101110100000011110
00000000000000001010000111000000
11011111100101000001001010100010
00000000010110111010000000111010
10100001100101110010110101000100
00000000000000100101110110101000
11110000000101101001001110110011
00000000010101111011111101010001
11011001010110011100010011001111
00000000001010110000001111110100
11011011100101000110111100010100
00000000000001101010111010010100
00011011011101100100000101010111
00000000010110101000101011100001
01001010110000001100001011111010
00000000010100010111000111001010
10101010111100001011110110011010
00000000011110010101100000110000
01100010100001000010111110110110
00000000001101011001010001111000
11010000101010000101011111100001
00000000000000101101101011000111
11001100110111011110110110101001
00000000011101011001010010110000
01100010101100110001000100000111
00000000000110110110101110011001
01111011100111101010100000011000
00000000010001101010110001111000
01000110000011011100000101110110
00000000001111011110111011001100
01111011111010111001101011010011
00000000000011011011001011000111
00011100101111100010000111110000
00000000000111010100000100110110
01000000110001001100101110111101
00000000001101010101100100100010
00010010011011011000010100001000
00000000010111001001010010100011
01001011010100001011001101010100
00000000000001101110111010100011
10110110010101010110000011010101
00000000001010100100110101011110
10000001001100000111011100011011
00000000000000101011101110011001
01100111111111001110110000110110
00000000010111110001001010110000
10100010010111011001010111001000
00000000010001111110011001100011
01110000101001010001111111101100
00000000010110010011001111011100
00000111111110100101101101011100
00000000011110110010101100110111
00111010110011010110100110011001
00000000010010110101011100000100
10101101100000011111010111101001
00000000000000101100101010000100
01101011101000100010101000001101
00000000011010100011001010010010
01000110001010100010100010001010
00000000011000000100101110011001
10111111010010001011000001001010
00000000010011001101101000101011
10000101000110011010100101110100
00000000010000111010101010010001
11110100100001000100010111010100
00000000000000001100001010010001
10010101101000010010101110010101
00000000001110111111001000111110
01111011110100100101000100100001
00000000001101001011011100010100
11111101100000011001000010101010
00000000011010100000001101001100
11000111010010101111110101000101
00000000001010110101110111110111
10011010001011100000101001100001
00000000010101010010100000001000
01001110001010101011011010100001
00000000011010001101010111100001
11010110011100110111111001001110
00000000000100101100000000100010
00000110000111010011110111101101
00000000011110111001001011100010
01111000000011010111110101011011
00000000000001010101100000000111
00010011100010111101011000011101
00000000010111010010100111000000
01000011000010011010011011010100
00000000010110001100011100111010
11111110111011001101100011000011
00000000011011010010010000011110
11011110001000010010101101101111
00000000001010001010010101110001
11011111111100000100100110110101
00000000010100110010101100010111
01101110111011100100101110011010
00000000000110000111000000111011
11110010000000110100011010011001
00000000000000010001010110001011
11011011110001100001011100010010
00000000000100011101001101100100
10010000100010110011010000101001
00000000011111101110101101000011
11001010011111001110111110111001
00000000010000111111100000101111
00000111011000100011010111100000
00000000011010111011101111011110
11101110101001001111101011001010
00000000011111011100110100010100
11001000001010110010111001111001
00000000011110010101101001011111
01111100011010010111000110101001
00000000000101011000001010110111
00000001110100011100001010001010
00000000010011111000000000110111
00011010101111010011000111011011
00000000010000110110010000011111
00010011111000011000011001000100
00000000000001001011111000001101
00110000101000110101011101110111
00000000011100010101111010101101
10110011001011011110010011100011
00000000000010100000111011011110
10100001000000001111111010100000
00000000011001011010110110100100
11010101010010100010001011010110
00000000010011011000100000010010
00110010011100001010101101100111
00000000001110101010111011001011
11001011001111010100010101011111
00000000010010011011010001101110
10101011010000001101101011011100
00000000000101101100100101000001
10010111101010100001110001011101
00000000010000011101010011111011
00000110111110101110101100001011
00000000000110011111000101110101
11010101100001111011001100001110
00000000010110001111110011110100
01101000001111001010110010010111
00000000000111101000110001110101
11011010010100111000101010001001
00000000001001000101001010011010
11111010100000000100101001010111
00000000010110101001010000001110
00001010111011001100011000000110
00000000000100001110011001010100
00010010111010011011001000101111
00000000010000011101100011010111
01001101101011101111101101111110
00000000010111011111000101011000
01011111111011101011100000101100
00000000011000010110101011000010
10110101010010011000110101101110
00000000001111100001101001110110
01101101001110000101010111100100
00000000000100001100011011101011
10100110101110100000001110001001
00000000000111110100101110111100
10111011110010001000000000010101
00000000000011011011101101100111
10110101011001000001000100111011
00000000001101001110101100001110
11101011111001000001010101100111
00000000011011000000010001110111
00110100010011010001110101101101
00000000011000001100111101010010
10111011100100110010000110001001
00000000011001101110100111110111
00000010011001111001110110011000
00000000001001111100000100001001
11011110110000101101010110011110
00000000000000100110101110101011
11100011001100001010100010110010
00000000001010100000110101110101
11110000111000100110010010100110
00000000001110001010001000111000
11001000110000100001101100011011
00000000010101010010110111001101
01011110100111001000110000111111
00000000010111101000100100010101
01010010100111100101111000101000
00000000011010001010011011001000
10000100111111011010100001100011
00000000011110011010111111011010
10100010100101000100001101001100
00000000001010011001110001100101
01110000110010000000110110111001
00000000001010001011111110110111
01011110110100000110101110001011
00000000000010101000011111011000
11010000101001100000000101010111
00000000000000011000111000001100
10110101010101011010001010000110
00000000001111010100111011110011
01110101100101010110000100110100
00000000001001001011110101000000
11101101001010101001101110001001
00000000011011011011000100010000
10011010110111001010100000010000
00000000000110100111000000011110
10011001111000011110011001100001
00000000010000101000000000011110
10110101001110111111100101111010
00000000001001000000101010100100
10111001001010100100111010111110
00000000010000001100000000101010
11011011011001001110000111101100
00000000000010110001110011010001
01001100000011111101000001000100
00000000010100001011100100000101
10001000110010101001001001110100
00000000011001100101100001110010
11111001011011001010111111110100
00000000010011010000111001000011
10111110101000111111111101001010
00000000010101010100000100100100
00101010011000001101100101010000
00000000010010001101101011100011
11100101100000011110000001001111
00000000000000011010100100000001
00011011000011101100001010101000
00000000000001000100101101111001
01100000001011000011001000000111
00000000000100000111001010001100
11110100000100111101111011101101
00000000000001000000100100100111
10100110000111011000110100011010
00000000001001100101000110101110
01000010010011000011011101000101
00000000000000111110100101011011
11000011100010101111101001111111
00000000011001110101101001110011
10000001011110001011111100011000
00000000000111010011000011100111
00111011001111010011111000101100
00000000000100001010100001101101
10101111011011111110001110010001
00000000010011100011011011001010
01011101110111111101010011110010
00000000011111000110100111110101
10001110000000111010000010011110
00000000001111110100100000100111
10110101001110000000001011010100
00000000010100111100000011110110
10110011111100110001101010010110
00000000011110011101100101010111
00001001100101110110000011110011
00000000011010110010100111100010
10100101110111101110010011110101
00000000001010111011011100111010
11111100101100101010001000011001
00000000001000011001011101111110
11100100010010111110111111010100
00000000010100110101001101111101
01011111011010100110101101000000
00000000010100010100100011100001
01001110010011110001000010100000
00000000000000011111011001000101
10110000111010101101100111110011
00000000010001000000110010100110
00100101010001010110010101011011
00000000001010110010010011010100
00111001001001110100100100111100
00000000000011111011011110100110
00100100010010110100000110100011
00000000011111110010101110111000
00000001100101111001101111111110
00000000001000011011001110100101
10001100010011101110000011100010
00000000001101000010100001100110
10100000001101110110101010001101
00000000011101100100011111110011
00100011111010100010100001001000
00000000000011011100101011010100
11101001000001000010100010100111
00000000000010110101001100010110
01101110000110010000000110011100
00000000001101111010000011010110
00000010100010100010011100010100
00000000000101111010111011011011
01100010111011011111111111011001
00000000011011001111011010101010
11000000001000110111000010101110
00000000000010111101011110010110
10010110011001010110011011110010
00000000001001011001001100110011
10001111010010010101110010001101
00000000000110001101010011000100
01011110010111100101110101111010
00000000010110010001011000101100
11011010110010110111000100001001
00000000001000011100011111010000
00010111011011010001100000001001
00000000010100001110101011101110
00001110010111011001000111111110
00000000000001011111011011010101
11111001010111100000010000111111
00000000000111100001100011001011
01010010110110000001001110111011
00000000011010011111111001100000
00100011100010110001001111100001
00000000001100101101000111110010
10111011000011100000110000110011
00000000000011111001101011000001
00000101110000010101010010101111
00000000011010101110011011000100
00001111000001110001110000001001
00000000010111101000100011011011
00100100111011000011000010101101
00000000010000101110011100111010
11001010110101101010001101101010
00000000011110011010100010011001
01001001101010111111101100111010
00000000000011100000011010101010
00010100111111001000000010101011
00000000010010001011111110001100
00001011111100011111010000100000
00000000000111101000010010101010
01001111101101010001010000101111
00000000011111100010111111011001
10011100110011110001110100011110
00000000000000100111011010100000
01011010000111011111111001100011
00000000011000011100001011100010
11001001000000000000010010111110
00000000011100101100110101010100
00101011101100001001110000010101
00000000011110100000010011110001
01111011011101000110111111111011
00000000000010111000001001100110
00011001000001111000010100101011
00000000010011011100001000101010
11111100001001100001101000111111
00000000000010001000101010100011
01111101100101110111010110000111
00000000010111000010100110111100
10011011111001011011111110110110
00000000000000110110100011100000
01110001110111001001101100101001
00000000001101110110011111110000
11011110101101011000100101110011
00000000000111110010000000001001
11111101110110011010110010110111
00000000010011110100100011011001
10110100100000110110011111011010
00000000000011001110110010010100
11011011000100110100110011011100
00000000011111100101110011000001
01100011001100111100110010110011
00000000011110001101000110100110
10100011010010001100001101011000
00000000001011100000101010010111
10000111010100000101110000101101
00000000011000100001100110111111
11010000110010010101010000111000
00000000010000111000111011000010
10011100010110011100001011100010
00000000001001100010101000101000
00111101110001001111101011001001
00000000011011010100010000111101
11010111101001100101011101110010
00000000001100000100010101001101
10111100100001010000000100101011
00000000011000101011111011100011
01011001001110011111100000100111
00000000000011000110011110101000
10010010011011110101111011110010
00000000001110000000110110000000
00101111101100000011111101010111
00000000011010100001001010010100
10000011111101011111100111000000
00000000001001000101000010100010
00110001100100001000001100111000
00000000001110100111010101101110
10111100001110110101111110100100
00000000010010001010111101100101
00001011000000101110011111100100
00000000001001101001011100100010
10011011101101010011100001100010
00000000010011010110110001010100
11111101101101001011001110010111
00000000011010011000101101010101
10110101000111001100010111000001
00000000001001001100110011101100
00011110001001001100001111101101
00000000010110101100010110110111
10011001100110110010111100001111
00000000000110110100010111000100
01100100010100000110100010111000
00000000000011000111000100000000
00111011010101010110101101000010
00000000001001100001011110010110
11101010100101010111110100000111
00000000011001001011001110101001
01001010010100100001100010000101
00000000010010010101101110111100
10111101001000110111111101000000
00000000011011101011011100101110
00000010010101100110111010110101
00000000001001101110000111101011
01000010110010111001101101001001
00000000010011101101100010011101
10100011100100110101111110000000
00000000011110000100001001010101
10010101110100011010000110101110
00000000000010000110011100000101
10010011111000001000000100110001
00000000000101010011011001110100
01100101101101001110100111011110
00000000001111111010101011010000
01100101010111011011101101010010
00000000010101100001000000100001
00011110010011110001011001000000
00000000000011011011011111100101
11000010100111001100111111001000
00000000010100100101101010101100
10010100001001000011010111010101
00000000011111001001100010000010
01111100001100111111111100000101
00000000000111110001011010101101
00010111100001111100101110010001
00000000011110101010000110101011
10000010110111001110100011111001
00000000011111110011110010111001
10110110101001110010001011111001
00000000010100110101000111100101
10001010000000101111010111110101
00000000000011001011001100001010
11001101000110111101001100111110
00000000001010010000000001111000
11111010001011010101000010101101
00000000001011001111110011000110
01111010101110010001010101000000
00000000000110100101010101101001
01101111101011100011000100001011
00000000000000110100010010011111
10100000110001100100001111111100
00000000011111011101001011011100
01110000000010111110101100000011
00000000010100101110001100111000
11101010101101100100011001110001
00000000010110000111101110001100
11110000101101011101011111000101
00000000001111001001010011011111
11100011100001111011111110110101
00000000010111000110010100101001
10000001110100110001111111010010
00000000001010110110100000010110
11001100010001000111000010011100
00000000010111100111111000100111
11011001111000010100110100000011
00000000000101111001000010000100
00011100000001110000010010110010
00000000000111101011100110101101
01111011001101111110010001001011
00000000011111100000010111100101
10111011111100101101010001111101
00000000001000101010110110001100
00110110111000100010011100100111
00000000001110010011001101010100
10001100011101010110001001001000
00000000001101101100000011111011
11001010001100111100000010011011
00000000001000100010001111001010
11001100111110101110101000101011
00000000000110110110111001011101
00101110000101100010111111001000
00000000010011011101011010001111
00010100000001100100111011000110
00000000000010100010000011100000
01010111101000111100100111000011
00000000000100011101000001011011
11001111000110000110011110001110
00000000000111011011011111011100
01100010111000000001000100010101
00000000000111100000100000000100
10100001001101110111011100010111
00000000011010110111100001101000
01110001011110011101011110001001
00000000000011010100111110100111
11101101101000010011111110000110
00000000000101001010011001100010
11100111100010000110110100111101
00000000001101100010101110000110
00111111011001001111111111110110
00000000000111011111001001010011
10100100001000110011111001010001
00000000010010100001010100101001
00001001100000011000101011100010
00000000000010001110110001100101
11001100001111111110001001110010
00000000000011111011110010110001
01101110001001110100001011001001
00000000001111111111000101000110
11110000111010110011000011000100
00000000001001011100101010100111
11010010000110101010110111101100
00000000001100011110110110011110
10001101110101101110101110101001
00000000010110111000010010100111
01111100010100011011101100001001
00000000011011011000011110110110
11010101010111111000000110001011
00000000000111101110100000100001
00111000110011010011111101100101
00000000011010100000111000010000
01100001111010001000010011100111
00000000010010110001011011000110
10001111110001111010010100110011
00000000010110001011000110101010
01111100001100110111111010101011
00000000010110100110101111110101
01010101010100011000111010100000
00000000010110100100101000101110
11001011011110011101001010001111
00000000010001010110000010100110
10100011101111000100001000000100
00000000000001101011011011011010
00001101000101111100001010100011
00000000001111011111001010110010
00100001000101001011110000010010
00000000011001101100111111101010
10100101001011101011100001001000
00000000000010100011000000000011
11111001010111100111000101111110
00000000010111001001110001011001
00011110111000101111100111001100
00000000010010000011110010010101
10100101001110001001010101011001
00000000000000001100001001100011
10111110010110001001110011111101
00000000001000011000100011111001
10101101100110000001110111100010
00000000000111110111110100100011
11010010100001111010001100101000
00000000000001100101000000010000
11111010111110111111010001001011
00000000000101110000001010000000
10001000100101011110011001101100
00000000000010001001111101111110
10111010001101100111111011111011
00000000010000110011011101111011
11011110010110110111100011111100
00000000011011111100111101101010
11100101111001111100010010111110
00000000010011010110001001010010
11111000101001000101011101100000
00000000000000111010010100110101
11011110010011001111100110001010
00000000000110110100011001110110
11010111001110010010000011100101
00000000000111001111110111110100
00101111011011011101101100001110
00000000011101000100001000001011
10010100110100010111101111100111
00000000001111100101000010000011
01100001011111001010100011000111
00000000011010100111101001000111
00010001011011011010100110000101
00000000011111000110011111000001
01101001001011001111100001011110
00000000011010000110010010100100
10000100001111100100100001110110
00000000011001101101001101110010
00110111000010100000001010110100
00000000010101111001100111000011
01011000111010111100100110010101
00000000000110101011110100000101
00100101100001100010101000111011
00000000010101000101101001101001
10000110101110110101001101000000
00000000010010111001000011000000
00101100001110011101001101101110
00000000010110110000101100000110
01010111011110100100010101100110
00000000001100111010000110010010
01000000100000001011010000010110
00000000000011000100100111001110
01011001111011000110111010010100
00000000000100000101101011111101
01101011010000011100110001110101
00000000000001010000001001100100
00001001011000001011111111001111
00000000000011010111101011101001
00011101001010010011010101011111
00000000000010000010100000010111
11001000010100011001110010010111
00000000000001011011010111101010
00000010011010101100010000010010
00000000010101010110100010011110
11101000101100100011000100010001
00000000000111111011111010110111
11101010101101001000000010110010
00000000010000101101111001101101
11100111010000000100001001011010
00000000001101101011110001010001
10111010011000100001000011001011
00000000010101001010111011110101
01101000001010010111110000101010
00000000011011101100001111110001
10011010110001111111000001001110
00000000001010000000001101100000
00110101010111100011000011100111
00000000011010111000001000010000
00011011000100010000001100010100
00000000001011100100011100001100
00000001001001000111111010101011
00000000011010110101010111111000
00001110101010111100010000101011
00000000011010011000010010101010
00101011101001000010010001000010
00000000011110001010010010110010
10110000111011001100100101011001
00000000001101101010001110100011
00100101010111000011101011111110
00000000000110010111001001110000
00000000000110100000100101011011
00000000010100111101000001110001
10101011010100011101100111111011
00000000011111101010000101000100
00001001001000001000010111101011
00000000011001001000101111010000
01011010000110110101110010000001
00000000001110110100011011010011
11011000010000001000111101110011
00000000000000110011011000111101
10011111110010001001011011110101
00000000001001100011011010011110
10111011011011101011000011010000
00000000001001100001000111000110
11100001101000000100101000011011
00000000010111101111100001110000
10100000101111111110111001001000
00000000011110011100101010100101
10100011100111101010111100100000
00000000011001100110111000100000
11001101001001011010111111010001
00000000010111001110011101101111
10101001100011110011011000000010
00000000010001011011001111111100
10010011010010000111110111001100
00000000010101110000111110110111
11000111100101010011000011111000
00000000000100001100011010010011
11010001001101000010011100010100
00000000000010000101110010110110
00010001101100000010101110001010
00000000011011101001010111000110
10010010011011111110110111001010
00000000011101011000011101110111
10011011111001110000000010101010
00000000000000111111111100010111
00001101010101001111001010101111
00000000000000100110110111101011
10001101011111100111100110111011
00000000001000001010000011000111
11111000011000010110010111011101
00000000011011110001001011001010
11110101010111100111100000101011
00000000000001101000111001001110
01111100110010011010110000000011
00000000011000100110010000000010
10101101111001011111001111000000
00000000010011010101000010011100
11001001110000010010010111011100
00000000000101100100100110001101
10010110000000111101110110011101
00000000000101011111101100011101
00000001110011110001100011100011
00000000010000110011011111010111
11001110010011110101010010000011
00000000011110110100110101100101
00010011110011010011110100100101
00000000000111011101001001000001
00001000001110011001100101001111
00000000000011001000010001101111
01100111001011001001101100101000
00000000001101010011101011111110
00101010011001111000100011011100
00000000010110111111010100000001
11110001111011000001001001011110
00000000001010011000101111010001
10001000100001011110001101111011
00000000001101100011111011101110
11010000001010000101010000100000
00000000011101001111101000101101
01000111011101010011001010000101
00000000011101000010011011100101
10100101001101110011011011001110
00000000011010011001111111100100
10000111001101000101101110101001
00000000001001011011010100110101
11010000110010110000101111111110
00000000001110000000100010010101
11010101011101110100110011100011
00000000010111100001011001100001
01011100101010110010100111001101
00000000011010010000001110111010
00000101100010110000100001011001
00000000010110100001011111101000
10101100011001011100111101100011
00000000000110000000110101001010
10011000101000111110000100110001
00000000010101110000010011011100
10011110111101011010101000000001
00000000011111100110011010111011
00001100101011110001100110100101
00000000011010111111100100000101
11000010000110010110111001010110
00000000011000100110011100100101
11001110100110100110111110001111
00000000000001110000001001011111
11000010100001010000011110111100
00000000000010000101101010101000
00111010111111110101011101100111
00000000011100011111110011110111
10111100011111101010100100101100
00000000011011010110001001110001
00011111011001101111111001100010
00000000000111101111111001110000
01100011111001010001100111011011
00000000000010011110101111101000
00011001000100010100100011011110
00000000011001000000011100101000
10000111111110110110011111011100
00000000000000011010110011000100
11111100000110001000100100101010
