01111111110000000000000000010011
01111111110000000000000000010011
01111111110000000000000000010011
00001001001110011000101111010011
00000000001111000001110000110011
00001001100100010000100111010011
00000001110101111001100100110011
00000000101110100000111001010011
00000001010010101101111110110011
11000000000100000010111000100011
00000000101111011001110000110011
01000000110000011000011100110011
00000111001000000010011000100111
10000110000000000010010000000011
00001001001100000000000101010011
10100000101100000010111000100011
00000001000000000010000000100011
10000101100000000010001000100111
00001100100000000010010000100111
11101010010000000010000100000011
10100000001101000001011001010011
00000000000000010000001001010011
01011010010100000010111000100111
00000000111011100000011110110011
10100000110111010001011101010011
00000000110101010000100010110011
11100000000001100000110111010011
11010000011000000010111000100111
11100000000001011000101111010011
11100000000010100000011001010011
00110101101100000010001000100111
00000001110101010000010011010011
11100000000001100000011101010011
00000000100001110000101011010011
00000001001111110101111110110011
00000001011100011001110100110011
00000000100000110101011110110011
11100000000011111000010101010011
00000001101001011010000110110011
01000001011000111000000010110011
01110001011000000010011000100011
00000000100101010000011111010011
00000000001011000101001010110011
00000000101001100000000111010011
11100000000000000000100011010011
00001000101101001000000101010011
00000001000100010000101110110011
00000000001011101001110000110011
11101101110000000010100110000011
00000000111000010001110010110011
11101111110000000010010000000111
11100000000001001000001101010011
01001101011000000010011000100011
00001000000110110000010011010011
00000001011000001000100110110011
11010001000100000010010000100111
00111000000000000010110010000111
01000110100000000010100010000011
00101101010000000010000110000011
00000001010000010010101010110011
00001000111000010000111011010011
00110011010000000010101100000111
10111111100000000010001110000111
00000001101011010010001110110011
00111110000000000000100000010011
01000101010100000010111000100011
11101101010000000010001110000011
11100000000001100000101011010011
00000000101001111000100010110011
00000000110000010010100000110011
10100110010000000010000000100111
01100001010000000010010110000111
00000001000001111001010010110011
00000000010110110000011010110011
10101000010000000010010100000011
00000111100000000010110000100011
01000000101000100000100110110011
01011100100000000000110010010011
00011011010000000010001000000111
00110001111100000010011000100111
00000000010101110000000111010011
10100000000000000010010000000011
01000000010000000010100010000111
10100000011101000001101111010011
00000001100000110000011010110011
01111010001100000010011000100111
00001000010001111000001011010011
00000000000010110000001000110011
00000001010010100010001100110011
00000001011110010001101000110011
00001001100101100000010111010011
00000000001000010000100000110011
00000000001011011000110111010011
00000000010000010000111110110011
00000000101001001001101100110011
11101101111000000010110000100111
00000011010000000010111100000111
10100001010011001001000111010011
00000000111010010010011010110011
10100001010100000010110000100011
00000000101111101001010100110011
00000001010110011000111010110011
10100000111011010001010111010011
11111001010000000010101010000011
00000000111001001101010010110011
00000000000001010010001010110011
01110101100000000010101000100011
00000001101101110000010011010011
01000001011111110000110100110011
01000001010110101000101010110011
00000100010000000010010010000011
00111111110000000010001100000011
10100001000100100001010111010011
00000011000000000010110000000011
11011001010000000000011000010011
00000001110110100000110010110011
11001000010000000000011010010011
00000001010000000010011100000111
00001000001100111000010101010011
00001001110010110000100101010011
10000011100000000010001010000011
11100000000000111000101111010011
10110110111100000010111000100111
11100000000001010000010101010011
00000001011110100001011100110011
00001000100001101000111111010011
00000001000001001000011111010011
01101110010000000000010100010011
11111101000100000010101000100111
00000001000000111000010010110011
00001001001100110000000111010011
10101101100000000010011010000011
01000001010001101000100110110011
00000000110110111001100010110011
00000001000101010000000111010011
01011000001000000010001000100011
00000001011101110001111000110011
00000001101001101001100100110011
00000000001000001000110011010011
00000001001111100001101000110011
11100000000010010000000011010011
00001001111001011000001101010011
00000001101110110000100101010011
01100001000000000000001010010011
00001010100000000000001100010011
00111101010000000000001010010011
10100000000001111001100101010011
00000001011100110101110110110011
00001000011100010000110011010011
00000000111111011101101010110011
00111101110000000010011110000011
00010001000000000000010010010011
00000001010001010001100000110011
01101000001000000010101000100111
01101111100000000010001010000011
00001001001011001000010111010011
00001001011101011000111001010011
00001000101011110000001101010011
01110100101100000010110000100111
00001000000101100000011111010011
01000000101111011000111000110011
00001001001011000000010011010011
00000001100010001101111000110011
11100000000011100000100011010011
00000000000001011010001100110011
10100001100000101001010111010011
00000001011101110010010100110011
00100100000000000000110110010011
00000000101101101000111010110011
01000000101111000000011010110011
00100100010000000010101110000011
00100101111100000010001000100111
00000001111100011010101100110011
10111001010000000000001010010011
00001001100001000000000101010011
10010111000000000010010110000011
00000001001110100000001011010011
00000001110010011000111001010011
00000000111111111101010000110011
00000000010001010101101000110011
00001110000000000010100000000111
11100000000010110000100111010011
11101110001100000010100000100011
00001001110101000000110001010011
00000000011011001001011100110011
00000001110111010010001010110011
11100000000001101000100001010011
10100000101101111001001011010011
01100110010000000000111100010011
00111000110000000010100010000011
00110101000000000010100000000111
11110010110000000000000110010011
00000000011101110001101110110011
11100000000010001000001011010011
00100010010000000010011000100011
00000001111001100001001100110011
10010111000000000010001010000111
11100000000010011000000111010011
01001011100000000010001000100111
10101010000000000010001110000111
01100011001000000010000000100011
00000000001111010001001110110011
10100001010011001001111001010011
10101011100000000000000010010011
00000000110001010000001110110011
00000001100010000001111010110011
00000000111100010010011000110011
00000000111011100001110100110011
00001001100100111000010111010011
00000000010101000010001000110011
10110000000000000010010110000011
11100000000011110000100101010011
00001000110111000000001111010011
01110100010000000010110010000011
00000000100000101001011010110011
11100001011100000010111000100111
00000000111000101010011000110011
10100000000100000001111111010011
00000000000010000000000111010011
10010101010000000010110000000011
01011011010000000010010110000111
11100000000011011000101101010011
00001110110000000010110000000011
10011000010000000010101000100111
00000000110001000101100110110011
00101000000000000000101000010011
01010110000000000000111110010011
11000010110000000010010100000111
01000000111000000010100000100111
01100101010000000010100000100111
00001100110000000010000100000011
10110111100000000010001100000111
10100000001101111001001001010011
01000000100100100000111100110011
00001001101010011000110011010011
00000001110111011101100010110011
00000001100000010001100100110011
11100000000000000000011001010011
00000000010011001010001010110011
00000001000000000101010100110011
01001000010000000010100110000111
00000000111011110000110011010011
00000000110100011101010000110011
10100001110010001001001111010011
00000000111010000000111110110011
00011100000000000010111110000011
00000001000011011000110010110011
11100000000010001000111011010011
01110000001100000010000000100011
00110110101100000010010000100011
00000000000011001001111110110011
10101001000000000000110000010011
00000000010100000010110000100111
00000000010100100000010110110011
10011111100100000010100000100111
00000001010001001101000110110011
10010001010000000000101010010011
11100000000000101000010111010011
00000001010000111010000010110011
00000001110011001101110010110011
10100001101100110001000101010011
11100000000001010000001001010011
10101100111000000010010000100011
00000000010111011101110010110011
00000001111000010101100010110011
10100000100110010001001111010011
01000001101011101000100100110011
01000001001000110000001000110011
00101000010000000010000000100011
10100001101001110001010011010011
10011110110000000010000100000011
01101010011100000010110000100011
11100000000011010000101111010011
00000001111100011001111010110011
00000000001100110001001000110011
00001000000101111000011011010011
00000000101011001010010110110011
01110001110100000010010000100111
00000001100101110000101111010011
00000000010111000101101100110011
11110000010000000010001010000011
10111010100000000010100010000111
00000001100111011010010110110011
01110011010100000010101000100111
10110000110000000000001010010011
11111100000000000010101000100111
10001100110000000000100100010011
10101010100000000000010100010011
10000111000000000010010100000011
01000001010011010000011110110011
00001100111100000010001000100111
00000000111100110000010101010011
01000001101010101000010000110011
10100001110101110001000101010011
11100000000000100000010011010011
01011111100000000010100010000011
00001001100011110000100101010011
00000000100000101001010000110011
01000000011001011000100110110011
01010110001100000010001000100111
00000001100110111101111010110011
10000110110000000010100100000011
11100000000001111000011011010011
00000001001011100101101100110011
00000001001101000101010010110011
01000001111110011000111000110011
11100111110000000000011000010011
10100000011110101001011011010011
00000001111001101010010010110011
11100000000011100000111111010011
11100011100000000010101010000011
00000011110100000010011000100011
01000000111000000000100110110011
00000000111111101101111000110011
00000000111110100101001100110011
00000001000101111010101010110011
01000000001010110000101010110011
01100111110000000010000010000011
00000000011110110010010010110011
00000001000001110101010010110011
10110111010000000010100100000111
00001000100000100000001011010011
00000000011010100001111100110011
01000000010110100000100100110011
00000000100101010000010101010011
00000000000101101000101110110011
10100001101110101001010101010011
00001000010010110000000011010011
01100111010100000010000000100111
01000001100111101000010110110011
11101110010000000000011100010011
10100001101101010001110111010011
00000000100101110000111100110011
00000001001001110000000110110011
11011110010000000010011010000111
00000000100010101101010110110011
00000001000001111000000110110011
00000000011001110000010001010011
00100110100100000010101000100011
00000000100010001001110110110011
11100000000010000000011011010011
00011011010100000010100000100111
11000010000000000010100100000111
10100001100110111001010001010011
11011000001000000010111000100011
00000001101100010000101000110011
00000000001011000001101010110011
10110111110000000010100100000011
00000001000100110001101100110011
00000001010100111001011110110011
00010010111100000010010000100111
01111000100000000010101010000011
00001000101101110000000101010011
01000000100010010000110010110011
11100000000010000000111001010011
00001001010010010000010011010011
00001000111010101000001001010011
01000101000000000000011010010011
01011000110000000000001110010011
00000001110110101000011100110011
00000001111100001001101100110011
00000001010100100101001010110011
00000001101111000000010111010011
01000000100100011000001100110011
01101110110000000010000100000011
10110011010000000010001110000011
10010101000000000010001110000111
10100000101101010001100011010011
10100001100010010001101001010011
01110000100000000010111000100011
10100001011011010001001101010011
00000000010000111010110100110011
11100000000001110000101111010011
11100000000000000000110111010011
01000001111100010000110000110011
01010010111100000010110000100011
01111010001100000010010000100111
00100000101100000010110000100011
11000001011100000010011000100011
01000000010101101000001100110011
00001000110001011000010111010011
11100000000010001000010011010011
00000000101110000000001001010011
00000000101001001000111001010011
00000000011010010000010110110011
10110110110000000010001000000011
01000000111000000000111010110011
00111010010000000010101000000011
00000001110001010000010001010011
00000001110100111101111110110011
00000001011011011000111001010011
11100000000001100000011011010011
01001111011000000010100000100011
10111011010000000000010000010011
00000000001110001001101010110011
11100000010000000010011100000111
10100111110000000010101000100111
01111010011000000010010000100011
00000001100001110000100010110011
00000001011011100000010110110011
00000001111111000101011110110011
11100000000100000010001000100011
01000000010111001000101100110011
00000001100010010000011001010011
11100000000000100000000101010011
00000000111010111000101100110011
01101011000000000010101000000011
11110100000000000010101010000011
00001001100110110000110101010011
00000001111101110000010011010011
11111100111000000010111000100111
01010110000000000010101010000011
00000001111000100000111101010011
11100000000001010000011101010011
00000001001000011001100000110011
11100000000000010000000111010011
10001011010100000010101000100011
00000000000100000001000100110011
00000000001110000000111000110011
00000000011001001000010001010011
11100000000000011000110101010011
11100000000001011000011011010011
00000000111100010001101100110011
10100000100110110001000111010011
00000001110000010010100100110011
00001001111111000000000101010011
00000001100101011000010110110011
00100010011100000010000000100011
01000000011101101000100100110011
10100000001111101001000011010011
11100000000001010000100011010011
00000000010011011000010001010011
00000000011001001101000010110011
11100000000000010000111101010011
10100000001001000001001111010011
00000000101100011000001101010011
00000001110011001010001010110011
11100000000000010000110011010011
00000001011001111101100100110011
01000001011100000010001000100011
11111001110000000010001100000011
10100001011000001001010001010011
01000001100111100000011110110011
01000001011110101000010100110011
00111100110000000010110110000011
00101100111000000010001000100011
10100000001011011001000111010011
01101110111000000010101000100111
00000001110000000000100101010011
00000001100010001000111010110011
00001000101000111000000101010011
11101101100000000010111100000111
11100000000010001000001001010011
01000111011000000010000000100011
10100001011110010001000111010011
01110011000000000010100000100111
01001010010000000010011010000111
10010001000100000010110000100111
00000001101010000101000010110011
11100001010000000000001100010011
11011110010000000010100000100111
10100001010001001001010011010011
11100000000000101000000011010011
10110100000000000010100010000111
00001110000000000000001000010011
00000001110110011101000010110011
00000000100101100000001101010011
11010111100000000010001110000111
01111100000000000010110100000111
10011000000000000010000110000111
00001001011111110000011101010011
11100000000011000000101111010011
00001001100010011000000111010011
00010100100000000010011100000111
00001000101101101000111011010011
01000000110010010000001000110011
01000000100101110000001010110011
00000001110010011001111100110011
00000000100001001000001001010011
00100100100000000010010000100011
11000111000000000010001000000011
01010010011100000010101000100011
00001000011110010000101101010011
01000000010001111000001100110011
00000001110110000000110101010011
00001000100011010000100111010011
00001000100010011000111111010011
10101010010000000010101110000111
11100000000000111000001011010011
00000000111110101000110001010011
01000000101101001000000100110011
00000001001010100101000100110011
00000000101100110010011010110011
00000001011001011010010000110011
10100001110000010001100011010011
00011000101000000010110000100011
00000001011100111000010101010011
01011010101100000010001000100011
00001000001101010000111111010011
10000101010000000000111100010011
01000000011100001000011100110011
10100000101111011001011101010011
01111010101000000010011000100111
00000110100000000010100000000011
10010001010000000010101000100111
00001001100101000000001001010011
00000001111000000000001101010011
10101000000000000000001000010011
11100000000000000000000111010011
01000000001010100000110000110011
10100001010001111001111111010011
11100000000011011000010011010011
00111100111000000010100000100111
00000000000111111001101100110011
00000000110000111001000010110011
00000000001000011000010110110011
01101000000000000000111100010011
10010000000000000000111010010011
00011111100100000010101000100011
00000000010001100000110100110011
10011001100000000010101000100011
00001000101111010000111011010011
10111000010000000000010100010011
01000111000100000010011000100011
10001100101100000010010000100111
11001101001100000010000000100011
11100000000010000000110111010011
01000000100000000010011000000111
11100000000000100000110001010011
11100000000000100000001111010011
00000000010101100101000110110011
00001011100000000000000100010011
11111011010100000010010000100011
10011101010000000010010000000011
00000000111101101101010010110011
01000001011111011000001100110011
00000001111110110010001010110011
00001001010010000000001111010011
01111011010000000010001110000011
11110111100100000010100000100011
01111100010000000010010000100011
00001001010111000000011011010011
01000000000000000010111000100011
01000000101000000010001000100111
11100000000011110000010001010011
10100000000010100001100111010011
00000001001010111000001111010011
01000001011000110000110110110011
00001011100000000010010110000011
00001000001110101000110011010011
01101110100000000000101110010011
00000001100010100101110010110011
11100000000001010000100101010011
10100001110011000001011001010011
01000001010101110000011000110011
01010000101000000010010000100011
01000000100101101000001000110011
11100000000010100000100011010011
00000001101010001000011011010011
00000001000000101001111100110011
00000000100111010010011010110011
01000000000110000000110100110011
00100100000000000010101110000111
00000000100010110101010100110011
11100000000000111000101111010011
00000000011010010001000010110011
00011101000000000010001000000111
10101111101000000010111000100011
10100001001010000001101001010011
01000001110100000010000000100111
11110111100000000010100000100011
11100000000000110000111111010011
10100001000100011001111011010011
00001001101101101000000011010011
11100000000001101000101001010011
00000000010111100000000111010011
11111111111100000010001000100111
10101000110000000000111010010011
10101111011000000010110000100111
10100001101100101001100101010011
00000000001010011010101000110011
00000001100101010001100010110011
10100000110110000001101001010011
01000000000101100000000110110011
10100001011010110001011011010011
11100000000010100000100011010011
00100000010100000010010000100011
11100000000001000000001111010011
11011100000000000010001000000011
01000000110001100000011010110011
10100001010100001001110101010011
10100000001101000001011011010011
00000001100010100001100100110011
10100001011111010001111001010011
00000001100101110101101100110011
00000000011100111010110100110011
10100001001011000001001101010011
00000000000000110101100010110011
00000000101000101001000110110011
00000001101101000000001100110011
01000011100000000000111000010011
01000000110101000000101110110011
10110010000000000010000010000111
00110110011100000010100000100011
10100001110001110001001001010011
00110011010000000010111000100111
10100001001100100001110011010011
10100001010001010001110111010011
11001011000000000000001100010011
00000001100100111010111000110011
11011111011000000010111000100011
11100000000001011000010111010011
10100000110011110001011101010011
00000000101011110101010110110011
00000001111101011001010100110011
10111001110000000010010010000111
00000000100110010101000100110011
01011111100000000000100110010011
01111101110100000010011000100111
11100000000001010000111001010011
10111110010000000010100000100011
00010101000000000000011110010011
11001011110000000010011010000111
10100001100100010001101111010011
11100000000001000000010001010011
01011010100000000010110000100111
10100000011010011001001011010011
10010111100000000010001000100011
00000001111000001010100000110011
10100000100001100001110001010011
00000000110001110001101100110011
00000001001011111000100000110011
00000000100000101000111110110011
00000001011111110000010100110011
00001000000110010000100011010011
10100000001010110001001001010011
00000000101010100001100010110011
00000001001000111010001100110011
00000001110010101001000110110011
00000000011111011000100010110011
00000000001011101101010110110011
10011101010000000000000110010011
00000001011100101101110000110011
00101100110000000010101010000111
01000001100001011000101010110011
00000000110011011000011101010011
00001111111100000010101000100111
01000001000101111000101010110011
00000001100101000010111000110011
00001000000100110000011111010011
11100000000001011000110001010011
00000001011010000001111000110011
00000001010110110101111100110011
10111001000000000010001100000111
10000010000000000010010010000111
01100010010000000010100100000011
00100001001100000010111000100011
01001101000000000000111010010011
10010101110000000010101010000011
11100000000000101000100111010011
01010010100000000010111010000111
01000001000011110000010000110011
11100110110000000010001000000111
00000001111001010000010100110011
01100011000000000010000110000111
01000001011011001000000010110011
00000001111101111000111010110011
10100001101111000001110011010011
10111001010000000000101000010011
11100000000011101000001101010011
10111001000000000010000010000011
01100011100000000000111110010011
00000000111011101000100110110011
00000001100101001000001100110011
00000001110111101101010000110011
11010010000000000010111000000111
00000000011011101010100000110011
01101100110000000010111000000011
10100000110111000001100011010011
00001000010111111000011011010011
00000001111011110001110000110011
00000000101001100001101000110011
00001000110001110000111101010011
10011111100000000010011000100111
10111011100000000010110100000111
00000000011101101001010100110011
00000000100111111000000110110011
00000000110011110000100110110011
10010111000000000010111110000111
00000001111100101000100000110011
10111101111100000010000000100111
11100000000001001000001111010011
11010110011100000010110000100011
00000000101111000010101100110011
10100000110011100001101111010011
00000000000111100000011000110011
00000001100000000101000100110011
01110110011000000010101000100011
10010000100100000010111000100111
00000000100111100101000010110011
11100000000000111000110111010011
01011011000000000000101110010011
00000000011100010000011000110011
11110011100000000010101010000111
01000000100111101000011100110011
11100000000001110000011101010011
00000000100100010010111110110011
00000001011110001001000110110011
00000001000110001101111000110011
00001000000100111000010001010011
11011101110100000010111000100011
01000001110110100000101000110011
10100001010110001001001011010011
00001001100001111000001001010011
00000000000110000000101111010011
00000000001101001001000100110011
01101001011000000010111000100011
11100000000011011000000011010011
10100001110100111001100001010011
10011110111100000010100000100011
11100000000010110000011011010011
10111001100000000010001010000111
11100000000000100000111111010011
00000000001001010000010100110011
01111011001100000010101000100011
00000000111001000000010101010011
01000001011100100000001010110011
10100000001101100001110001010011
11100000000001011000110111010011
10010100110100000010001000100011
00010101011100000010000000100111
01100000010000000010110110000111
10100001111010011001111011010011
00000001000111011000000010110011
00000000101101001000111101010011
10001011100000000010110100000111
00000000000000000010110110000011
01111011111100000010110000100111
10100000001101010001001001010011
00000001000000110010001010110011
11100000000011000000111011010011
11100000000010101000011101010011
00000000010001110000101110110011
11101111010000000010010100000011
00000001110101101000011110110011
00000001101010001000100011010011
00000000110010000010001110110011
00000001100111100001010000110011
01000000010100100000111000110011
00000001010111100010001010110011
10100001100100011001111101010011
00000000100010000000101001010011
01001000110000000010111000000111
10100000110101011001100011010011
00000000101110111101101110110011
01000000000111101000100110110011
11001110000000000010000010000011
00001000001010001000010001010011
00001001011100000010001000100111
00000001100110100001011010110011
00000000011001110001111010110011
00000001001100011001010100110011
10000111100000000010001100000011
10100000000101001001101101010011
00111000001000000010000000100011
00000001110011000010111100110011
10011011110000000010001000000111
00000001110110101101011010110011
00001000100001111000100111010011
10110111000000000010110000000011
01010100100000000000110010010011
01001000000000000010100000000011
01000001000101000000000010110011
10100001110010111001101111010011
00100011101100000010001000100111
00000000110101100101011010110011
00000000001110001101000110110011
11011001000000000010101110000111
00000001110000111001010010110011
00001000111101000000011011010011
00000000000001011101001010110011
10100000001100000001110111010011
10100001010111100001010001010011
11101000111100000010111000100011
10111001110000000010001010000111
00000001010010100010101000110011
01001011110000000010000000100111
00001000011001100000110111010011
00000001100101001000101110110011
00000001111011000000000111010011
01111000010000000010011110000111
00000001010111010001101000110011
10100001110010101001011001010011
00001001100100111000110101010011
00000000001101011000010010110011
00001000000100001000000111010011
11100000000010100000000101010011
11100000000001101000000101010011
01010001010000000010101100000111
10100001010001111001011111010011
00001000110110001000110011010011
00000001111000100010011100110011
00000001111101001000001000110011
00001110100000000010101110000111
00010001000100000010010000100111
00000001011100010000101101010011
01101011010000000000100110010011
00000000100110111101001010110011
00000001110000011001000100110011
01110110110000000010101010000111
10011011001000000010101000100111
11100000000001110000101101010011
00001001010110101000001101010011
01000000000100000000010110110011
01000001110101001000010010110011
01000000110010111000100000110011
00001001010001100000110011010011
00011100101100000010001000100011
00001000101110000000110111010011
11100000000001001000011001010011
11000100100000000010010000000011
10110111010100000010100000100111
01000000001110101000101110110011
10110110110000000010010010000011
00000001011111100000110000110011
11001011100000000010011100000011
00010010000000000010110000100111
00000001100100001000001001010011
10100100100000000010011000100111
10100001001101010001010011010011
10111100111100000010001000100111
10001011110000000010001110000111
10001001110000000010000010000111
00001010000000000010011110000011
10010100000000000010000110000111
00000000000100001000110100110011
10110010100000000010100010000111
01000001100010011000110110110011
00000000111101001010110010110011
10000111010100000010101000100111
11110001110000000010100100000111
00000000111010100000110010110011
00000000010011101000100010110011
01000001000011010000011010110011
00001000100001011000111111010011
10101110010000000010101000000011
10100000001001110001011001010011
01000000110110010000010110110011
00000000111100110010101000110011
11100000000000110000010111010011
00000001101011101000111111010011
00000000011100011000000101010011
01101110110000000010110000100011
11100000000010111000011111010011
00001001010011010000100111010011
01110001100100000010101000100011
00000001101110001000010101010011
01000001101101110000010110110011
00001000001111111000101101010011
10111111100000000010010110000011
10110110000000000010100000100111
10110000011100000010011000100011
11111100010000000000110100010011
01000001011000111000101110110011
00000000001001011001000100110011
00001000101010100000101111010011
01000001110010110000111000110011
10100000001001100001010101010011
00000001111001000000100001010011
11011011100000000010111000100111
01000001110110111000011110110011
11100110111000000010000000100111
01000000001011010000110010110011
10000111110000000010111000000011
00000001101000010000000101010011
00000000100110000010110110110011
10000110010000000010010000100011
01011000100000000010111000000111
11000000010100000010111000100111
01100010000000000010000010000011
11011001110000000010100000100111
00010111010000000010110000000011
10000011011100000010000000100111
11100100111100000010101000100011
10011100110000000010100110000111
00000000100001011001000110110011
11100001000100000010110000100011
00000000101110110000000010110011
11101011000000000000000010010011
00000001100101110001100010110011
00000000111011000010110010110011
01000000111110110000101110110011
11010000000000000010001000000111
11100000000011111000110101010011
11100000000011000000111101010011
00000001110001001000011001010011
00001001001010001000100001010011
00001000000100011000100011010011
11101111111100000010110000100111
11101110101000000010100000100111
00000000110110110010010000110011
11110011110000000010111000100011
10010011101000000010111000100011
11110111010000000010101000000011
00000001101000101101101010110011
00001010000000000010101010000011
00000001110011001001110010110011
00000001001110001001110000110011
11101100001100000010110000100111
00000001101000111101011010110011
10100001000001011001111001010011
11110010100100000010110000100011
11000110010000000010010000000111
00000001110111000000010000110011
00001000010000100000111101010011
11100000000001100000101111010011
00001001100010111000001011010011
00011011010100000010010000100111
00000000011101101010010100110011
01000001111000011000010110110011
10111100110000000000011110010011
01011111111000000010111000100011
11110100010000000000110000010011
11011100000100000010111000100011
11101100100000000010111010000011
10001001010000000000101100010011
10100011000000000010000110000111
11100000000000011000110111010011
00000001100011111010110000110011
11111001111000000010001000100111
00001001101101100000101111010011
00000001001111001010100000110011
00000001101111111000110110110011
10010101010000000010110000000011
01101010101000000010101000100011
01101010000000000010101000000011
00000001101011011010100110110011
00000001000100010010011110110011
10010011011000000010110000100111
01000000101101101000000110110011
00000001010010000010111100110011
00000001111000110000001010110011
11001000001100000010000000100011
00001001111101100000100011010011
01000000001101101000010100110011
01000001111110011000001110110011
00000001110110001000101101010011
00000001001001100010110110110011
00001000011111111000101101010011
10100100010000000010111010000111
11110100100000000010011000100011
01000001111001000000000010110011
00000001110110000101010100110011
01000001110111110000001000110011
10100000101000010001110011010011
00001101010000000010001110000011
10100000001010101001100101010011
00000001010100001001010100110011
00000010100000000010001100000111
00000000110111100000010101010011
00000101000000000000110000010011
00010111100000000010010000000011
01111010010000000010101000000111
01000000110011010000000010110011
10110010100000000010001000100111
01000000001100000000011100110011
01011100010000000010110000000111
11101000011100000010101000100011
10100000010111101001111101010011
11010001011000000010101000100011
01111101011000000010011000100011
11100000000001001000100101010011
11100000000010100000101101010011
11100000000010111000111001010011
11001010101000000010010000100111
10001110000000000010010000100011
00000001100111010000110101010011
00000001000101110000111100110011
00001001001100100000010111010011
00010111110000000010000010000011
00000000001101110010100110110011
10110110000000000010010000100011
00000001010010011001100000110011
10100000100001111001111101010011
01000111100000000010110100000011
11101110101000000010010000100111
00000001011001011000010101010011
00000001010100111010010100110011
01000001100111001000111000110011
11100000000001110000100111010011
00100100000100000010011000100111
10100000001010010001011111010011
00000001110100100000001011010011
11100000000000010000101111010011
00000001100010101101110100110011
00000001111100110000000110110011
00000000001101101001111100110011
00000000100100110000001110110011
10100011000000000000011000010011
01000000000100100000000010110011
00001001011010000000011011010011
00000000011111110000101110110011
11011011100000000010001000100111
10100001111001010001111011010011
00000001001011111000101011010011
00000001001010010000011010110011
11100000000000110000100001010011
00001001000010000000101001010011
01000001111100001000001110110011
11100000000011110000001101010011
00111111010000000000111010010011
10100000101010110001001101010011
11100000000001110000100001010011
10100110101100000010101000100011
00111110100100000010101000100111
01000001100000000010010000100111
11000100000000000010000010000011
10100011100000000000001110010011
00000001011100001000111011010011
11111000000000000010011110000111
01000001100000000000011010010011
00000000010011100000100010110011
00000000001010010000111000110011
00000000000000000000000001110011
00000000000111111010111001101011
00010111100111001111000110111111
00000000000000100010011010011110
01110001111000111000010000001000
00000000011011010000110011001100
01101110000010111101011101111011
00000000011101011000001111101111
00110100001110100111011010000011
00000000000111110100010110010110
00000011011011010110100011011001
00000000001000101110011100011111
10110010110001010110111000010110
00000000001110110011100110110001
01011000010000111010010000000101
00000000000000000000000000000000
10000101001011100110111011011001
00000000001011011011011101111001
10110100000111110000000101000101
00000000010001101100001011111111
01011000001101110111000001101110
00000000000101101011110100000010
01001011010110011111110011111110
00000000011000010101111010100001
00000000000000000001001010000110
00000000000010111010011000010110
01111001111011001110000111111000
00000000001011101010000111101101
11011001010011010111001000111101
00000000010111100111010000001101
01000101000100011001101101110010
00000000011000011100101111100000
00000000100001100101001101001011
00000000011001001010100111011000
10011100111111110100011110001010
00000000010111010111101110101011
00110010111101100001101100100101
00000000001001001100010001001001
01101000001111101101001011000010
00000000010011001000000110100100
10101000100000011011010011011010
00000000011000110000110101101000
11011100011111001001010011011001
11000100110110001001011101110000
00011100100101010111111101011011
00000000011100000011111110011010
00101000010101010111001010001100
00000000001000111101101010101011
00000000011111100101101101001111
00000000001101000110011010000000
00111010100010010010001100000110
00000000011000111111001110010000
11101010000011011101100110010001
00000000011011010100011011001100
01010110011010110010010101110100
00000000000001011001010001000100
00000000000000000001011111110100
00000000001111101111101001011000
01110101101011011000100101100010
00000000010000111110101000000110
11001011011000111011011001100111
00000000011100001011011011101100
10001110111101110000110011100001
00000000011010100001101011010001
00111010110110000110101001011100
00000000011110100110000000010101
01010100111101100000100111001001
00000000000000000000000000000000
11001001011011011110001100100100
00000000010111100001010000000100
10100111111110001111111011001110
00000000011000011010010111110101
00100001010110101010110000001010
00000000001001110001011111011011
01010001001011010111001010011100
00000000000010110110110001101011
00001111110010100000000011011110
00000000000000000000000000000001
10010000000001000001010110011010
00000000000000000000000000000110
11000110110100110010011101011100
00000000011001110110100000001000
10101111111110000011100111111110
00000000000000101011001001001101
10000011101001111110010110011110
00000000010011001101110101101001
11100110010000011100100101101001
00000000000000000000000000000001
10001010101111110100011001110011
00000000011110000000001010011001
10000100111110110111010010110111
00000000000101100110011100101011
00101011011101001001100001100110
00000000001011110001001100001011
00111110011011111011011100101101
00000000000000011101100011000110
10100101110011111100011011011110
00000000010000001000101001010010
00110101010001011101010111101110
01100010010111000001000111011101
01100010011001110110000010100010
00000000011011001010001101011110
10100111110000100011000001000001
00000000010110100110100111111101
01111100011011000111011111001110
00000000010010010010000111001000
11100011011111001011111011011000
00000000001110010001010100110010
10001011011100110010001010101011
00000000010010111101000011110000
00100001011111011101010101111111
00000000001011000101101101101110
10101011010000001111011000110101
00000000011011000000111000101100
00000101011001010000111011111001
00000000011011110110100110101011
10101011101000001110111011100011
00000000001111010101111000011111
11110100100011010111101000111111
00000000011001010010110100110010
01101001010110000010111110011111
00000000000000000000000000000000
00000000000000000001100101000100
00000000000111011001110010110110
00000011000011010100101000100110
00000000010101001101010100110101
10010001010101111110001101000101
00000000000100110101010001001011
11110110100110111011101000101001
00000000010001100001100011111011
10101011111100110001100100101100
00000000001001011100001001101100
00000000000000000000000000000100
00000000000000000000000000000000
10110101000001100100001011010010
00000000000001001000010011001101
10101011111001010110011011000010
00000000011101101110110001110001
00011101101000101111001011110110
00000000011011110101010101111010
11001101000110110001111110111011
00000000001011011010100101110010
10011011100010100000101011101110
00000000001000111000101001111010
00111010100000100110011100000010
01101110000010111101011101111011
01101000100111101111010001010110
00000000000100111001010101100101
11000100000101101000001001011110
00000000001111010011010110111000
00000000000000000000000000000000
00000000001000001111111001101010
10101001110101010001101110000000
00000000011000010010010011111111
00011011100110101000000110000100
11111111111111111111111111111100
11111110101000011111000101101111
00000000010000100100010100110001
01100101111101010110100100110001
00000000011010111101001110011000
01101100111011111000011110101000
00000000000110101000010111101001
01111111000000010010001100100101
00000000001111100001010110000011
00001100111010011100001000110001
00000000001100010010001101000010
01110110000011010111111110010001
00000000011010110011101010111001
01000101101000011101000101000000
00000000000100000110111111110001
01001011001100100100100110111101
00000000001100011011011010101110
10101101010110001011100000111110
00000000010101100100001110000010
01010100111000110011001011101101
00000000001011101011110101111000
11111111001010000101100011011000
00000000011111111101110001110011
01000001010010001010100000100000
00000000001110101010010000000111
10010000100011101101010000000000
00000000010100000101100101011000
11010001101001010001010100000001
00000000000111100000111000101110
11011010000110111100010011011100
00000000001001110010111110101110
00010110010001000010010110000110
00000000010110000000010011100111
00100010100001010010101000010110
11110101101110001011000001011110
10011011110010000000111110000110
00000000001111100110111000100100
00111001101111101000010001000110
00000000000000000000000000000001
00111101000101110111110101010010
00000000000011110000111110000011
01000001100101011010101101010110
00000000001111000101001101010110
11101110000010111101011101111011
00000000000011101010000110110010
10001110101100100011001111101111
00000000000001100011010100010100
01001011100100011010110111111100
00000000010111011110011000001010
00101110010110101001101001001010
00000000001000100001110011100111
10010001111000010011101010110101
00000000011111001111000010110110
00011101001001000111100000111000
00000000010100000010101101101100
10011000001110001001101111000100
00000000000100110111110011010001
11100001000001110010100011111001
00000000000111100001010111010110
01101011101110101011001011010110
00000000011011000110111111100001
00000000000000000001011111110100
00000000010111001001001111000001
00000000000000000000000000000000
00000000010000100000011011001110
01000000000011001010001000101100
00000000000000000000000000000000
11110010010101101110000000011110
00000000001101101100101100011001
11001000100000100010100100100010
00000000010110011001100111011110
01110101111100000000010100001100
00000000000110001000110111010111
11010011011001100101000000000010
00000000000101001011011111101100
01001000001111101010111001001101
00000000000000111110001111100011
11001001011011011110001100100100
00000000010010111011011100101000
11001110001000011101000000101100
00000000010111110011011110101011
10010010000001001010111100001000
00000000001010010000111011111001
10000100111110110111010010110111
00000000010100100000111010001001
00100110000011100111110100110011
00000000011000001010000111011100
00000110110100100000001000110001
00000000010110100101101111000001
11100000000001010100011000010101
00000000000101111000110010101110
00101010000111000101001001111110
00000000000001101101011011101010
01010011001000000110011110110001
00000000011001110110110110100110
00000000000000000000000000000001
00000000011011010000101010101000
00111000101111110000100111011100
00000000011000101110011111000000
00011000010110011100001111110100
00000000000111010111011101110101
01110101111011010001101011111110
00000000000000000000000000000101
10110011110110011010110010100011
00000000000101110100011000001101
10011111101010110000000110001011
00000000000101001011011111101100
10000001101111100111101101111010
00000000000010010000000011111101
01110001110100100011000000001001
00000000001010101011001101110000
11000110110100110100001111011011
00000000001011101011110001111001
00010111101101110101011001111110
00000000010011111010100110111000
10111000110111111001010100001000
00000000011101101010011000001000
01101010001100110101101001111101
00000000010000000000000000010101
11010100111101011100011101101011
00000000001100000101100100011101
00011111010110101110001101100011
00000000000011000110101100000000
10111101100010000101010011011000
00000000000011101010000110110010
01011110111001110101111010001011
00000000010010011010111000001001
01110110101010001111110111110101
00000000011101100011000111111000
00111101101111001101000010100001
00000000011000111100010101010110
00000000000000000000000000000100
00000000001100101100100001101101
00010010100011100010110100111010
00000000011110000111010100110101
11111111011011001001110111101110
00000000010010101011011001111000
11011110010000001011101010010000
00000000001000111111100010101010
01110010010011010100010011100101
00000000011010110001110101000100
00001100000111110010100001001111
00000000001000000010001010110000
01111001011010110011101111101111
00000000001111110010001100101001
11000100110111100101110100100001
00000000010111100011011110001110
00000000110101111011111100011100
00000000010011101101100111111100
01010110011111110001011110011101
00000000000011111001010010010011
10101010010010010111011001001101
00000000001101011111100010000010
11110111110001100101010111010101
00000000000100100011001001010011
11000101110001101000010001100101
00000000011110011100111100001000
11111000000001100101001011000111
00000000010000010010110111100000
11000010001000111000101001110000
00000000011110110011100010000101
10010111101101011101100010011010
00000000000010000001010001010001
11001110110101010001110111100010
00000000010100101011000101011101
00000000000000000000000000000000
00000000001001101001001111010100
01011101111000001101101000000110
00000000000000000001000010001000
00111011100010111100110010100011
00000000000000000000000000000000
10111010000001011011101000000001
00000000001010110001110111001001
11000111100011011110111010001101
00000000010011001001011101011011
01101110011110111000010000001001
00000000001011010011001001111101
10110111100010101101000101111100
00000000010001000011010001110001
01111110111110011011110101101101
00000000000110011101100011010000
01101000110010110110100010100100
00000000000100011111010001100101
11000111000010101000001101100101
00000000010100010101000110110110
10011001000110000000110111110000
00000000011001101001011100110110
11101111100001000110000111000101
00000000001011001000000101011101
01101101111110110011100001001000
00000000000100010101101010011110
10110001010110100100100000100110
00000000000011100010110000110000
00000000000000000000000000000101
00000000001011011110011010001011
10000100001011011101100010001001
00000000000000100010010110100010
01100000011011011001111001001111
00000000010010100101010001101101
00001100000111110010100001001111
00000000000011010010001111110100
10101000110100110100101011110110
00000000000000000000000000000000
00001011100001000100001000110100
00000000010011110100100011010000
10111110111001100010000100010101
00000000000101110010101010011100
10111111110110000100100010110101
00000000000101001101010011110000
10111110001011101111110011011110
00000000000000000000000000000000
11001010010001101001001111000010
00000000011010011000010111010100
10000111111101101001110011000001
00000000011001111101110001001000
01011010110100111010101010100111
00000000001000110100111001101011
00111001001110111110001111011110
00000000000000000001011010100100
10001001010101011100001101010100
00000000011101001011011100110010
00010111000100110111110001010101
00000000011100011110011000010101
11010111101001011100111100011000
00000000000010000101001010110101
11011001101101111001001110110000
00000000000000000000000000000000
00001011000001100010101110111011
00000000001011010100100000001001
10001100011001100111110101100010
00000000010100110100010011010001
00010100010011110110100101001000
00000000010010101101111011000000
00000000000000000001001010000111
00000000000000000000000000000000
11011010010110101001010001001101
00000000000001111010001101001101
01011101110000111010110001010110
00000000001110101100101100000010
00111111100000001101001010111000
00000000000111100110000001111000
11101100001011001011100011010100
00000000000101010000110000010010
11001101010010100100001011011011
00000000011101001000111110110000
10100101110001000100011000100001
00000000000100010010110001011100
01010011101000111111111000101010
11111111111111111111111111111010
11110000001100001101001111100010
00000000010111111000100101111101
00010100000110000110110100010011
00000000000010111001010101100011
10010010101010000001000111111110
00000000010011101111000110101101
01111100100000100111101001110001
00000000011100101010010001111010
10011100011101000111111101110100
00000000001101100110011010110010
00110100100110111001001001101111
00000000010001111011000111011101
01011001000110100000101000011101
00000000011100110101110010110100
01011111111000101100000000001011
00000000010111001010100010101110
01001111111010100010110000101100
00000000000000000000000000001010
00101100111001101101001000001000
00000000000001010111100011111110
00110100111011001001001001111011
00000000010111000111101110010111
00010011111110010000100000101001
00000000010100111110100000111110
10111100011111010001001101010010
00000000010001101011101100110001
10010111110000010100001011000110
00000000010100111010001000110000
00100110011100101000111011110001
00000000010001001011001110001111
01111101100000011010111110111001
00000000010011110100101111101000
10010000000001000001010110011010
00000000010010010100011000001011
00001010100010001010010011101101
00000000011000111010111001101011
00001100000111110010100001001111
00000000011101100001110100100111
11010111101001011100111100011000
00000000000100101110011100111001
10001110111110001010100101011001
00000000011111100101101101001111
11100000010001111100011110110001
00000000000111011111111000010111
11111100110101110001100000010000
00000000001010111010011100010100
01110011100111010111101001011010
00000000000011000001110000111100
10010010100011100001110010111010
00000000010100001010101000101010
01011111001110100100111110111101
00000000011001011011011011010011
01000110001100111011010011010001
00000000001010010101111011100111
10111101011100011011011010110111
00000000000000101100000100011011
00000000000000000000000000000000
00000000010111100111010000001101
00001010001110110101100110110011
00000000001011100000010110000011
00001010010101110100000011010111
00000000000000000000000000000001
10100010101001100001111101101111
00000000001110101000110111111001
01100100000010000110011110110000
00000000001100001011001110110010
01011010110000011100001011001010
00000000000110100100000101010100
11011101001100010101111000111111
00000000011101110100011000110010
00000000000000000000000000000001
00000000011001000100111000001011
11110110010000110111000011110110
00000000010101001001010101011000
10100000000010101010100010000110
00000000000000000000000000000000
10001100110111000101010111110011
00000000010011011111001111001100
10010111111001010011001111000011
00000000011000000101001111110100
11110000010110111101010001111010
00000000000011011110010010100111
11110000011000000100100010111001
00000000000001001110111011110011
11000100110110001001011101110000
00000000000110111000011010000101
11100111101100011010111101111011
00000000011101101110111011011101
00011101010111011111001110101001
00000000001001011100101011001110
11010111011101011001011111001010
00000000010000000110100111100000
10001010001110111000010001011010
00000000000111101101011101001001
01110111100101000010011101110101
00000000000000000000000000000000
01110111111011111010101011011110
00000000001010000100100011110111
01100010001010111001000001110110
10100010100001010010101000010110
11000010111101100010101001011111
00000000001000001111000101010110
11100000101100111110101010011011
00000000001011100001101000101010
11111110000100111110110000000110
00000000001001100100100000011100
00000000000000000000000000000000
00000000001101011001111001110101
10001000100110001011100000100100
00000000011110111000000010110011
00110000011011101101010101000111
00000000011111100110010001011010
10000100111110110111010010110111
00000000010010010100010100001001
00111110010011001010011011001111
00000000001001000000011011010001
01000100011011100101111000011000
00000000000000000000000000000000
01100010001000001000110101100010
00000000011010110100111111100100
11010010010111000001100001100101
00000000010011101001011000010011
00110010111011111011000111100000
00000000010011011110000111111101
11110101011110110101011100010001
00000000001001001100111001101001
10011111100101100111000110001101
00000000011110001110111111011111
01000011000010011000001111100100
00000000000011110001011000100010
11011000011000110111011000000101
00000000000000111111101001100010
11110101101110001011000001011110
00000000000000000000000000000000
00111110100110101001110110111010
00000000001001110000101100111101
00000000000000000000000000000000
00000000000001001011000100101000
01000000010100000101001110101100
11101110000010111101011101111011
01011001001110101000101010111111
00000000010001001010001100000111
11101011110010111000100111001001
00000000011110010110000111001011
10101010110000100101011100000011
00000000010100100011100110010111
11110111010011111011010011100011
00000000010000110111110001001000
00001011101000110001000101100110
00000000011110111011011000011000
10101011110111010001000011010110
00000000011111000000010101011110
00101000011010111011100100111110
00000000011110000110111011100101
10110010011101101001000110110111
00000000000000000000000000000000
00000000000000000000000000000000
00000000011000000000010000000011
00010001011100010100011010010011
00000000010111001010100010101110
01101110101110010100010110100011
00000000011100101100111000001011
11001001001000001111000111011110
00000000011110110010000000001000
10101011000110001010111111001000
00000000001010001101000100011001
11000010110101011111011001111101
10100010100001010010101000010110
11100101111100011001101111110001
00000000001000001010101001111110
11111001010111110100110011101011
00000000011001001101011110101101
01101110000010111101011101111011
00000000000000111011101011111100
11010101001000110000001011000111
00000000000000101111011000100000
01100010000000010111001110110110
00000000000110000001111111100101
00111011110010101001000010001101
00000000010100001110100101110100
00000000000000000000000000000000
00000000001111001101110101001010
11110010001010111110001001000111
00000000010001110111010101010000
00000000000000000000000000000000
00000000011011011000101101000011
11101110000010111101011101111011
00000000001010001001100010100100
11101011110011110001100101111001
00000000000110000100110000110010
00100010010111100010100010110011
00000000000111010110000011011011
00011101111010100100110000111011
00000000000010110000010001001110
10011110101010101011000100000110
00000000001001010010111100001110
00110110000011100101100000110101
00000000010000001101000100010111
01100101111010011111000110000101
00000000010110011011101011010001
10001011010010111000100000011111
00000000011100101100110110110100
11000010100100111010100000111101
00000000000110000000101111001100
00100001110110111100110100111011
00000000011001101100000110111010
01001011000100000011101011111100
00000000010000110000010100010010
11000100110110001001011101101011
00000000011110101101111010001010
00110011110010010011111111110011
00000000000101001111111011001100
00000000001011101010000111101101
00000000000100011110110001011001
00000000000000000000000000000000
00000000001010101010010101000100
00010000000000110100011011100010
00000000010101000101111100001000
01011100100011001111101111000000
00000000000000000001011111110100
11101110001001000100000100100110
00000000000101000111110110100001
01101011100100001110010010111101
00000000001100001001100111000111
00011000111110001100110011010100
00000000010100000001100011000010
11100000001001111000000011101101
00000000000101110010011110101110
00000000010011001001101001010110
00000000001011001111110100000111
10011010110110011001101001001101
00000000000000000000000000000110
01011010000101101110011011011000
00000000001010101001100110101111
00101001001100111111100001001010
00000000011100000010111011000011
00000000000000000000000000000000
00000000000100000011101110100111
11111000100011000000001111100110
00000000000010100100011101011000
00000000000000000000000000000000
00000000000000000001110111101100
00000000010111011110011000001010
00000000001110001000011011110001
11100111010101100001001010000001
00000000000000000001011111110100
10010111001101101001000001100010
00000000001111001001010001101101
11010001101111110011001011000000
00000000011011011010001111111101
10110011111111001010000110000111
10000000011111100101101101001111
00000000000000000000000000000001
00000000001001001100010001001001
10100001100110111010001001100000
00000000001100100101110001100110
01111101000100111111101000111101
00000000001110111111011111011011
11001001010001111101101010001101
00000000000010110101100000011111
11011110000100100010100001110000
00000000001000111011111110111100
00101111110000110011000010100010
00001111111100101000010110001101
00100100110111000010001111000110
00000000000111110001110000101001
11111111111111111111111111111011
00000000000000001011000000000101
11101000010011011110011001110010
00000000001111111010001010100110
11010000001100101001001101001101
00000000000001111110110110001000
00001011011010011101110010101011
00000000011000011001000011001100
10100101110100000100101001110011
00000000010110010111111011000001
01010100001110010110110010110110
00000000011100101111101100110000
00101010000110111101110010101001
00000000011100100001101000001001
10000001001110111001101111010010
00000000011101110110110001100100
10011000110100100011001010100011
00000000000000000000000000000110
00010110101010001100000110011101
00000000001111111110110011001111
11001100001000001111111001100000
00000000011010001010000001001110
00000111110000010100011010110000
00000000010101111110001100000100
10001100100001010011000010000010
00000000011101110110001001100111
11010100111011001000000111000111
00000000001010110101001001101010
00111011000010000001110011001010
00000000011000101100110110110001
01110011000001000010101011001111
00000000000110010001000101001110
10010010001001000110111000100101
00000000001011011101000000111100
10010110101110010111101110110000
00000000000000000000000000000000
00000101011110100001110011010111
00000000000101110101110011101010
10110100100101100011011100010001
00000000000111100010110001011101
00111101011111010101101010100010
00000000001110101010001010110101
00001100111110000111110010001001
00000000001111001001100100000100
01110011000001100001001111000100
00000000001110010001010100110010
11101000110110010111011001110001
00000000000000000000000000000000
00100011000001000110101111010001
00000000000000000000000000000000
00100010011001000110010011100101
00000000010001111001101011001110
11010111101001011100111100011000
00000000010011011111101100001011
11111101111000001101011110100100
00000000010101111101000000011010
01111000100011011000110011010101
00000000011001100100110100011100
10011011110010000000111110000110
00000000011011111001000001001111
00000000000000000000000000000001
00000000011010110101011111101110
00011010101111000100010010111000
00000000011101111000000101111101
00000000000000000000000000000000
00000000000110111100011001010110
11100010011010111001010000000111
00000000010011010101010000100010
00001110001111000101000101100010
00000000011111101110111000101111
00100110000000111001001001001010
00000000001111000000011111101100
00011111011101110000001000010001
00000000011010110100011001100011
01111001110110001011001000110010
00000000010101000110010011100101
11110001001000000001110001011110
00000000000100011101100101100010
00010100001001000010010011100111
00000000001010100100101011000011
10110111000101010111111011111110
00000000001010111011110001101011
01110100001000111100000111110000
00000000001000010000100011110011
11101011110011110001100101111001
00000000010001010001001111101101
10011001111100100101000111001101
00000000010001010110011110100111
00110000111111101000101001011001
00000000001110001110010011010100
00000110011010011100101111010101
00000000010011010000100100100001
11100000111010101011011100111000
00000000010111100001010000000100
01000101100100010101101010000100
00000000001010011101010010101001
11010111101001011100111100011000
10100010100001010010101000010110
00000000010011110100100011010000
00000000010100100100000010010110
00000000011111100110010001011010
00000000011111100111010011001110
11010001000000111101001110111011
00000000000000000001011111110100
11001110011100000111011100101011
00000000010010010010111110011001
01110111001000100011011111100110
00000000000010010001010111100110
10100111111011011000111010000000
00000000011001101101100010011100
00100100111111100100000011100000
00000000010100101100000000010000
10100100111010000000101101100101
00000000011010000011010011010011
01011010000010001101001101110111
00000000010011100111101100101010
10110001000011111100011101001001
00000000010011000000010011000011
11101000000000111101011110011010
00000000000000000000000000000000
00000000000000000000000000000000
00000000010011111101000100001111
10010100001011011000110100001001
00000000000000000000000000000001
01010111111010101001100101101000
00000000011001110110010111001000
11000111101101111100010010000101
00000000011000110000001010011010
00011101010100110010001001101100
00000000011010010110110001011101
01111011101110100101100010001000
00000000001011000010110000010010
11111001110111110001011101000011
00000000001111001111101000000100
00110100111101111110000000110011
00000000011001110100111001010101
00000000001011000010110000010010
00000000011111100101101101001111
01001001100011111111111010111011
00000000001101100101001110001010
11111110010011000010011000001001
00000000011100111000011111000101
10011100010111110101101001010111
00000000000100000100111001010000
00010111010110000011001010001101
00000000000110110001011000100110
00000010010010001001111100000001
00000000000000000000000000000000
01011001011111110101101101001010
00000000001101100011011100000000
10100111001101110010101100011000
00000000001111001100000110110001
01000001000001101111101101111001
00000000011101000110010101111000
11000001000010101100100010110001
00000000011110010011010001100110
00000000010110101001000000010010
00000000011001101101011100101101
11001110110101110010101010011000
00000000011010000001001110100011
10001100110100101000000110101111
00000000000001001101011110011111
00000000000000000001001101111000
00000000011001100100110110111101
00110100011001101101001010000111
00000000010100001111101101100111
11110001110111000111110101100010
00000000001110010100000100011011
01001111000100110010001000000010
00000000010011000010110100100100
10001110111110001010100101011001
00000000001100101100010010110110
10101011110110101101100000110110
00000000000000000000000000000001
00000000000000000000000000000000
00000000001100001101011111111010
00110000111001101000110000111000
00000000010100001011110000111101
10011111000110101110100101000000
00000000010110100100110101110001
01101001110101011001011110001100
00000000000101111010000111011010
01000010100111001111010111110100
00000000011100000110001110001101
11000100110110001001011101110000
11010111101001011100111100011000
00010001000110111000010101011111
00000000011111100100100100110100
11001000010101001111000011101111
00000000000000010101010011000001
00101001001101100111001001010000
00000000000100111110101001010010
11101001110100110010011111000010
00000000000001010111100011111110
00001100000111110010100001001111
00000000000011010011110110110010
00100110101001100001111101110110
00000000000000100011100111111010
00010101001010100101010010001101
00000000010110100101001001011110
11010010101100111110101011011100
00000000010110101001000000010011
01000001001111110001010000011111
00000000000100101101111110011000
01000001111100110101110001111001
00000000010001001111100000100100
11010111101001011100111100011000
00000000000000000000000000000000
10001010010101011010110000110001
00000000010011110100100011010000
01001010110100101000001010001010
00000000011011010011000111110110
01001011000000011111000001100101
00000000010111101111101101100011
01010011110111101100011110000010
00000000000110110111011010100111
00001001110101010110111110100111
00000000000011110011101011010011
10010010000000110010111010011001
00000000010101001101000010110000
01010010101011110110010000010111
00000000010000011110110111110010
10110111101111110010010010110100
00000000000000000000000000000100
10111100111101101010101111010111
00000000001110001000011011110001
11010000100010111010111111010001
00000000010010011101110000101110
10011110011100010011000001011010
00000000010001111110100110000111
10100010010001001110100111100010
00000000011010110001101001001111
00000000000000000000000000000000
00000000010000001101010010101000
01011010111001001001110101010100
00000000011101001010010011000001
11000001011001001011010000111101
00000000001000101011100010101100
01111001001110110000111111100100
00000000001001011110011100100001
11101010111010101110010111111100
00000000001110100100001100101011
00011111011101101100110010011100
00000000010110101110011000100000
00000000000000000000000000000000
00000000011101110010001000100011
01011010011000000010011111001011
00000000010100100100011111000001
00000000000000000000000000000000
00000000000000110111000111001100
00011010010101111000111011100111
00000000011101001100000101110100
01010110011011011100011111111101
00000000010100011010010000000101
11000000100000010100100001011100
00000000001011010100100000001001
00110000010101011000001110011010
00000000001011101010100100000000
11111101001111101011100011010001
00000000011100001001100010111110
01010101101101110100101101111011
00000000000000000000000000000000
11000010001100110110101101100110
00000000000000000000000000000001
11011000101001011101010010001111
00000000010111001010110000101011
10110010010100110000010100001100
00000000000010111111011111101010
01100010010111000001000111011101
00000000000000000000000000000001
00000000000000000000000000000000
00000000011111100111000100000010
10111010011110011100111110010101
00000000010110101101001100011101
01110100111101110110011000010111
00000000000110101000000010000110
00010111011011011000001001111100
00000000000111000011000010000101
11101101000110001101011010110001
00000000010001111100110010110001
01111011001100111001011100101101
00000000000101010110000110001101
00110011100011011001101100101111
00000000000010000010101000100010
10010001010011110111001110111101
00000000001010000100100011110111
00000000000000000000000000000000
00000000010111001110111111001000
00000000000000000000000000000100
00000000010111111001111111101101
00000000000000000000000000000000
00000000000000000000000000000000
01001110100010111110011101010010
11000100110111100101110100100001
10111010110100110110000000101111
00000000000000000000000000000000
00111000010011110001011011000010
00000000010001100001111111010000
00111011000100011100001011011011
00000000010110001011001101010101
11010111101001011100111100011000
00000000000000000000000000000000
00111000000100110100010001011100
00000000000010100100010111000110
10001001100001100001100001000111
00000000000110010001111001010001
01010100111011101011110100000110
00000000000101001111101100111000
11001001110011000100010110011111
00000000000000000000000000000000
10111000101111110000100111011100
00000000000100001001100111010010
10010100100100010011010011001010
00000000001001011110011000001000
11010110101001000111111101010001
00000000001011101010000111101101
10011111111001010111100110010010
00000000000000000000000000000000
00010001100000001000011101101110
00000000001011111011001010100011
01101100010110101100111000000000
00000000010100100000111010001001
11001111011001110010010110110010
00000000000001001101001111001110
01001110010000011000000011010110
00000000010100001110010000100001
00000101110101011111110100011100
00000000001101010111001110010010
10010011000000000011101100000000
00000000001010010010110111010011
00000000000000000001110001000100
10100010100001010010101000010110
10100001000101000011111000110111
00111011001001110110100010010001
10000100111110110111010010110111
00000000000101011100110010010111
00011000010110000110101001100000
00000000011111110111010110100101
00000000000000000001001001110100
00000000000000000001000010001000
01111001011100100100111001101001
00000000010010110011010110001101
11001110011001110011101100110000
00000000000110001101110000111000
11110010110100100110001001111111
00000000011100111000100111011111
01100001010010011010001001001101
00000000011010000100011111001001
10110110100101100101001100000111
00000000011001001111110001101110
11110000101111000111101100101110
00000000010001000101100110110101
00011110010111000000000100001000
00000000011110111111100111100101
00011100000011100100011110010110
