01111111110000000000000000010011
01111111110000000000000000010011
01111111110000000000000000010011
00000001011001111010011110110011
10010011000000000000101000010011
00000000110110110000010000110011
10001001010000000010000100000011
10100001110011011001000011010011
00000100000100000010011000100111
11100000000001001000100001010011
00000001010010110001101010110011
11100000000001001000011111010011
00110100000000000000010000010011
00000001111010111000011001010011
10100001000011011001001111010011
01100110100000000010001000000011
00000000111001110101010110110011
01010110010000000010000010000111
10010000010100000010000000100011
00100101100100000010001000100111
01101100000000000010001000100011
00001000000011011000001101010011
01000001001111001000100110110011
00000001101110100101011100110011
01100010101000000010111000100011
00000001001000111101001100110011
00010000110000000010011010000011
00000001011101100000000011010011
10000011010000000010000110000011
00000001110011111101110000110011
10011010011000000010100000100111
01011111100000000010000110000111
10100001000110101001101111010011
01000001100011011000111000110011
00000000111000010010001010110011
00000000101100000000011000110011
00001000111010001000101011010011
00000000111101010001111110110011
01000001011100010000010110110011
11011111100000000010100110000011
01100100111000000010000000100111
00000000111000000001100110110011
01000001110100010000101110110011
11111100100000000010100010000011
00000001011101110101011110110011
10100001111010111001010011010011
10001010110000000010011110000111
11110001000100000010110000100011
00000001010101100010110000110011
00000000100110100001000010110011
11110100110000000010011000000111
00110101101000000010110000100111
00000000001011001000100001010011
00000000111110110010000100110011
11101010001000000010100000100011
00011011110000000010000100000111
00000001110100100010111010110011
11100000000011010000010101010011
10100001100101100001001101010011
00000001100110011010101000110011
10111100110000000010101010000011
10100000001001100001100001010011
10100001110000000010001000100011
00000000010000110000111101010011
10100000001010101001100101010011
11110111101100000010111000100011
00000001111100001001111100110011
00001001101110001000011001010011
11100000000010111000101101010011
00000000010001111001010010110011
00000001000110100001111010110011
01000000100010010000111110110011
00000000101011000000010001010011
01000000001100001000100100110011
00000000111000010000110000110011
00111100111000000010010000100011
10100100000100000010100000100111
11100000000011001000000011010011
01101000010000000010110000100111
01000001110011100000110100110011
11011110100000000010010000000111
01000000000110001000111010110011
01101111000000000000110110010011
11100000000000101000001011010011
00000000111100011000111000110011
00000001100010010000101001010011
11000011010000000010011100000111
00000000001111101010001100110011
00000000111101011001010110110011
10100000010001111001101111010011
11100000000011011000111101010011
00010010010000000010111100000111
00000001110100111101000010110011
11000100110000000010001110000011
10011110110000000010110010000011
00000000000111010010011000110011
10100001000110010001011001010011
11100000000000110000110001010011
00110000100000000010000010000011
00110101110100000010101000100011
00000000101111101001010110110011
10010011110000000000101110010011
00000001101001101000110110110011
10000010110000000000110100010011
00000000110100100101110000110011
01000010100000000010001000000111
00011001100000000010011000100111
00001001010000111000111111010011
11010100100100000010100000100111
00000001000101011001111000110011
00000001101001101001010110110011
00000001011111110000001001010011
11000100000100000010111000100011
01111001010000000010011010000011
10100001011100000001110001010011
00000000110110101001000100110011
00000001011111000101010110110011
00000000100010101010011010110011
00001000011111010000011101010011
00000000100110110000100101010011
10100000110101010001100001010011
11100000000011100000110111010011
01000001000100011000011110110011
10100000111011101001111111010011
00001001100101001000111111010011
00000000000011001000001001010011
11100000000000010000100101010011
00000001101110011001010110110011
10011011000000000010101000000111
00001110010000000010010000000111
00001001101001110000001011010011
00000000100110001010101110110011
00001001001011000000101101010011
01000001001111001000010000110011
10100000101001011001111011010011
00000001010011101001110000110011
00000000111110110001101010110011
01101100110100000010011000100111
10110111000100000010110000100011
00000001110011101000000101010011
10100000000110011001110001010011
11010111101100000010000000100011
01100111101100000010111000100111
10100000111010001001101101010011
00111010100000000000000010010011
00000001110110111000100111010011
00000001000110101000100010110011
00000001000111001000111001010011
01010101010000000000111110010011
10100101111000000010100000100111
01000000011001110000100100110011
11111111000000000010010000100011
00000001000100110001101010110011
00000001001010000101101100110011
00000000001111001000110010110011
00000000000101001001011110110011
00011110010000000010011010000111
00001000000000111000111111010011
10100001011111010001010001010011
10110010000000000010011100000111
00000000101000110000100000110011
00000000101110000000010110110011
00000000001010111101100100110011
01000000010011010000110010110011
00000001100000111001101110110011
00000001001110000001010010110011
00101000010000000010100000100111
00000000011101100000100010110011
00101110100000000010001010000011
00000000110111110010111010110011
01101010110000000000001110010011
10110110001000000010100000100011
00000000111000110010111010110011
00001110101100000010101000100011
00000001110010110101100000110011
10100001111001000001011111010011
00000001011100010010001010110011
11100000000001000000000011010011
00101011100000000010111100000011
00000000101110100000101000110011
10110101010000000010000000100111
11100000000011001000110111010011
00000000110001100001111110110011
00000000011011000010100010110011
01010011000000000010110000100011
00000001011111011000110001010011
00000001001110000000111101010011
10110011010000000010001100000011
11100000000011010000100001010011
10000101011000000010010000100011
11100100010000000010101110000111
11100000000001000000000101010011
11100000000011110000000101010011
01000001101100000000111000110011
00000110000000000000100000010011
11100000000001100000100101010011
01000111000000000010010000000111
01101011110000000010010000100111
01000001011101010000000100110011
10111011000000000010001000000111
11100111010000000010001010000111
00000001000101010000011000110011
10100001110110010001011011010011
00001000101000101000001011010011
00110001110000000000101010010011
11110010110000000000010000010011
10100001101010101001111111010011
11011110010000000010000100000011
00110101010000000010110000100011
00110100111000000010101000100011
10100001110011011001101101010011
10111010110000000000001110010011
00000001110001111001001110110011
10100001000101010001000111010011
10101101011100000010100000100111
00000000111101011000010001010011
00000000001001001010011000110011
11110110100000000010110110000111
10100000100111011001111111010011
00000001101000000010010000110011
00000001011011000101010110110011
00000100000000000010011100000111
11101100110000000010110000100111
00000000001100100001010110110011
11100010100000000000101010010011
10111110110000000010000010000011
01000001010100001000111000110011
10001111010000000000011010010011
00000000100000111000101001010011
10100000001011001001000101010011
00000001011001000000111100110011
00000001011111010101100100110011
10100000010001011001101101010011
00000000001000000000010111010011
00000000000000011000001001010011
11100000100000000010101100000011
10010001011000000010110000100111
01100101111100000010000000100011
10010011100000000010111100000111
00000001010001010000101101010011
10100001010101000001100011010011
00000000010110100000010101010011
00000000011101001010101100110011
00001011100100000010111000100011
01101011000000000000000110010011
00001100000000000010011100000111
00000001111101001000000110110011
10100001110010000001011101010011
00000000111110111101001110110011
00000001000010010101110000110011
00000001010111101000100010110011
01000001011001010000110010110011
11100000000010000000000011010011
00000000011011110101101100110011
00000000011000001000001100110011
00000001001011111000111011010011
11100000000000010000000101010011
00101010000000000010011110000011
11001101010100000010010000100111
11100010011100000010110000100011
00000001010110111000010010110011
10011010111000000010111000100011
00000000001010110000110000110011
11000111010000000000000110010011
10110111010000000010100010000111
00000000101011010101111010110011
11010000000100000010011000100011
01010111000000000010000100000011
00000001101101110101011100110011
00001001001111100000011111010011
01111100010000000010100000100011
01000000111101101000101110110011
00110100000100000010100000100111
11000010000000000010111100000111
00000001010001001000001111010011
11100000000010000000011101010011
00000001000100101000001101010011
00000001000011100001011010110011
00100100100100000010110000100111
00000000010001110000100000110011
00000001111101010000100011010011
00101010110000000010100000000111
00001001010011000000101101010011
00010111000000000010110000100011
10100110100000000010010000100011
01000000100000011000010000110011
00111110100000000000000010010011
10100001001100011001111011010011
00001001100110111000000101010011
00001000101000110000001011010011
00000001111001100010000100110011
00000000100001100001010010110011
11000010110100000010010000100111
01110111010000000010010000000011
11100000000010011000100111010011
00111001110000000010110000100111
00001000010010110000001011010011
01110011010100000010101000100111
11000010010000000000111110010011
00000001100000110010011010110011
01000001111110111000010010110011
00000001100010101001100010110011
00000000101101110000010111010011
00101001110100000010011000100111
11001100100000000010111110000111
01000001111001101000111100110011
00011010100000000000111110010011
00000001000000110001100010110011
10100000101011001001100111010011
10101100001000000010101000100011
01000001000010011000010000110011
11100000000000111000011011010011
00000000101010000000101000110011
11100011001100000010000000100111
11110011000000000010001100000011
11011110000000000000011000010011
00001000001010010000011011010011
00111100000000000000111000010011
00000001100010100000111110110011
11100000000011110000011001010011
11100000000000101000111011010011
00011100001000000010001000100111
01100010000000000010101000000111
11100000000000011000101101010011
00000001010101111000000110110011
00000000100011100000001110110011
00000001111111100010111100110011
00000000011110110010000110110011
00000001100110000010001100110011
10100001001001001001110001010011
01000000110100100000111110110011
00000000100011010001111110110011
00100110101100000010001000100011
00100001100000000000011100010011
01011111111100000010110000100011
00000000100111101000011010110011
10011100100000000000100000010011
10011011110000000000111000010011
00000001101110111000110111010011
00000001111110011010000010110011
00000001111100011101111000110011
01000001011111010000011000110011
00000001111101110010010100110011
00100101000000000010001000000011
00000001010100011101100010110011
11000100000000000010111110000011
00110000100000000000101010010011
00000001100100011000101111010011
00000001110010010000100011010011
00011111101000000010010000100011
00111001010000000010111100000011
00010011010100000010001000100011
00001000010000110000100001010011
01000001111110111000011010110011
01100011110000000010101010000011
11101101110000000010110010000011
10111000101000000010110000100011
11100000000011010000011111010011
00000001011011001010010000110011
11110000111000000010000000100011
11011110010000000010011110000011
00000001111100001000111101010011
00000001111110010101100110110011
10100001110000000010000010000011
00000001011010001010111100110011
00100111100000000010000010000111
00000001001000001001010100110011
00001001010111010000010101010011
00000000100000000001000100110011
10100101101100000010000000100111
00000001000000000000011001010011
01000001111111010000000010110011
00000000111000100000011010110011
01000001101111100000011000110011
00001001001010010000111111010011
00000001101100000000101110110011
01000001101001010000111100110011
10111001011100000010100000100111
00000001001101100010100110110011
11110010010000000010000000100111
11100000000001001000100101010011
01000000101010111000111010110011
10100001010101101001101001010011
11000111100000000010011100000011
10111011100000000000000010010011
00000000011000011000011010110011
10100001010101100001011011010011
00010101100100000010000000100011
01000001110101011000111000110011
10001100110000000010011000100111
00000001000001111001010010110011
11100000000001100000101011010011
00001000110100000000111011010011
00000001000000100000101010110011
00000001001101001000011101010011
01110100111000000010101000100111
00101011110000000010001010000011
00000001100000010101101010110011
10001001110000000000110110010011
11111111011100000010101000100011
10011001000000000000110100010011
11100000000001000000001111010011
00001000000010011000111011010011
00000001101100100000000010110011
00001000101001011000101101010011
10001000100000000010100100000111
00000000010110101001000110110011
00000000101010001000000101010011
11100000000001011000000011010011
10101111111100000010001000100011
10100001100101010001010101010011
01011000100000000000010100010011
10011010100000000000010110010011
01001000010000000010000010000011
11110000011100000010110000100011
10010111010000000010101010000011
00010111110000000000010000010011
00001001010110111000000111010011
11100000000010111000001101010011
00001000100001001000001101010011
00000001111001111000100111010011
00001000001001001000000101010011
10011110100100000010111000100111
10100011010000000000011000010011
01000000011001011000010010110011
01101001100000000000110110010011
00001000100000110000000111010011
01000000000100010000000010110011
11000011000000000010010010000011
00000001100110011000010100110011
10100000110011100001111101010011
00000001100001100000010011010011
00001001101101100000111111010011
10100000001001100001001111010011
00000000000110001101111010110011
00001000011110000000010111010011
10100001100101001001111011010011
00011000001000000010110000100011
10100001101111110001100011010011
00000000000110000000010100110011
01000001100100110000010110110011
01001001111000000010010000100011
00001000110100001000110101010011
11110000000000000000010000010011
00000001010101101010111000110011
00000001110001001000010100110011
01000000010001001000010110110011
11100000000000011000011001010011
00000001101011010000110111010011
10111001100000000000011010010011
00101000110000000010110100000111
00000001000001100000000111010011
10110001011000000010000000100011
10110000111100000010001000100111
10101010101100000010010000100111
00000000000100100000000110110011
11100100010000000010101010000111
00001000001011000000000011010011
11100000000010100000100101010011
00000001111001111000010010110011
00000000101101010101110010110011
00000001110111011000011000110011
10011010000000000010010010000111
00000000000011010001101000110011
00000001011001111101010000110011
01000001001010111000110000110011
01111001101100000010000000100111
00000001111100101101110100110011
10111111000000000010101100000111
00000001001111000101110100110011
10001111100000000010110010000111
11001100000000000010101000100111
11100000000011101000011101010011
01100100000000000010000010000011
00000001001010110001111110110011
01000000001110101000000110110011
11001010110000000000001110010011
10100000001101100001010011010011
10100001010010001001111101010011
00000001100111111001111010110011
11000100110000000010010000100011
00000000100000101001101110110011
11100000000010110000101101010011
00000000001011110001011010110011
00000000000110011010001010110011
00000001110000000010001010000011
01000000010010110000001100110011
00001001000111110000110111010011
10001101010000000000011100010011
00010001010000000010101010000111
00000000011100100000111101010011
00000001010110111001100000110011
00000001101110011001011010110011
10101000111000000010011000100011
11100000000010011000100111010011
00000001000110110000100111010011
11101100100000000010100010000011
00000000100100010000101000110011
00000001000101011010010000110011
00000001010011100010110100110011
00001000000011011000000111010011
01111110000000000010101010000111
00000000011111110000110101010011
01000000000010001000010100110011
10110110100000000000111110010011
00101000010000000010101000000111
01111011010000000000100110010011
10100001010011110001010111010011
00000001010111010000110001010011
11100000000010010000110101010011
00000000111010010000011101010011
00110110010000000010000110000011
11011100110000000010101000100011
00000000011110001001100000110011
10110000010100000010000000100111
00000000100111000000111001010011
01001010110000000010011110000011
00000000001101010010100000110011
10001110000000000010110110000011
00000001111011101000000100110011
10100001110011000001011111010011
00110111110000000010100110000011
00000000101010101101110100110011
00000000011010000000101010110011
10100000011110111001001001010011
01000000101001000000010100110011
00001000010101001000011001010011
00000000000010001101010000110011
11010111100000000010000100000011
10100000111100011001111011010011
00000001100011110101000100110011
00000000001110100101100110110011
10100001010010001001011001010011
10111111010000000010010100000111
00001000000010000000110001010011
00000000011110011000101111010011
10100000111011011001100101010011
10000000111100000010101000100011
00000000111110011001100100110011
00000110100000000000111000010011
01110000001000000010100000100111
01000000010110000000000100110011
00001001011010101000010101010011
00000001001111100101100110110011
01000000001100000010101000100011
00001000100000101000010011010011
00000001001011110010000100110011
00000001110111110001110100110011
00000000000001001101000010110011
11000000100000000010000100000111
01000010110100000010011000100111
01100010010000000000110010010011
10010000110000000010001000000011
01000001100101011000001100110011
11100000000001010000111111010011
00000001110111011000011101010011
01111001101100000010100000100011
01000001100011001000110010110011
11100000000000001000110101010011
10100000110010110001100001010011
00000001001001000000000100110011
00000001011001111000010001010011
00000001110011101000101110110011
10100001000101000001001101010011
11110110001100000010011000100011
01000001110001011000110100110011
11100000000010111000111001010011
11100000000010110000010101010011
00001010110000000010000100000111
00001000110101100000001001010011
00001000010011001000010111010011
10000110101000000010001000100111
10100000101001111001001001010011
01000000111011110000111110110011
01000000010011111000000100110011
00001110110000000000101100010011
01010000110000000010011000000011
11111110011000000010010000100011
00011101110000000010000110000111
01000001010100010000110000110011
01000001110011111000011110110011
00110010110000000000100010010011
00000001010000110001010100110011
00110000100000000010011100000011
01000101110000000010000110000011
00000000110011110000011100110011
10100001101011101001010101010011
00011100110000000000001000010011
11000101100000000000110100010011
00000110101100000010011000100011
10101111110000000010000110000111
01000001101010010000010000110011
00001000110100100000101011010011
01000000100100101000111110110011
01000001000010010000011000110011
11110100100000000000101110010011
00000000000000100000000110110011
01000001010001100000110100110011
10100000111001000001001011010011
00000000101110101010000100110011
01000001010000000010100100000111
11100000000010001000011011010011
00000000101110000001111110110011
01000000000100110000101100110011
11100000000001111000010111010011
10101001011000000010100000100111
00001001001100001000000011010011
00011100110000000010110000100111
10011000000100000010100000100111
11001000000000000000000110010011
00001000001010001000010111010011
11100000000011000000111011010011
11100000000011000000110111010011
01010110111000000010110000100011
11110010100000000010010000000111
00001000010001010000000011010011
00001001111101100000010111010011
10110110110000000000000110010011
01111101110100000010000000100011
11100000000011100000011111010011
10000101100000000010100000100011
00111011000100000010111000100111
00000001001001001001011100110011
10100001000011000001010111010011
00000001000101001000110011010011
00000001111010111000101011010011
01000000100100101000000110110011
00001000001001001000101001010011
00000000000110011000000110110011
10100000001101010001000011010011
10100000000000001001011011010011
00000001011010001000101000110011
01000001100001100000110000110011
10100001110000101001010001010011
10100000001000110001110001010011
10100000000000001001110011010011
01100110000000000000000010010011
11110000100000000010101000000011
00000001110101110000001111010011
00000000111111101001010110110011
00111110111000000010111000100011
11101110010000000010001100000111
00000001001011101001010100110011
00000001101110111000110011010011
00001000010001111000101011010011
10100001010011000001010111010011
00000000011110111000010011010011
01000110011000000010100000100011
00000001000101001010001100110011
01001011110000000010101110000011
00101101100000000010010010000011
10100001011000100001011001010011
10100000011111000001001011010011
10100000111111010001111001010011
00000000000011100000110011010011
00001110010000000010101000100111
00000000111110010010101100110011
00001001101100110000011111010011
11010011000000000010010110000111
00000001010101010000101100110011
11101000000000000000000010010011
00000001011011000000000111010011
01101111100000000000110110010011
11100000000000110000100011010011
01000000101010000000111010110011
00001000111111110000100111010011
00000000000101111000111111010011
01111110110100000010000000100111
10110010101000000010101000100111
00000000111001001101001010110011
11111011100000000010011100000011
00000001111110010000010100110011
10100001011110110001101111010011
00000000100110100000000011010011
10100001000110111001001011010011
00100101110000000000101000010011
11100000000010101000010101010011
00000001000111111001110000110011
01000000110010000000011100110011
00000001011010111101101000110011
00000000100001101000100101010011
00001000110101110000110101010011
01110111000000000010011100000011
10100101110000000000010010010011
00000001110011100001000010110011
00000001111011011001001010110011
01101010100000000010110100000011
00010000100000000000001110010011
00000000011000110000001101010011
00000000000000001010000110110011
00001000101010101000111111010011
01000000111100111000011110110011
11011011100000000010011000100111
00000000101101011000111100110011
00000001011100111001011100110011
01111110001000000010011000100011
00000000000111110101100110110011
10001100110100000010101000100011
01000001100011010000110000110011
00000001001000001101100000110011
00001001001001100000100111010011
10011101000000000000110010010011
00001000111111100000001011010011
01111000110000000010011010000111
00000000010001111000110011010011
11111011000000000010000100000111
00000000010011001000011100110011
00000000001100110001111010110011
11100000000010101000100111010011
00000001001100110000101100110011
00100110100000000000000010010011
10001110111100000010011000100011
00000000010111111000111111010011
00000000111111001000111100110011
01101110010100000010110000100011
00000001111111100010101010110011
11100000000000010000100001010011
11100000000000000000011001010011
11100000000001101000010111010011
01110101010100000010000000100111
00000001100101101000011111010011
10010001110000000010000110000111
00000000111001101101111110110011
00101101111000000010011000100011
00010111100000000010101100000011
10001010110000000010000010000011
01010000000000000010001100000111
10100001110100110001010111010011
11101100011000000010011000100011
00000000111101001001110000110011
00000000100100011001100110110011
00000000110010000010010110110011
01000001111110011000101000110011
01110001100000000010110000000011
00010000010000000010110100000111
11100011110000000010010110000111
01000000111011111000001010110011
00000011011100000010101000100011
00000001110100010001100010110011
00000000110010110001011110110011
10100000011101100001110001010011
00000000101111110010001110110011
01000000101100110000010110110011
01101011010100000010101000100111
00000001010000100001101010110011
00001001100011001000010001010011
00010101010000000010110000000111
00000000100001100101111110110011
01001101110000000010000110000111
00000000011010001001001100110011
00000001110001001010000100110011
01000000110100100000100110110011
00000000101010010101101000110011
00000001010100011010111010110011
10110110100000000010011110000011
00000000011000111000001110110011
00000001000011110010010000110011
00101111110000000010000100000111
11101110011100000010110000100111
01000001110110010000101010110011
11100000000010010000000111010011
00001001111011011000000111010011
00000000101001010010001100110011
00000001111110001101001000110011
01000000101010001000010000110011
00000000000001100000000011010011
00000001001111111000011101010011
11100000000000010000001111010011
10100001111101011001101101010011
11100000000001011000011011010011
00001001011100000000001001010011
00000001000001101010010010110011
00000001111011110000010010110011
10101100000000000010001110000111
10100000001111101001001111010011
00000000110001110101000100110011
11100000000011010000010111010011
10011101110000000010010110000111
10000101111000000010000000100111
10100000010011100001110001010011
01000001101000101000111000110011
00000000011111011000100010110011
00000001111111111001000010110011
10100000001110101001110101010011
00000000001111011001111110110011
11100000000011100000011011010011
01010101100000000010111010000111
00000000101011000101111100110011
00000001001010100000000010110011
01000000101111110000001010110011
00001001001001010000000011010011
00110000010000000010101100000011
00000000111100101000001011010011
00000000110110001010100100110011
00001001011001010000111011010011
00000000010001010001111100110011
00110011110000000010101010000011
01000101011000000010110000100111
00000000000001101001111000110011
00000001100111000010010100110011
00000000100110111000101001010011
11000101110000000000100000010011
00001001001000110000100011010011
01101110000000000010010010000011
01111011010000000010101110000011
00010010000000000000011100010011
11111011101000000010011000100111
11000110100000000010111010000011
00000000110111110001111110110011
00000001110110100000100111010011
00001001011101010000111101010011
10011011010000000010101000100011
00000001011110100001101010110011
00000000110001010000011101010011
01000001110100111000011110110011
11000110110000000010011010000111
00000001110110111000001011010011
00001001111111111000100011010011
00000001000101010010010110110011
00000000011100111001110000110011
10000100000000000010010110000111
00000001000100000000011011010011
11011000000000000010111100000111
00000001110101111000111011010011
11000110010000000010101100000111
00000001111000010001100100110011
00001000110010010000011011010011
11101111010100000010000000100011
10011000110000000010011010000011
00000000010101101000100100110011
00001000000100001000110101010011
00001001100101010000100001010011
10111101100100000010111000100111
00001000010110101000110111010011
10011011010000000000001110010011
01111010000000000000101110010011
00001001101010011000110001010011
00000000110000000010100010000011
00000000101101011000001011010011
01000001110001110000111100110011
01000001000100000000011100110011
01000000010000001000101110110011
11010010101100000010111000100111
00000001010000000010111010110011
11110111010100000010001000100111
00001000000011111000100011010011
11100000000001100000000101010011
00001001001111110000111011010011
11000010110000000000100100010011
00000001000001101000010001010011
10000111000000000000001000010011
00000000101100010001010110110011
11100000000011001000100001010011
00000000001111111101110010110011
00000000010010010000101010110011
10100001010001100001010101010011
00000001010011001001001000110011
00000001000010110010100100110011
00000000011111010010010110110011
00000000001010001001101010110011
00000000000100011000100000110011
01110001110000000010110000000011
10100001000110100001110111010011
11001001010000000010110010000111
00000000101101100000011011010011
00000000110111001010110000110011
11010100110100000010110000100111
00001001010111001000001111010011
00000001000100011101100110110011
00000000001100101001000100110011
00101011100000000010100010000011
11100000000000011000010011010011
01000000101001100000011110110011
00000000000101011000100011010011
10100000011100100001100101010011
00000001111100011101110100110011
10100000011001101001011001010011
00000000101101110001000010110011
10100001001011100001001011010011
00000001000000101001111000110011
10001000100000000000000100010011
10100001111001111001101101010011
10111100100000000000100010010011
00001001001101011000001011010011
01111110001000000010111000100011
00000000111000111001010100110011
11111010100000000010101000000011
00000001011001010101011110110011
00000001111101110001011010110011
00000001000111011001010010110011
10100000110110111001000011010011
00010000011000000010100000100111
00000001011000111001110010110011
00000001001010111000110000110011
10001111010000000000010010010011
10011010000000000000011010010011
01000001110011110000101010110011
01000001001000000010001000100111
00000001000111000000100100110011
00000001010110111101010110110011
00000000110011010001010010110011
00000001111100011001100000110011
11100000000011000000001111010011
00000001001011000010101000110011
11111010100000000010100100000011
00000001111111100000101101010011
00000001011000101001110000110011
11100000000000101000110101010011
01100011110000000010100010000111
10101000011000000010001000100011
00000001001010000000101011010011
00000001010000011001111100110011
00001110010100000010101000100111
01000000001001000000001110110011
11010101000100000010001000100011
01000000000010010000000010110011
00010001110000000010111000100111
00011110010000000000000110010011
00000001001101100101010010110011
10100000010010100001010011010011
10111010000000000010110100000011
00000000001101010000100110110011
10111001100100000010001000100111
00010111111100000010010000100111
10100110101100000010100000100011
10100001001111110001110101010011
00000000001000100101001100110011
00000000100011101010011010110011
10111010000000000000110000010011
11100000000011111000111111010011
00001000011000000000010001010011
00111000100000000010100000000011
01000000100110111000000100110011
00001000110011000000101101010011
10100000100100001001101001010011
11100000000001010000000111010011
00000000101001101000101110110011
00000001010100100101110000110011
00000001010100100000101100110011
00100001110000000010110000000111
11000100100000000010110010000011
00000001000100101010000110110011
11111110110000000000010100010011
11100000000000100000111111010011
00000000001000011000110100110011
00001000111000001000110101010011
00011101100000000010110000100011
00000001011111010000110101010011
00001001000111001000001011010011
01000000000000000000101000110011
00000000110001101010100100110011
00000001111111100000010010110011
00000000011000011010000010110011
00110010000000000010111010000011
00000000001100100000001100110011
00000000001001001010010010110011
00100011010000000010011110000011
00000000001011111101101100110011
00000000101011100001110010110011
11100100100000000010011000000011
00000000001001011000000110110011
10001101100000000000010000010011
10100001011001110001001011010011
00000001001100011000111110110011
00001000000000011000011011010011
00000001111010110001100110110011
00011101010000000010110010000011
00000000001100011001111100110011
01101011000000000010011000000111
10111000100000000000101110010011
00000000011100100000110101010011
00111100100000000010011010000011
01001101111000000010110000100111
11011001000000000000001010010011
00001001100100101000100111010011
00000001110011001001000100110011
01000001011111001000110000110011
00000000110100011000110101010011
10010111010000000000000110010011
11100000000010111000011101010011
10111100010000000010111000000111
00000000010011111001110010110011
11100000000010111000100101010011
10011111110000000000110010010011
00000001110111011000111000110011
01000000110110011000011110110011
00000000011001101000000011010011
00000001010011100101111110110011
00000001000101110101010000110011
11001100000000000000101100010011
00000001000111101010011010110011
11011100110000000010100010000111
00001001000100011000110111010011
00000000100101011010110100110011
00000000100001111101011110110011
10010001000000000010011100000111
00000001111001011000010011010011
01000100110000000010011000000011
11100000000001110000010111010011
01000000100010001000110100110011
00001000110000000010010010000111
00000001010001110010011110110011
00000001001110101000111111010011
01000001001000100000110010110011
00000001100110010000001010110011
00000001000011101101001110110011
10001101010000000010000110000111
00000000110100000001110000110011
00000001101101100000001110110011
10100000101011010001110011010011
10100001010101000001010011010011
01100100000000000010100000100011
00110101001000000010010000100111
10110110110000000010010110000111
00000000111010010000100110110011
00000001110110111000011001010011
10100000101111001001111001010011
00001001100010001000000101010011
00000001000000000010100010000111
11100000000001100000000011010011
00000000100111010001011110110011
00000001001001100001000100110011
00000001110111110001000100110011
00000000000000000000000001110011
00000000011001100100011100000000
00101110000000111001110001110111
00000000000000000000000000000000
01110111100011100001100111000001
00000000011101100001000000000010
10101100110111111111000000101111
00000000010100111010110101001101
11001001000011111100110000100110
00000000001111110010000001010111
00111001101001111101100010001101
00000000011111110111011010110100
00011011000000111111100000010110
00000000001001100111101111001100
01010100011110010001111101111101
00000000011110010001111101001101
00000000000000000000000000000000
00000000011010011100111111101001
10000011001011010010111000111110
00000000010101111011010010000010
10100111100001111010110010111000
00000000001110010001001011100110
00110110000010100010110011101100
11100010101011110011111000100101
11111010011100101111010111000010
00000000001000010010000011001100
10101111000100011000100011100110
00000000001100001101101010010101
10101111000001100100100101010001
00000000010110101101100111100101
11000001011011101110100001010011
00000000011001110001110001100001
00101001111010110000100101100100
00000000011011000000101000111000
10110110001001011111100011110110
00000000011011001100110010110110
01100001011111110001011011111110
00000000011100001110111011001010
10010101100101101101100100001111
00000000010101100111110001111000
11111010100111100011001110001100
00000000010001110111010001011011
10000010011100001100100000010110
00000000010101000001011100011011
00010110100000110001111111010100
00000000000000001011100000110011
10011111011100110010001111101001
00000000011011010111000101111110
00110011010000000101101010110101
11010100011110010001111101111101
11000011111110100000110010001101
00000000000000000000000000000001
11000011101100100100110011001101
00000000000011000110100011011111
00011000100000000111011010100110
00000000010100010011100010001000
01011101000101010000010001000111
00000000000000000001100011110110
11001111101100110010101101101010
00000000011000110001010000010001
10101111010111110011100010001110
00000000000001101001010001111010
00000000000000000000000000000000
00000000001010101011101110010000
11010101010010111001010011111111
00000000000111001101101011101001
00100011010100101001110000010000
00000000000001011101110011110010
00000000000000000000000000000000
00000000000001001001001101110011
10001110000101001001011100111100
00000000000010100000101100101011
01000110011100110010010111111000
00000000001001101011000101110011
01101100110101110011101101101011
00000000000000101111010100011111
01110011101011001100000100000010
00000000011010100111100110000100
01011010101100100011011001011010
00000000011100010101110101100001
11010010100100001101010000010111
00000000000111011110100111100011
00111101000010000010011110100010
00000000011000000101111101101010
10101111110100110010011110100011
00000000001101101000111010111000
01110111001000100100001101011010
00000000011011100000000011011111
00011000001010000011010011010101
00000000011011010100000000111011
11010001010001110011010100101001
00000000011010111101000010001101
10000111111110001111110111100000
00000000000111110001001111101010
11110110100110100010101001011010
00000000011001001000001110011001
10100011010001111101011001111101
00000000010110001111010110011101
11100010101011110011111000100101
00000000010110101100010101011101
11011101101101111001010000110000
00000000010000100010100110111110
00100010111101001101101001010010
00000000010010010011011011011001
01100001100001010010101110000001
00000000010001101000000000010111
00000000000000000000000000000000
00000000000000000000000000000000
10110100111010111000101010011111
00000000000000000000000000000000
10010000010110110111000110110101
00000000010011001100011001000001
01000100011111111001111011110110
00000000000111000000001100011110
10001011101010110010000010011011
00000000011110111001010110100111
00111000101111100011110000100011
00000000001100001000110100000000
10101101101101110111000100110111
00000000001000100010101011010000
11011011101011110101100000101000
00000000000010100100010101110010
10101000001010111000010100000000
00000000010000101010111000010010
00100101100010101000011000001010
00000000000000000000000000000000
01101100010010110111000111000001
00000000000000000000000000000000
01100110010010010111111001101011
00000000000110001011000101100011
01111000100111001011011100111111
00000000001100100111101100101000
00000000001111101100111110111010
00000000011101111011100101100000
00111011000111110001101001100001
00000000011110001110101110010001
11101010101001000001110011011101
00000000001001010111000010001010
11001100100101100101101110000110
00000000001101111100011011001101
10011110101010001111101110110000
00000000010010101000100001010010
01001111000001110001011101111001
00000000000110000001110111010100
01000110010011000011001110110001
00000000010110101110010101011111
00000000010000001000000010100011
00000000011001110100001101010000
11010101110001101100001010011001
00000000001000100101000110001100
01000010101000100101000011000101
00000000010110111101101010011010
00000000000000000000000000000000
00000000001101000100100000111110
00000000000000000000000000000000
00000000010011011010001111110001
10110101001100110101100100100000
00000000000011111011100110110110
01111101100100111001101001101111
00000000000000000000000000000000
11000001111001001010110000010111
00000000000000000001000011001000
01100010101011110011111000100101
00000000011011010110010101011001
11001100100110100000011010011111
00000000001101010100111110000101
11011101111001001101111110010011
00000000001100110011111101101101
11010100011110010001111101111101
00000000011010011001000110001110
00000111110101011101011001001000
00000000000110011111101010010101
01001100111010101001100011000111
00000000011100010000010100110000
10010000101100010101101011011111
00000000010110110111101010101011
10010010010010011001100011000001
00000000011111101101110111001010
00000000001100011111100101101111
00000000000000000000000000000000
10000011000101110110100110110011
00000000000111111110101100011001
10100010101001111100101000110100
11000000011111000101011111111111
01100110011100011111001001011010
00000000000011000010110111011110
01111011000011001101101001111000
00000000001101000001101111111000
11010111000110001101010011100110
00000000000000000101111110000100
11010100011110010001111101111101
00000000000000000000000000000000
10000100001111101101001111010101
00000000001010100001001001000010
01101001010010011010111101011001
00000000010000000101101101101100
11001000010110111000110011000110
00000000011111010111000101100101
00010101001011111001101010001001
00000000011000100001010000010001
11010010000110111111000111010000
00000000010001110011100001001100
11101001101001101110000000011011
11100010101011110011111000100101
10101011110100011010101011011101
00000000001110110110110001100010
00000000000000000000000000000000
00000000011001000110011011111001
00010101110110010111000101110111
00000000010110101011010100000111
10101000011001100011001101111110
00000000001000001000001000110101
10101100000001001101011011001100
00000000011110100001110010110000
10010111110101000000111101011011
00000000010110101101101101110011
01111001111111001011010101001110
00000000011111111011000010110001
00000000000000000000000000000000
00000000001110001101111111011100
10011000010100100110110101011111
00000000010000100001000010100110
00101100111100001111100100010110
00000000011010100110101011100110
10101000011010100011110100000001
00000000001101001000101101001000
01010100011110010001111101111101
00000000011100110101001000000101
00000000000000000000000000000000
00000000010111011010100001100100
10000110010111010110011011101000
00000000001111101011100100101101
01101100000001010011111101101111
00000000001010011101001110100110
01110011100010010011110110011000
00000000011000100001111100101100
11001110010011100011001001101010
00000000010001110110111001001101
10110010100001000001110111101100
00000000000100110100000000110110
10110000111111011000100110010010
00000000011100000110011101110111
11010011100001000010100010000100
00000000001011001000101011011100
10101101001111010111001001010111
01010100011110010001111101111101
01111010110001110101101001110101
00000000011000100011101001001010
11010111010111000001011000101010
00000000010110111011111000010110
01100010101011110011111000100101
00000000011111001110101110101100
01100010101110001011000111011010
00000000001001010011000010001110
00111000000000110001110101111000
00000000010011111001101010101001
00101010000011101101010011000100
00000000010100011000110010101011
10101111001110010111001100100011
00000000001010101010000000101001
01111010101010110101000100011110
00000000011100111011100100001100
00001000100001001010000101101100
00000000011010011001010110100101
00000000001100111001110100011001
00000000010000100101110000100101
11111101111110001000000011110010
00000000010010010100100110001110
01000100000111100010001101011011
00000000000111000011101100101101
11000000011111000101011111111111
00000000001110001110010111110111
00000000000000000001111010001101
00000000010101011111110000010101
00011110110101001001000011110001
00000000011000111111000011101010
11110001111010001110101111101010
10010100111001100101110110000100
01101000000111010111110001001111
00000000001101111010101101101100
00011111110110110101011011101001
00000000000111101100110010100000
11001001100111011101101011110000
00000000011111001100000001111111
00110110001101000100001101010001
00000000000001011000000110001000
01010001000110000110011101001011
00000000000011110001111011010001
00110111011010001101101100111100
00000000010010101110100100000010
10010011000010101001100111011110
00000000011010100110101011100110
01101000011011100001100111001111
00000000000100010010011001000101
00010010110110011101000000101100
00000000000100101001101001111100
01011101111000000001000100011001
00000000011011001111110011001011
00000011000011100011111011011011
00000000011110111001110000110111
01001111110111110011010001101111
00000000001111001101000101001010
10101001000110010111011010011101
00000000010010100001110000001000
00000000000000000000000000000000
00000000001101001010001011101000
11110100110100110101111110001101
00000000000000000000000000000000
11011001111001110100010110011101
00000000000100110100101001100100
11101111100101111110011111100111
00000000000100011011001101000110
11010001011000101001111110101101
00000000000001010101110111101110
01100110001110101011010000111110
00000000011011111111111110010010
11011010000101111100111100100100
00000000000110001001110010111111
01010101100011011001100010001111
00000000011011011111000010001011
10111111111100100110110101000010
00000000000000000000000000000100
01110010001111000010001100011111
00000000001000001010001001101101
01101101001011010001110011001111
00000000010010011111111110010110
10100000110100010010111010101101
00000000000101000111100010101101
11010101011110001111101011101001
00000000001011100101111111110110
10101001011001100101000010001001
00000000001010001010000101001111
10100111000101111110001111110001
01010100011110010001111101111101
10000011001001000111101000110100
00000000000000000001001110111100
01001111001101111101011111110111
00000000001001100111100001101001
00000000000000000000000000000000
00000000010011101001111111110001
01010100111110010001111101111101
00000000011011100010010011100000
00000000000000000000000000000100
00000000011000100001010000111010
01010110010101000011101011000100
00000000011110100011000110011110
00110011111110001101011000101011
00000000000010111100011110101000
11011010100010101101001101011011
00000000000000001110010001001110
01111100011001000111110101011100
00000000000110011101110111001110
00111010100101001110100010101000
00000000011111101111110101010100
00001100000100100101000000110111
00000000010111011011111011001100
10111011000100111000000100000010
00000000011010001011100111110100
11101010110011100100100010111101
00000000010111011010001111000010
11101001000111010001001001111100
11010100011110010001111101111101
01100000000001011000000011100000
00000000010100100110110100011111
11000000101000100010111010001011
00000000011011010011000010001000
10000010100110101100010111110001
00000000011100010101011101010110
11100111101011101100011100111101
00000000011111110100100001011010
10001000001001100011011101111000
00000000000000000001111010001101
01000111001100111110101100111000
00000000010100110101010010011000
00011110100110001100100110011111
00000000000110100010010110000111
11111000000101101110000010000011
00000000000110001100001001111011
11111110001011100001000000101011
00000000001100000101101011001100
10101101111110011011101001000010
00000000010110111100101001001100
00100000011000100011111011100101
00000000010011101000110110011010
10000010111111011001011011110000
00000000011011111100110011111111
11001010010111110010101110011000
00000000010100001010010100100010
11100011001110101110011111100010
00000000011111111000101100001010
00000000000000000000000000000000
00000000001011100110000001011000
11001001110100110011111101101001
00000000000101000010101111101101
01110100010111111101000001000111
00000000011000100101010001010000
00000000001010101111111000001010
00000000010100101100110100011111
11010100011001000010111101110110
00000000001100011111100101101111
11011011000010100001011110111001
00000000011011000000110100011000
00101010000010010110101001000110
00000000011001101000010101100011
00000010110110001101000110010110
00000000011111111100010011100011
01001101001111010101110010001100
00000000010011111010101000010010
10011001011001001101000110010000
00000000010011111010010111110001
10110100001101110011101111000101
00000000011100110110000000000100
00011010001100100100111101101011
00000000001000101111100111111111
01000101010111001100111101101111
00000000000011110000010010111110
01010110001011010010001001010111
00000000000001010001001011001000
10010111110110110010100011101111
00000000011110010111100110100010
10000110011010111000100110101011
00000000000001001110101000011010
10101011101111000011001010001101
00000000011101100110000001111101
01011111010011011011001011111001
00000000001100000001100111000001
00000000000000000000000000000000
00000000010000011100011110010001
10001000111100101000110110001100
00000000001010100100010110100011
01111000110011001001100101111001
00000000000001001110100010101011
11010110010010000000001000110100
00000000000000000000000000000001
10011100101101011101101011011110
00000000001101111001111101110101
00000000000000000000000000000000
00000000000010011110101110010000
00000000000000000000000000000000
00000000001011101100000011001001
11010101001001110010111011000110
00000000000011011010011010000010
11000011101010010101010111111001
00000000011001111001100110111111
00000000000000000000000000000000
00000000001110001101111100010111
00000000000000000001101000001100
00000000010011111100100000110001
10001011110111010110110000011111
00000000001100010100101011000011
01110010101000110011110001101111
00000000000101110111100110111111
00000000000000000000000000000101
00000000011110010000111111100001
01010100011110010001111101111101
00000000000000011110011001100011
10100000111010101001100001111000
00000000001101110101100011110110
10000011110111011011100110111000
00000000001100010111111001011111
10111010110101011110111110110110
00000000011101111000100101111100
00111111101101101011100100111111
00000000000110100101101000111000
01011011000001111100011001101101
00000000010100100001111111001101
11110001001011000010011010101001
00000000010000100100100001101100
01010100000110101001110001100101
00000000011100100110010010001010
11100001100011100110110010101111
11010100011110010001111101111101
01001111000001110001011101111001
00000000001001101000101001101111
11110000111111001011000111111010
00000000010100011000001000010010
10110001110111111110100001111100
00000000000000000000000000000000
01010000101100011010000001101011
00000000001100010000010100101101
11100110100101110011011000101010
00000000000011111111011011010101
01011001011011000111010010011000
00000000001000000001110000100101
11101010000100000001011000000100
00000000001011110000000100011000
11010100111111001001010110100011
00000000010101111111111101011000
10010100000110010100100100000010
00000000010011000010011100000001
00001000000100111001000000101011
00000000001000110010011111011111
01101010001010000011010110010010
00000000001010110111010010001001
01010111000000100101110011001100
00000000001100100100110001000101
10011000010100100110110101011111
00000000010001110110011111101011
01010111110100001001111101111111
00000000000011111011011111000010
00010110010011100100110110011110
00000000011010110010011000000100
11010110110100010010011010111111
00000000001110111010101101011011
00000000000000000000000000000000
00000000011101011010100001111100
11001101001100111100100110001001
00000000000000000001011111111000
01011101101011000110100110010001
00000000011101011101000100000110
10010011000111110000010100010100
00000000000111110010111011101100
10010111100001100111010101101001
00000000010011011110001010111010
00111110111011001101101010010101
00000000001010110011011011001110
10110111100000100110110101010111
00000000010001101011001101000001
11000100011010100010110110000001
00000000011111110001100001010101
00111010101010011101111111101101
00000000001101000111011111011000
01101001000110101110111101101100
00000000000000000000000000000000
00010011010001110110011110010001
00000000010100111010100001000100
10100010001111110101000111101111
00000000001101001011101011101100
00011000111001101111100011011000
00000000000000000000000000000000
00100001111001011010101011000011
00000000001100001101001111001100
10011010101111101110111111101100
00000000010101001110101000010111
10000000110111111011000000010111
00000000010010101111001101101001
00001011101011001000001101010100
00000000000000000000000000000000
00101101001010101000111101100011
00000000011000000101110100011100
00000100100010011000101011110111
00000000001110110010111101110011
10101011111101101111000001100110
00000000000111011011101101101010
10111001100101111111011001011101
00000000010010110001111011011000
10100101011010101111010100001110
00000000011111110110111000101111
10001011111011011000100010001010
00000000000100101001101110011101
00000001100010001111101011100010
00000000001110000111101001100000
11101000111011010010011010101000
00000000000001010111001101001111
01110101001100110000011100000001
00000000001010001100010001011001
00110111100010001110101010101000
00011101001100000110000100111111
00111010111101110001011011001111
00000000010110101110000000000100
01010111101011001001001010010010
00000000000100101100000001001100
11100100000010011000010000000010
00000000011100000111001111001111
11000010101111010001101000001000
00000000010100100111000010001011
11111111010010011110111000111111
00000000000110011111110010100011
10000011100100101110111000100101
00000000010001000000010011001110
00010000110000001100111010010111
01010100011110010001111101111101
11101110100001010111000111010000
00000000011010100100001011010111
01010001000000100000111111001110
00000000010011000010011100000001
01010101000101011100100011111111
00000000011011011100101000001011
11100101000011101100010100011111
00000000000100110001101000000000
00000101001110110101111011110001
01010100101011010001100110001101
10001100111000111110101111001011
00000000000000000001101011111100
01100000011001111000110000001000
00000000011000101010111100000000
11011011001011100011110101111000
00000000000111000110010010110111
10101000011111101011011000001000
00000000000101010111100000001011
00000000000010011110101110010000
00000000001110010110001011001101
11001000111001110000110011100101
00000000000010001001110001100011
01110101111010010100000111101111
00000000001111000101110111011000
00000011001110101001101010000011
00000000000000010011011101111000
10101110000110010010000001101110
00000000001011010001011100000000
01100010101011110011111000100101
00000000000110011001101000101010
11000111000110011110101000101101
00000000001000010100000111000100
11100010110011111010111011100101
00000000000101011000101111101101
01101101011011100010100000011101
00000000010101101011100110011001
01000111011010111100011000011110
00000000000000000000000000000000
00011011101000110011100111101100
00000000011101110101101001100001
00000000000000000001011111110100
00000000001001110110000001010110
11110000110101101001110010001000
00000000011101000000000000110110
11111100010111010111100111000101
00000000001101111001001101001100
10100011101100000000001011101001
00000000000101100111010010011110
10100111101100100100111000101110
00000000010100001010001001100011
11101101101101101000000010011110
00000000001100011111100101101111
10010001001010010110101000011101
00000000000100000110100101110100
00000010111101000001011010111110
00000000001001111110111101000001
00000000000000000000000000000000
00000000001000101101100011001000
01110001001000101011110101111010
00000000001100111001110100011001
00000000000000000001000000100000
00000000010001110110101000100011
01111011111110010111011100110000
00000000011111111011101000100000
10111100110010100101010000100010
00000000000101000001000011011110
11101111100001101101010110010000
00000000011001001010001101010111
01110010010100100101011000011000
00000000001011111010011100000101
01100101110000111000110100010001
00000000001000110110110001001010
11001110110101000001110101000000
00000000011110101101101010110111
00101110101010011111111101000111
00000000000100101000011111001101
11011111011110011100101000011011
00000000001011111010001110101000
11001000001000010010000100100111
00000000000111111101100011011010
11101111100000111001111000111110
00000000010010011101001111100000
11001101010101011000111111101101
00000000000000000000000000000000
01110100110100110001111011111110
00000000001110101001000001010001
10000011001011010011111100001100
00000000001001001000010011000010
00000000000000000000000000000000
00000000000011001011110101000010
10011000101010110001001101110100
11100010110011111010111011100001
11010011001010001101100000010010
00000000011011011110111111010011
00100001101101111110100000001011
00000000010010010111000011010111
01110100101001101100110011010010
00000000000100110010110110100100
01110011110101011101100000001011
00000000001101101000010110001000
11001111111100010010111000011110
00000000000000000000000000000000
00000000000000000000000000000000
00000000010101110011010100101011
00100000110011011100100111111011
00000000011001101000001111100011
11000000010110001011110111111100
00000000011110110100010010100011
00101000110011110000000011100000
00000000001110010011001001010110
00101010010111111101010010011110
00000000010100111100111010001001
11001100100011000000000000011101
00000000011000101001110100100101
10000101011110100101110010100000
00000000011011000101110111111010
11101010001001111001010111101101
00000000000000000010101010111010
00000011001100000100110100010110
00000000000111100010000110011001
10011001000010100111100111011001
00000000011110010001000101100111
10000100110110110001000101110001
00000000000001101100010101101000
11011001001001100110000110001010
00000000011101000100010000000010
01001001010011111101110011000001
00000000010101010110100100010000
10010100000011100001100111011100
00000000010110100101011100100101
00111010000110011101101111010110
00000000000000111001100111100101
10010100111001100101110110000100
00000000000001100010111110000011
11001101111000011111001110100100
00000000000111011000111110001100
00000011110100010111101011111011
00000000010100010001110001011011
00100000111100110100001101011001
00000000010101110011110101010110
11011001101101001110000100111110
00000000000000100100011001001010
11011100111110101001110100011100
00000000000001001100000001111011
01000111111110110001100010011001
00000000000000111111010100100000
10001011111100110001011111111011
00000000000110100110001000110010
10100000111010101001100001111000
00000000001010100100010110110001
00000000000000000000000000000000
00000000000000000001000100100100
00000000000000000000000000000101
00000000001110100000100110110010
00101011001010000100111001011011
00000000001001101000101001101111
11100111111001111111111110100001
00000000000000000011000111001000
11011100111010011110101010010101
00000000001110011010000001110110
01100011100001101010110001101011
00000000001011101100101111111100
10001111111010011010100001111100
00000000010001010100011010110101
00111101101110111011100101000101
00000000001101111000101001011001
01101001010111111001110010010110
00000000000111011100111100101001
00000000000000000000000000000000
00000000010010111011011001101110
01011101111111011001110101001010
00000000001011001100111100000100
01001001100101010110000100000100
00000000000001100011101100101100
10100010001100111011101011111111
00000000001000010101001001111011
10111000010101001010001011000100
00000000000000000000000000000000
10001110100011000010001110111101
00000000011010101011010111011000
00000000000000000001000100100100
00000000001000000000001111000011
01101001001111001011111000101101
00000000000100100100110111000110
01100101000000000100111101000101
00000000001110011100100111010111
11001100100101011100110101100001
00000000011000110111110100001011
11011101101101010001110011001100
00000000010001010110000111100100
10000111001011110111000101010101
00000000001011011000111011001111
11100001111011011000110111110001
00000000000000000000000000000000
10001001001010010001100101010110
10100000111010101001100001111000
01100010011010110111000100010001
00000000001101111110100110011000
00100110101011000010100001111111
00000000001001101000101001101111
10110010110100001101100011001101
00000000011100001100001101100000
01001001000111100111100101010110
00000000001110001111100011011111
01101101010111000010101011111110
10000000001100011111100101101111
10000011110111010001011101100101
00000000001110001011111101000000
10001111011101000101011001001101
00000000000111110111101011110111
10100000010000010111001000110011
00000000001001100010100111000111
01111101110101110111000011010011
00000000001011000101110101011101
01100101001000000101011111111010
00000000010101101100100111110001
01100010101011110011111000100101
00000000010100000100000101011011
10001110100101001111010101000000
00000000001110110100100010111000
11110100111100010001000010001011
00000000000101110000010011000010
00000000000000000000000000000000
00000000001110100100000011101000
00000011011111001100001100101111
00000000011011100101011010100101
11000111111101100010011110001001
00000000001111011111110000110101
00000000000000000000000000000000
00000000011110100000000011000001
01100101001101111100000001010111
00000000010100000011100000100111
00110100100101000010100101000011
00000000000100111000101010010010
11110000100010010101100100110010
00000000000001011101110111011110
01001010110110100000010000010111
00000000010010001110100110000100
11111010111011011110010101011101
00000000000000100000101101111010
11011110100101000001010111010000
00000000010011001111010000000100
10001100000011001111101110110110
00000000001110000110101100111110
01101000010101111111100101000100
00000000010001100101101101000111
10111010100001010001100100001110
00000000000111001011001101101010
01111100011001000111110101011100
00000000000010100011110101010010
01010111101111100110000010011100
00000000010000110001101011001101
00110001000000000110111111101011
00000000011000111001101001010111
01001100111101001010110110111011
00000000000110100010000111110011
00111110001011110010000101111100
00000000000111001101001110101100
11100101000011101100010100011111
00000000000110100010011011010010
00100101110000101001000110001010
00000000000010000100101000101101
10110001001000001111101001000000
00000000000000000001100110001100
01111101000111111111111101110010
00000000001001011001000111011110
10111101100001011101011111011011
00000000011010001011100100100000
10110111111011110101011001011011
00000000000011111100111101011011
00001011111011101000111011001111
00000000001111011100011011110000
00000000000000000000000000000000
00000000000101110010010001101111
11001000011101101000011101101101
00000000011010010111010011111110
11011100100001101011111101100101
00000000001110010100100111001001
10001001101110011110100001001010
00000000011001001011010110001110
10000000000010110001100111100100
00000000001011101010010011110101
00101001001110000111010001000011
00000000001100110010011001010110
10101100101100101111001110110001
00000000011010101101000101110010
00001101011010011110011011010010
00000000011110110100101011101000
00000000000010000100101000101110
00000000011111110000001000000100
10101011011010010001010011100000
00000000001101101001110111010101
11110100111001110000010100111101
00000000001011101001011100111111
11001100101101100110001010111110
00000000001011010010010001111010
00011111100000100101011100100001
00000000010111101100101010101000
10110100100000001100110000100000
00000000011111100110001001100001
10111110000110001010011001111011
00000000010101110111101011101010
11101011001110101111000100101011
00000000010010000001111011101011
10011011111000110011001110000111
00000000000001101000111100011100
10011111011000001010100111111001
00000000010110110011001101000111
01100111111001010011101110101001
00000000000110010110101011101100
00101011000111111100101010000100
00000000001101011001000011010000
11110001111000011101010001010110
00000000010101010010001000011000
01000001111110001101100011010101
00000000000100110111101000111111
11110010011001010110011001001000
00000000011110101001110100010111
10101101100100110000011101101000
00000000001101011101001010001101
00000000000000000000000000000000
00000000010000000100101011010011
00101111111010011111000100101111
00000000010011001001110110010100
11111100000000011001010110011010
00000000000010001110010011001010
01011010000000000001010011000010
00000000000011110010011111100000
10001010001010110011001010111000
00000000001000001101101110011001
01101001110010110100000111110101
00000000000001000101101111100110
01011011001100010100100000110111
00000000011001011111100010110000
01010101000001111010000100100100
00000000000011111100110110010111
10011100010001011111000110111011
00000000000000000000000000000000
00000000000000000000000000000000
00000000010011101101111110110011
11100000001010011000011110011110
00000000000100000000001101001111
00000000000000000001011111110100
00000000000100101001110110101100
10110001010100001000001010011010
00000000000100011110110000100110
10001011111010110101101111001101
00000000001110011001010111100011
11100010110011111010111011100001
00000000001000100100001011111111
11101100110111101001011010110101
00000000000010000000011000011011
10010111110010111011111100100110
00000000000000000000000000000000
01011010011101011110111010111001
00000000011101110110111110110000
11011011110110110011011000011000
00000000001100101100100110111101
00001101001110011001100000000110
00000000001100111101101100000110
00000000000000000000000000000000
00000000000011011100001011010100
10011001100010000110001101011001
00000000010100000000010110110010
00000000000000000000000000000000
00000000011111011000110010100101
10011011011001110000111000110100
11010100011110010001111101111101
01101011000010100100101000100100
00000000000001001101001111100011
00100000000100000000111000011101
00000000000000000001011111110100
01000011110111001100001001001010
00000000000000000000000000000000
00110100100100011101111110011011
00000000001000110110011101100111
11111011101000100111101101011011
00000000000111001101010100101101
00111010110010000110100100110110
00000000001110010100010000110101
11111001101111110110011001100001
00000000001110100010000101110101
00000111111111010010000010110101
00000000010100100010101010010011
00000000000000000011110111011000
00000000001011001111001001000010
00111101101011100110110010011011
00000000001010000111101010101111
11001110100001010010010011110010
00000000001000001000100100111101
00000000000000000000000000000000
00000000001010011000111000011110
00001000011110010111100001000110
00000000001101110101110000000111
00011001111111011011111100001100
00000000010001111100010010110100
11000111111100101000111111010110
00000000001000111101010111110100
11110110100010001000111010101110
00000000000000000000000000000000
01010010000010110011101010110010
00000000011101010111111100111101
11010100011110010001111101111101
00000000011011011110111010111000
11111111001111111110100010001000
00000000001010010010101100100111
00000010111011001111111111011111
00000000000000000000000000000000
00111100110110111111001001011101
00000000000001110110100101001010
10010101100000000001101000001011
00000000000010110011111001100010
01111011011000010000010110000001
00000000011011001000111110100100
01000001001110101011011111011000
00000000001000101100010111010001
01100011101101111001111111010001
00000000000101110010100010101111
01110101001001101100110011010010
00000000010100001011011011111111
00111101100110111011010100111011
00000000000111010011110101010001
00011000100000000111011010100110
00000000010100101011111110101010
10011000101110011110011110111010
00000000011110111011010111011000
11100010100000101111000010110000
00000000011101111001011010100110
01011000100011101011001110011010
00000000000101111000110100111010
11100010001001001111110101110010
00000000010100111111011000010000
10111101001011111010110100100111
00000000000010001101100110001011
00000000000000000000000000000001
00000000010110100101110110001001
11000000001001110011111110110100
00000000010110000110011000100111
11100010110011111010111011100001
00000000010000110011111111000011
10000011000110001110000011101111
00000000000001110011100101111110
10000000001100011111100101101111
00000000011100000100011001111000
01111100001011011111111000111001
00000000000000000000000000000000
11100011001111011001101011011100
00000000010010100010111011010101
10000000011011000010111110011100
00000000000000000001000001111100
10111010100110101011110101001011
00000000011000011110001111000110
01110011100100101000100001100110
