01111111110000000000000000010011
01111111110000000000000000010011
01111111110000000000000000010011
00011001001100000010011000100111
00010100000000000010011110000011
11100000000011000000000101010011
00000001101000101101000110110011
10100000110100100001110111010011
11100000000011010000101011010011
00000101100000000000010110010011
00000000101111100000100010110011
00000010110000000000110010010011
10101101000000000010111100000011
00000000100110011001011000110011
10001010100000000010100010000011
00011001010000000010000110000111
11100001110000000010111110000111
10100000001011010001000111010011
01000001101100101000001000110011
00000001111010000000000010110011
11100000000000110000110111010011
10110110100100000010011000100111
11100000000000010000000111010011
10100010010000000000111000010011
00000001001110011000110111010011
00000000110001010010111010110011
00000000000101001000111100110011
00000000110011011000110001010011
00000000111110101001010000110011
00000001011111101000110110110011
00000000110100110000001001010011
00000000011101011001001100110011
00000000000111101010011000110011
01000000111011100000010010110011
10100001000101000001110101010011
10100111110000000000101100010011
01010100110000000010100110000011
00000001111100101000111010110011
01100001100000000000000110010011
00000001111010111000011110110011
10100001101001000001110011010011
10101111000000000010100000100111
01011001100000000010110000100011
00000000001111100000111110110011
00000001000110001000011000110011
00000001000010110000100000110011
00001000010110110000101011010011
00001000100101010000001111010011
00011011001100000010011000100011
10100001001110001001111101010011
11011111111000000010011000100011
00000000111000000101010000110011
01000000100101001000100010110011
00000000101110111000111000110011
00000001001010011101001110110011
00000000111000100101011000110011
00011011111100000010111000100111
11100000000010001000101011010011
00000001001110010000100100110011
10110000010000000000010110010011
00000001010100110001010100110011
00111110111100000010000000100011
11100000000010001000001011010011
00001000100000101000110101010011
00000000110010000001000110110011
01110110000000000010001100000111
11100100010000000010000110000011
00000000011000110101111100110011
10100010001100000010000000100011
00000001011011110000001110110011
00000000110100001101100110110011
00001000010000000000100001010011
00000000011010100101101100110011
00010100000000000010010010000111
11100000000000010000010101010011
00000000110010101000111111010011
10100001111000011001000011010011
10100001111001011001101101010011
00000000010110001010010010110011
11100010000100000010110000100011
11100000000000001000111101010011
11100000000010010000111101010011
11100000000000011000011101010011
00001000000111100000010011010011
00001000000011010000111111010011
11111010011000000010110000100011
01000000101100000000100010110011
00000001011010101101001110110011
00000000001000101001110010110011
00000000001001110000011100110011
00000000000100011010010000110011
01000001110111111000001110110011
10111011010000000010001000000111
00000000000001110101010100110011
00000001111011110000000101010011
11000100100000000010110110000111
10100001100110101001111001010011
00000000110011101101111010110011
10000000110000000010111010000011
11000111001000000010001000100011
00000001000101110101011100110011
10111111000000000010110000000111
01000001010101000000111000110011
00000000110010111010001110110011
01000000010111001000110110110011
00000001000000010101101010110011
00001000011011101000101111010011
00000000100001100000001110110011
10010000001100000010011000100111
00000000101000001010110100110011
01000000001000000000101100110011
00000000010011011000011101010011
00000001110010010010011110110011
00000000100010010101110000110011
00000001001000111000111111010011
00001000011100110000011111010011
11100000000000001000000111010011
10100001110101110001011011010011
00000001100011000000010001010011
11100000000000000000010111010011
11111001010100000010000000100111
01101001010000000000010010010011
10100001110101110001101101010011
00000001111010010000111011010011
00000001100000000000111100110011
11001000000100000010111000100111
00001000110001011000010001010011
01111110110000000010011100000011
10011101100000000010111110000111
11100000000011000000101101010011
00000000001110000010110110110011
00000000000101000010011110110011
01000100100100000010110000100111
11100000000011000000111001010011
00000001010000011000010001010011
01000001001110111000010110110011
10100001110111100001001111010011
00001000000010110000100111010011
01000000100111100000001000110011
00001001000110111000010011010011
11011001010000000010110000100111
00001101110000000010101000100111
00111110110000000000011110010011
00000001001011101000110111010011
00000001001100111000010001010011
01110011111100000010000000100111
00000000010001100000111110110011
00001000111010010000001111010011
00000000110100010000100000110011
00000000110001001010111100110011
00000000101111010001001010110011
00001001101011101000111111010011
00001111100000000000010100010011
10100101100100000010001000100111
11010110000000000000010010010011
00000001010111011010000110110011
00000001110100000101111110110011
10101000000000000010100010000011
11011110010000000000011110010011
00001001010010111000000011010011
10100001101111011001110011010011
10100000110100010001011011010011
11010001000000000010111110000011
00000001000000101000111001010011
00000001001110010000110101010011
00000001000011011101100000110011
00000001000001011000000111010011
00000001111101011010000010110011
01001001110100000010110000100111
00000000111110011010100010110011
00000000010101010010000100110011
01111011000000000010000010000111
00000000011111101000001100110011
00000000100100101010101000110011
11100000000011011000101001010011
01111011010000000000111000010011
00001000011111111000110011010011
00000001111000101001001010110011
11111011000100000010001000100011
00000000100000111101110010110011
01001101000000000010111000100111
00000000010011111001001110110011
01110111110000000010111000000011
10111101101100000010100000100111
00000000111111010010010010110011
11011101110100000010110000100011
00000000100101111101111110110011
00000001000110101101010000110011
01000101010000000000010000010011
01000000111100011000111110110011
10000101110000000010100000000011
10100001011010010001010001010011
00001000101111111000011011010011
11100000000011001000011011010011
00000000111010011101000010110011
00000000010011100001110000110011
00001001011010010000010001010011
10100000111100000001101001010011
11100000000000111000111111010011
01000001111000000000101100110011
00000000101111101000010101010011
00000000001111000001010110110011
11011000000100000010101000100111
00000000000100001101001100110011
10100001111110010001011111010011
00000000011100100000101000110011
00011010001100000010111000100111
01011100010000000010011000000011
01101101001000000010011000100111
01101101100000000000100110010011
11100000000000100000101011010011
00000000010100100000001101010011
11101011111000000010101000100111
00000001100110011101101000110011
01111000101000000010100000100011
00000000100001010010001110110011
00001001011000110000100101010011
00000001110011010101000100110011
00000000001110011000111000110011
00001001100001111000011101010011
00000001111000101000100010110011
00000000010110001001101000110011
00000000110011001001011000110011
01100111010100000010001000100011
00001000100001010000111111010011
00000000001011111000011101010011
00000000001101100101111100110011
00001001010000001000110001010011
01000011001000000010100000100011
00000000011110110000001100110011
10010101101000000010000000100111
11100000000001111000111111010011
00001000011110011000011011010011
01101100110000000010011000100011
00000001100011010001000100110011
00000000010011110000010111010011
00000000101101001010000100110011
00000000000001110101000110110011
11100000000001100000010101010011
00000001011011010010100010110011
00000001111101111000001110110011
01000000101000100000001110110011
00000001000001000000101110110011
00000000110110001000011001010011
00000001001010111010011000110011
11100000000010100000101001010011
10100011100000000010111000000011
00000000011100000001111100110011
01010111100000000010101100000011
00000001101000100001001010110011
00000000011010100000010001010011
10011111110000000010111000000111
00000000111010111101010000110011
10100001101001010001001111010011
00000001111000011010011000110011
00000001100001010010100110110011
00000001001110111101001010110011
11100000000001001000010101010011
00001001101111111000000111010011
00000000001110000010010010110011
00001001011011101000010011010011
00000001110001001000010100110011
00010101010000000010111100000111
11100010010000000010010010000111
11101011110100000010111000100011
00000000111011110010010000110011
10100000110110000001100001010011
00000001001001110101111000110011
00000000110001010001000100110011
10100001110100111001100111010011
00001001000000110000111011010011
00000000001000000010011100110011
01100101000000000010100110000111
00000000000100010101000110110011
00000001011111000000000101010011
00000000110011101010101110110011
00001000100100001000101011010011
00000001011001110001010000110011
10100000001011001001101111010011
00100101000000000010100000100011
00000001000010011101111000110011
01000000011000000000101010110011
10100001010011101001101011010011
00000001010100010101111100110011
00000001010110100000001101010011
00000000010111101000011111010011
00000000001011011000000011010011
10100001001011110001111111010011
11010100100000000010001000000011
10110010110000000010110010000011
00000001101000100000010000110011
10010111000000000010100010000011
00000000100111111101111100110011
00000001010011101010100010110011
00000001111111010001101110110011
01100001010000000010100000100011
00000000011101010010111110110011
01001010010000000000000010010011
00001001011000100000011011010011
10011010010000000010001000100111
00000000000110001000011010110011
00000100000000000010110010000011
00001001001110010000111001010011
01000000101100100000110110110011
00000110110000000010111000100011
00000001011000010010010010110011
00000000011010110101111110110011
00000100110000000010000010000111
10100000110111111001010111010011
10000001000000000010010000000011
11011100110000000000001110010011
00000000100001010010001110110011
01001011010000000000011100010011
01000000111101101000001000110011
00001000010111101000111111010011
00001000011000110000001001010011
00000001111101101000011010110011
01111111010000000010111110000111
00000001000110111001101100110011
00001111010100000010011000100111
11000101100000000010111110000011
00000000111000101010000100110011
10100000101100011001111111010011
00000000000111101000101011010011
11110111001100000010111000100111
00000000011101110010110110110011
01000001011101010000000110110011
11000111001100000010000000100011
01000001111111111000000100110011
00000000100011101010101100110011
00000001011011101001001010110011
00000001000101100001010100110011
00000000100000011000110101010011
00000001110000000010001000110011
00000001110010001001110000110011
00000001111111101000010100110011
00000000111010001000001100110011
01000111010000000010100000000011
01001111011100000010101000100011
00000000100000011001111110110011
00000000011011010010010100110011
01000010110000000010001100000011
01111111000000000010111000100011
01001001100000000000101000010011
00001001010010111000011111010011
01110110011100000010101000100011
01000001111000110000110100110011
00000001110010000000110000110011
01000001000001110000010100110011
01100111110000000000010110010011
00000000111110111101100010110011
00000001000110101001001100110011
00000000110010000010010110110011
11011110100000000010000000100111
10100000010010001001101011010011
01000001010101110000001100110011
00000000111111000000000011010011
11100000000011101000111111010011
00101001100000000010001110000011
00000001010101001000010111010011
11100000000011000000001101010011
11100000000011000000011111010011
10100000001011001001110101010011
11010001000000000010010100000111
00000000100101101000110111010011
11100000000010001000100101010011
11010000010100000010010000100011
11100000000011000000011101010011
10100001001101100001111001010011
10100000011001000001111101010011
00000001111000111010101110110011
11100000000000000000000101010011
00000001011101011001110000110011
11111111110000000010011110000011
00001000000000010000011001010011
00111011110000000010101110000111
11100000000011100000011011010011
00000000010100011001101110110011
00110111100000000010100100000111
01000001100101000000101010110011
00000000111010111000111100110011
00000000110011001000000100110011
00000000001101100001101000110011
11111000101100000010001000100011
00101100000000000010110000100011
00000000010001010010100110110011
00000000100111101000010100110011
00000001011010000000110100110011
01000000001011100000010100110011
11100000000001000000101011010011
01100000100000000010010000000011
01001111000000000010011000000111
00000000000001000000100011010011
11100000000001110000001011010011
00000001110100000010001000100011
00010010010000000000101000010011
00000001101101011010100100110011
00000000111001010101001010110011
01000000010110111000011110110011
00000001100111111101010100110011
10111001000000000010100110000111
11100000000011011000100001010011
01001010010000000010110000100111
11100000000000000010000010000011
01000000010000000000100100110011
00000001110110001010001110110011
10100000101110011001110001010011
10011100100000000010010110000011
00001001101101011000101011010011
00000001010000001001100000110011
00000001011110011000110111010011
11100000000000111000010001010011
11100000000011100000100001010011
01000000111001100000011010110011
00000001010000001101100010110011
11011011010000000010010000000111
00011111100000000010011000000011
00001001111100010000101011010011
01100000010000000010100100000111
00001000000000100000011101010011
00000001111101010001101010110011
00000100101100000010010000100011
00001000001001101000000101010011
00010000100000000000010010010011
11100000010000000010110010000011
00000001011010000000010010110011
00001010110000000010101000000111
11101010001100000010011000100111
00000000001111101010100000110011
01100100100000000010101000100111
00000000110110011000011110110011
00001000000111011000000011010011
01010001100000000010110000100111
00000000001011011101101010110011
00000000111011010010001100110011
11100000000000010000110111010011
11100000000010011000011001010011
11100000000011011000011111010011
00000000101010110001011100110011
00000001110011010000010001010011
01000001001001100000010110110011
11011110000000000010010000000011
00001000101111000000010001010011
00000000101000111000110110110011
00110000100000000010110110000111
00000000111000010001101000110011
10111100010100000010001000100111
00000000011011100001000110110011
00011001000000000010010000100111
01000000011001111000000100110011
10100001100001010001001001010011
00000001000110011000010000110011
00000000000010100101101000110011
10100001110101001001111111010011
00000000011100000000000011010011
11100000000001101000001011010011
00100100000000000000100000010011
00000000101010001000100001010011
00001001111001100000100101010011
11100000000010001000000011010011
01000000100101010000011000110011
00001101111000000010101000100011
01000000111010000000000110110011
10010010011000000010110000100111
11010000010000000010100000100111
00101110100000000000010100010011
11111100010000000010000100000111
00000000010100001001100100110011
00111101110000000010110100000011
00001000011100000000000101010011
10100001101110000001001001010011
01011100110000000010011100000111
10000001110000000010010110000111
01000001111001110000110010110011
01000000100000110000000110110011
00000000110000110001000110110011
11000101100000000010100110000011
01011101010000000010000100000111
00000001100100101001001100110011
00000001000100010001111100110011
01000110100000000010011000000111
10111001001100000010010000100011
00000000000100101000100000110011
00000000000000110000000111010011
00000000011011101000001111010011
00000001101010110000010010110011
11000010110000000010100010000111
01000001011000001000100110110011
00000001100001100001111110110011
11101000010000000000010000010011
11100000000010000000001001010011
00000001010000011001111110110011
01000000100000000010110110000111
10100000100111010001100001010011
00000000110110100001111000110011
00000000011010100010000010110011
00000000001100111001011100110011
00010110100000000010101100000011
01000001000110011000111010110011
01101100000000000010001100000111
01000001110011110000010000110011
01000001101100011000001000110011
01000001111111111000010110110011
00000000001110011001101110110011
11010110100100000010111000100011
01101010100000000010111000100011
10100000100011011001011011010011
11100000000000010000010011010011
00000001011110100000101111010011
00001001000111000000111001010011
00000001011001000010011010110011
01000001111110001000010110110011
10011101000000000010101010000111
10111100111100000010110000100011
11000101010000000010100110000111
00000001101100011000101000110011
00000000101110001101100010110011
11000010000000000000101010010011
00000001100010010010010010110011
10100001101110000001011001010011
00000001110011111000101000110011
01000001011101100000110000110011
00000001111000000010100000100011
00000000110101101000101110110011
00000001100001011101101010110011
11101100100000000010100000100111
01100101000000000010000010000111
11100000000011001000001111010011
00000000000111100101001110110011
00000001000101111101101010110011
00000000000010100001000010110011
00000000000001010101110010110011
00000000110100111101100000110011
11000100000100000010110000100111
00001111000000000010001000000111
11011001110000000000101010010011
11100001000000000000101010010011
11100000000000101000001011010011
10100001100100010001001001010011
00001000000001100000101101010011
00000001010000000000110110010011
11001000000000000010000100000011
00000000101111101001001100110011
00000000100000100000100000110011
00000001111000000010111000110011
00001000100010111000110001010011
00000001100111110001001000110011
01000000111111000000111110110011
00000011110000000010101000000011
10100000010101001001110101010011
01000000110100000000110110110011
11111000110000000000000010010011
00000001101010100001000100110011
00011011010000000010110010000011
00000001110001000001111100110011
10100000101001001001011111010011
00000000101100110001101100110011
00111111111100000010101000100111
01110111110000000010010010000111
11111111010000000000110010010011
00000001110010001001111100110011
01000001010110111000100110110011
01111100011000000010010000100111
11011100110000000010010100000111
00111100100000000000011110010011
10100001011010110001101101010011
00000001010000010101101010110011
10011000010000000000011100010011
11100000000011111000001011010011
00000001010100100001110100110011
00000000111011010010010000110011
00000000000101101010011110110011
10010001110000000010001000100011
10110001000000000010111100000111
11111101010000000010101000100011
00000001000111010000001001010011
10111101100000000010111110000011
00000000101111100000000011010011
00000001110010100101001100110011
11100101010000000010010100000111
00110000010100000010011000100011
10100001110101001001110101010011
10100100010100000010001000100011
11000010000000000000110110010011
00000001000101100000000101010011
00000000100101111000110001010011
11100000000000011000100001010011
00000001011100000010100010110011
01011111000100000010010000100111
11110111110000000010001110000011
00001001000011010000111001010011
00001101110000000010000010000011
01110101001100000010111000100111
11110100011000000010111000100011
00000001100001000001011010110011
10100001010001000001001011010011
00000001111110101000101111010011
00001000100101111000000111010011
00000000001101111101010110110011
00001000010011100000100101010011
00000000100111000000000100110011
00100111000100000010100000100111
11010111110000000000010000010011
00000000001110111101011100110011
00000000011101111010010010110011
10100001001001110001001101010011
00101001100000000010001010000011
00001000011010011000010011010011
11011010000000000010001000000111
00010010110000000000100010010011
11100000000000010000011001010011
00001000111000101000010101010011
01001110100000000010100100000111
00001000101111001000111101010011
00000000111111001001001100110011
00000001110000111010101100110011
11100000000000110000001001010011
10110110010000000010010000000011
01000111010000000000011010010011
01111101100000000010000010000111
10100001001100010001010011010011
00000000000000111000001111010011
00000001110011011010000010110011
00000000111100111000110001010011
00010001100000000010011000100111
00000001110111011000110111010011
00010011101000000010010000100011
00000001011000010010001010110011
00000001100010111000101011010011
00000001110100110001100010110011
00000000001111001000011001010011
00000010101100000010110000100011
00010100001000000010111000100111
00000001101101111010001110110011
11100000000011000000111101010011
00000001100100100010011100110011
00000000110001100001010110110011
00001001100000111000010101010011
10101000000000000010010010000111
00000001000010000001110010110011
11100000000000111000011001010011
10111000010000000010111100000111
00000001101000001000001111010011
01111101110000000000111000010011
00000000101111101010000110110011
00000001110100110001111000110011
00001001111111001000110111010011
00000000101100110010101010110011
10111110100000000000111000010011
10100000011101100001101001010011
00001001011011001000101111010011
00000000111010001001011110110011
11100000000000100000100101010011
01111110000000000010010010000111
01011111000000000010111000100111
11100000000011111000100001010011
01000001010111011000110100110011
01111010101100000010100000100011
01000000100001000000100100110011
01001101010000000010001100000111
00000000011000000010001010110011
00000001100011000001011110110011
00001000100011110000101011010011
01101001110000000010010100000111
00001001100000000000111001010011
00001001000000110000110001010011
01101101100000000010101100000111
01111001000100000010100000100111
10111111010000000010000100000011
00000000100000110001001110110011
11001001110000000010010110000111
00000000110111000000001010110011
11100000000000101000010111010011
00000000111101010010001110110011
10011111000000000010011110000111
00000000111001110010010110110011
00000000100100010101011010110011
00000000011000011000010100110011
11100000000010101000100011010011
10010111001000000010110000100011
11100000000001001000101111010011
11010000000000000010101110000111
11100000000000010000100111010011
01111101110100000010111000100111
00000000110011111001111100110011
00001001110100000000100111010011
10100000000111100001110101010011
11000010010000000000110000010011
00101001011100000010111000100111
11110011100000000010110000000111
00000001101010010010001110110011
00000001001110100101011100110011
01000000100110111000101000110011
11100000000010011000111001010011
00000000111110010000001111010011
00000000111101111101100000110011
00000000000011010101011100110011
00000001000010100000101000110011
01000001000101000000011100110011
01000001011110001000110000110011
10000110000000000010000100000111
00000000111001011010111010110011
00001000010100010000101001010011
00000001111101100101001000110011
00000000100001011101011100110011
00000000111000111001010110110011
00001001110001111000011001010011
00000000100010100000110111010011
10010111000000000010001010000011
11110000010000000000111010010011
00001001011000111000101001010011
00111100010100000010100000100011
00000001100000001000010001010011
00000000111101100001111010110011
01000001101011100000111100110011
00000100101000000010001000100011
10100001011110011001101101010011
01000000110000101000010100110011
00000000011001001001000110110011
11001100110000000000001010010011
00010110000100000010011000100011
00000000010001101101100110110011
00000001010100100001011010110011
10000011010000000010010100000111
11100000000000001000111001010011
00100000111100000010100000100011
00000001010101101000101111010011
00000001000101100101111000110011
00000000000101000001111100110011
11100000000011110000001101010011
10100001000010111001110111010011
00011010010000000010011010000111
00000000010111111001001000110011
11100000000011010000011001010011
00000001010010110001010000110011
01101110110000000010101000100011
00001000011110010000000111010011
00000000001111111101110010110011
10000111100000000010011110000011
01101110011100000010111000100111
00000000001010001000000100110011
00000001011111001000111011010011
00000001010100000001111010110011
00001000111111011000111101010011
00000001000011000000101010110011
01000001101110000000111000110011
01111010010100000010101000100011
00000000100101110000101101010011
01100011100000000010101000000111
11011111110000000000100000010011
10100001101101111001010101010011
01101011110000000010011010000011
10110101010000000010000000100011
00000001000111000010011000110011
11101111000000000010111000000111
00000000011111100010101100110011
00000000111010010101100010110011
00101110110000000010100100000111
00000000001011100101001100110011
01001100010000000010101000000011
00101111001000000010100000100111
00001001011100100000001011010011
10100001000010101001010101010011
01000001110000000010001000100011
00000000011000010010011110110011
00001001100001111000110001010011
00001000111001001000101001010011
01000000101001110000110110110011
00000001100010011101111000110011
00000000100010001101011110110011
00000001010000111001010110110011
00000001100011000000001000110011
10111010100000000010101100000011
10100001001000000001000011010011
10001000001100000010010000100011
10001100100000000010100000100111
01011011000000000000100010010011
00001000001010101000010101010011
11100000000011111000100101010011
01000001000100001000111010110011
00000001110110111010100110110011
10100000000011010001100001010011
11010100110000000010000110000011
10100001000100111001101001010011
00001001110111000000110111010011
00100011111000000010100000100011
01100011110000000010111010000011
01000001101000000000111100110011
00000001110011001101101100110011
10001101100000000000000010010011
00000001010000111101010100110011
00000000100111101010010100110011
01101100010000000010110000000111
11100000000010000000001001010011
01000000000100010000111110110011
01110010011100000010000000100111
00110101110000000010110010000111
10010001110000000010000110000111
00000000111000101101101010110011
00001000010111010000101001010011
00000001100011100000001110110011
00001110000000000000000110010011
00000000000001000001111000110011
01000001100101111000010110110011
00000001111111100001110100110011
00000000001011100001101100110011
10100001100110011001101011010011
01000001101111101000011110110011
00110000110000000010001110000011
00001000101000011000100111010011
00100001000000000000011010010011
01000001110111110000111000110011
10100000111110111001100011010011
00100101110000000010100110000111
00000000001011111000111011010011
00000001001111101000011001010011
01010101001000000010111000100111
11000111010100000010111000100011
00000000100000111101111000110011
10000110100100000010100000100111
11100000000011100000011111010011
00111101011100000010110000100011
00000001111100101101010100110011
10100001111010011001001001010011
00000000110100001000010101010011
01000000001001100000111010110011
01000000000111101000100100110011
00000000010101010001010010110011
01000000000011100000100010110011
00000000110001100001111100110011
11100000000001111000011111010011
00001011100000000000011100010011
11100000000000110000001111010011
00001001111000100000100111010011
11111101101000000010101000100011
10100000111010011001001011010011
00001001110101001000111101010011
11111100000000000010010000100011
00000000010011111101000010110011
01000001001110111000001110110011
10011011010000000010011110000111
11100000000001101000000011010011
10100000000101001001111101010011
11100000000010101000100101010011
10100110000000000010000100000111
00000000110010101000110110110011
01000011010000000000010100010011
00000000100111010000011100110011
00000001000110110000110011010011
11100000000001010000000101010011
00000000111000001000001001010011
00000001010001101000001001010011
00000000111101110010010110110011
00000001111010110010101000110011
00101111110000000010100110000011
01000001010001111000111100110011
00000000101001011101010000110011
00001001111111101000110111010011
00100110100000000010000100000011
00000001000011000101010010110011
00000000011111110000000101010011
00000001001000000000101011010011
10111110000000000010111100000111
00000001111100000010101000110011
00000001100010001010100010110011
11100100110000000010011010000111
11010100000000000000100100010011
00000001100110100000111000110011
11100100100100000010010000100111
00001001000100001000111101010011
00000000010001101101110000110011
10001001010000000010101000100111
00010101100000000000001000010011
00000001101110010000101110110011
11100000000010010000101101010011
11110111010000000010000110000111
00000000011110010001001000110011
00000000101010001000000011010011
00011110010000000010101000000111
00000000011110000000100010110011
00000000110110001101111110110011
00000001010010101001111010110011
11100000000000101000001111010011
00000000110100110101000110110011
10100101010000000000000110010011
00000000110111010000001000110011
11100000000000100000101101010011
00000001110001100001100110110011
01000000001110100000100100110011
00000001110011100000110011010011
11100000000001101000111101010011
00111001110000000000101110010011
10010000000000000000110100010011
10110001110000000010101000000011
11101000000100000010110000100011
11100000000010001000100111010011
10100000000000111001011101010011
01000110100000000010110010000011
01110111110000000000110010010011
10100000010011000001110001010011
00000001001111001000100010110011
11110011010100000010011000100111
01001001111100000010001000100011
00001000011000100000001111010011
00101001110100000010101000100011
10001110010000000000001000010011
00000000101000100010000100110011
01100001101000000010101000100111
00001001111000011000101011010011
00000001111101111010001110110011
00100101011000000010000000100111
11011010100000000010010010000111
00000000001100111001110100110011
00000001001101111000111011010011
00000000010001011010110010110011
01001011010000000010000010000011
10100000110101011001111101010011
00001001110101101000010001010011
10100001101111101001110011010011
00000001111100010000101010110011
11100000000000001000110101010011
10100001110001011001110011010011
00000001000110110101111000110011
00000001110010011000001001010011
11011111111000000010111000100011
00000000001010000000101100110011
00000000110010111010010100110011
01000001111111001000101100110011
00000001101010100001001100110011
00110000010000000010011010000011
01011010100000000010001110000111
00000000101111011001101010110011
00000001101111001001111000110011
10000011110000000010001000100111
00000001101110100010011010110011
10111101000000000010010100000011
00001000111101110000110011010011
00000000100001011101100000110011
00000001011011000000010110110011
00000001100010011000110000110011
01000000000100101000011100110011
00000001001011111010000110110011
00000001001000111000101100110011
01100100000000000010011010000011
00000000001010000000111111010011
10000111100000000010001000000111
11100000000010111000101001010011
00000000010011111000110000110011
00001001110000000000100111010011
00001000011110100000001001010011
00000000010101010001111110110011
10100000100110111001110001010011
00001001010100010000101101010011
00000001101010110010011010110011
10011011101000000010010000100011
11011011110000000000001010010011
00001001100100101000101101010011
01110101011000000010010000100011
00000000001111111000101001010011
11111100000000000010001000100111
00000001001110010101110110110011
01011001100000000010010000000111
00001000010001100000011101010011
00000000001010011101001100110011
00000000110000000000111111010011
11100000000000111000000101010011
00000000000111101010011100110011
01101010000100000010001000100011
00000000111000001101001100110011
10100001100011101001111001010011
00000001011101101001000010110011
11001000100000000000100100010011
11001111100000000000110110010011
00000000011100110010100100110011
00000001000110000101100100110011
01000001011011111000111100110011
10100000100101111001110001010011
11001001000000000010111010000111
01000000011101110000110110110011
00111100000000000000001110010011
01000011111100000010100000100011
00000001100010111101100000110011
11011111110000000010001000100111
01110110110100000010101000100111
00000001000100011000011000110011
01110110110000000010010100000111
00001001010001100000001111010011
00001101100100000010000000100111
10100001110100011001001001010011
00001001110010010000011001010011
01000001010111001000000110110011
00001000000011010000101101010011
00000000101110001000100001010011
10000001100000000000011000010011
11000001001000000010110000100011
10100001101100111001100001010011
11000001100000000010110000000111
10100010100000000010010000000011
00000000111010011000110110110011
01000001011100011000101010110011
00000001100001101010010010110011
01101000000000000010110100000011
00000001011001110000101100110011
00000000101101000010001100110011
00000001011100110000110001010011
00101011011100000010110000100111
00000000000101010101100010110011
11100101000000000010101100000111
01011010110000000010010000000111
00000000001101111001011000110011
10100010110000000000001100010011
00000001111011001000010001010011
00000000001000111101110000110011
10010010110000000000101000010011
10010101000000000000110010010011
00000000110011010000111110110011
10011010010000000010001000000111
00000001000100010000111110110011
01000000111110000000111100110011
00000000110111111000010110110011
00000000001011111101000100110011
11100000000000110000011111010011
01011100010000000010000010000111
00000000000000000000000001110011
00000000000001100000110110010110
10000111010101011001010101001010
00000000011111000010101000011001
11100111001101000101110100000110
00000000011000101010000110000001
11101101011010111001111110011001
00000000011110110000110110110100
10000110101111101010101011100100
00000000000010110100001110101000
11101100001010100000010110111001
00000000001100001011000110001000
00011111000010110010110001011010
00000000011000110011110100011001
11011001010011001110100010001110
00000000010111010010010100010000
11111101101101010100001111111110
00000000000010101000110101010011
11111110001010110000101111001010
00000000010010101111100001100100
11111110000101011001100101000111
00000000010011110110100000101010
00001010111101010111111011111100
00000000010110100000001101011011
01100100000111010101110101001011
00000000000001110011100101110010
11111100001100110111011101110110
00000000010111100010011001000100
00011001111100001101100110111011
00000000011111011010001101110111
01101010110001001001100000010101
00000000001001001011100000101110
01010000011011010000101100001001
00000000011011111011010010100011
11100001100111010100010010011110
00000000010100110011100000000100
10100100000011010110010110101001
00000000001001010000111001111100
11111101011101011001010010101110
00000000001010011010001001100111
10000110001011000101101111100111
00000000011101010000111110011101
01010110011000001010100011111111
00000000001111001011010010010001
10111011100101101011100000000110
00000000010101111110111100110011
00011000010100110011001001010100
00000000011101010101110100011011
10001111010011111001001010010101
00000000000111010101010000101100
00010111100100001101000010110111
00000000010010000111001000011101
00101000010111110011011111011001
00000000011101001100101110011010
01011010000001010011101110101101
00000000011011011111100001111110
11011011001011111100001001101100
00000000010010111011011100010110
00010010100111011100000011100011
00000000001110001111111010000010
01001111011101000100111111010010
00000000010100011100110101010010
11110001001011111101110101111111
00000000001101010100010110100010
10010101011011101100101101011101
00000000001000110010100010011001
10001101010001110111001101011011
00000000010000110000010001001111
11000110001100110111011010010110
00000000000000001000100101011100
11100111110010001000011100100100
00000000000110100001111111011001
11111111010000110011111111001000
00000000010101101100100100111000
11101010110100111111001001010000
00000000011111010010000001000010
00001010101110010110110111010000
00000000010011010011000110000100
00101100001100101110010100011011
00000000000011111000110010000000
00100110001100100101001101110111
00000000010110011110011011101000
00001111000110100010111101001110
00000000010000010010111100111110
00101101111111111010000101100000
00000000010011000000000010100001
00000010111110010101010111100110
00000000011101010000010101101001
11100011001010001011100110101110
00000000001011011011110101011110
11111011011100010010111110100010
00000000010001010111010010001110
01011011100111100010101110111000
00000000001110001001111010100001
00101000111001000110101110110001
00000000011011011100000011110000
01000010000010100101011010011010
00000000000100110110010110110111
01100000101000101111111111011101
00000000010010011110111010100101
00101011100000110100001100000001
00000000010010010111100100001100
00010100001101111001101111111101
00000000011000001101001011010100
10101011101011111111011110001010
00000000001001011111110000011000
10100010111000001101111011111010
00000000000100100111011101010010
01010111111100011101000000101111
00000000010010110110000101010111
10101010100111011101101110111100
00000000011101010000010010111100
01010000011000000001001101110000
00000000010000010110000000101100
11100101011100001100010100010000
00000000000101001100111010000110
00000001110001110111000101101001
00000000000010100110100110110011
10001011111001000111010111000000
00000000000001011011100111010010
00110010010100011101100000001110
00000000000001101100101111100100
00010100000001101010110100011100
00000000001011001000110110110111
11010110111001101000010010001110
00000000000000101010111110100010
10111101000001101110110100111011
00000000000101011100100111010010
01010011100000000001010011001011
00000000000000101110110110101110
11110110111011000100000001101101
00000000011111000000110000000100
10110001101000010101101001111010
00000000010110011101000101110000
10110000100011110000100010010110
00000000010101001010111111001010
10110011111101111000011000010100
00000000010011111111000011011000
00100111110110101010111100101011
00000000001110100000011011101001
00000110001101001100010111001100
00000000011000001000100100100001
00000111011011000000010011100111
00000000011111000001010010101000
11010111010001010110101111000100
00000000000110011000111111101101
01101111111000101110011011011110
00000000010011001110010010101010
11101000100100011111001111011110
00000000001001110011001110001001
10001100010000110101011010101001
00000000010011000110000111111001
00010110110000010100001101100011
00000000001011100110111100101000
11100011000000011001000000001010
00000000011111010111010101011011
00001100010110000001000110001001
00000000001001011101111011010001
00100011010110011100101011110110
00000000001010101011010101001111
10010110000100101010011110101011
00000000011111011000100001100001
01011001101001001101101110101010
00000000000110100100000100010100
00100101011001010001111011110111
00000000011100001100010111010111
00100111101000101001010111000011
00000000001110010001101111111010
11111000111011110100011110010110
00000000010011101100000101101111
11100010010011100011101101001001
00000000000010010110001000111000
01110000011001000011001100101101
00000000000101111000011001010111
10001011101100001010000001100001
00000000011110110010111111101100
11001010101100110100001110010111
00000000011111101011111011111100
00011000001110111000001010010001
00000000000101100000110101001000
10011011110011101000111001100110
00000000011010010110010001111011
11100111101010101011110010001111
00000000001010100110100100011101
00111001101111111010100000000010
00000000001100001100101001111010
10001000111000011110100000111110
00000000000011111111010011000100
11110011100001000101101111111101
00000000010101000011110000010010
10000101111100010000010100011000
00000000010011101111100101100111
10010111001111001001111001001111
00000000001001101010111100000100
10101010100001111000100100111010
00000000000101101001111011111110
11100111100110110101010010011100
00000000010010111010001110010011
00110001111000110111110010101011
00000000001100011010011011000011
11111001111110001101111011000010
00000000001011010001011011010111
10011111111110100001100000101101
00000000000010000001110111010000
01001111000000101100101111001101
00000000001110011000100000001110
10011101100110011100100110011110
00000000010011010010000111100110
10001100110011100111010110000010
00000000011001001000001011110000
10101001001011101011011110010011
00000000001011000100000110100001
00011110011100001011101101001000
00000000011100000111010010111101
11010000110000010001100110101110
00000000011111101011011111011011
00011010110011001101011111111011
00000000011110111111101001100000
00000110100011010110110011011000
00000000001101010000111011000100
11000001001111010011100110100001
00000000010100010010010011000011
01011100111000100101000101000010
00000000000110101100111010011101
11011111001111000011000110010001
00000000010111101100000001100001
00110011010001011000110111100100
00000000010010101111111011110101
00100110110100000101000100000101
00000000000011011000111110101010
00000101010111100001100010101011
00000000010111011000011000010001
01101101101011000000100001000011
00000000001001000001101001100000
00010101100101111101100001001000
00000000001111011111010011101010
01111100011000101110000010001011
00000000011001000001011001110010
01100101010100001011100011100010
00000000011011110010111101111100
10101011100011000111110100111011
00000000001000110111011100001110
00110001010000100011101010000100
00000000010010110100100010011000
01111110100010110101010010011111
00000000001100111111110110010001
01011011011100010011110100000010
00000000011010000100011000011001
01010100101001001001111001011000
00000000010110010111111100001000
00110011010101100111000101010110
00000000001010111100001101100111
10100101100000000011011110001000
00000000011001000110111001011111
01101010001010100000111101100100
00000000001101010001101101111101
01100101111110111010110001011010
00000000011111101001000011001110
11101111110010010101000001110111
00000000011001111000011110110010
01111010000100111010011100011100
00000000011101000111001011001100
01011001001110100000110100110101
00000000000110111100011000100001
01100110111011110100000101110011
00000000000001011000001101110001
11011011111011100111010000001000
00000000010110010101001101001110
00000001011111110110001011110111
00000000010011011101001100000010
00010110000010110000110101111110
00000000001101010010011111000110
01100110101100011100011101001010
00000000011011010000000010000000
11000100010100010101101110100001
00000000001110010010001000001011
10001000001100000011111101011000
00000000001010100001100001100110
00101110111000011110001111000000
00000000001001001110011110101011
10010100010010000000101001001101
00000000010110110010010011111101
01100111000101000100111111010100
00000000000011110101111011101001
10001010100110000000110011011001
00000000011011100011001100111001
11001110100110011100000111001011
00000000011000110101001001111110
01110111100111111010000001111101
00000000011011001010111001110010
01000011110010001000100100101000
00000000010100011001100100100111
10111010001010101100101100001111
00000000001100110001011111100101
01111110101100111110010001100010
00000000010111010001110100100101
10110101100001010110011110010100
00000000010010010101000000000011
11011001110001100111111011011111
00000000000101100100101001111011
01011100010010001101100100010100
00000000001010000101010010011010
10101110010011010111100110101100
00000000000101001111011011010100
00110100110100100101000011110011
00000000010100100011100101111101
10101111111001000010101101110101
00000000010110000010011001111111
11000111111011000011110010000111
00000000011011111100110000110011
00101001101001101110111010110100
00000000011001101001111000110100
01111101110010000010001100100101
00000000001111101110001010011000
00100111101000000010100001011100
00000000011011100100110100100111
10111111110001100001110101001000
00000000010100001011100000111010
01010001011110111111111111011111
00000000010100010101000000100001
11000001000011011110000101001010
00000000001011111100001000010010
00010011010111111011110101010010
00000000010011001000100100000000
00110100111110010001000000100111
00000000000110110001011100011001
11100110111001111001000101000100
00000000000001010111001011100100
01011001111000000011111100101010
00000000001100011101001001111110
01010100100101001001010010001000
00000000011101000000000011111100
10001101110101001011010101111010
00000000000000101000100001000000
10010100111000100011000010111010
00000000011101110000100011001101
10101100010111100000110110110100
00000000001010010000110000111110
10100001101000011000001000000011
00000000001110001000100011110110
11100000111011000011000011100110
00000000001010111100101100110110
00001101100010100110100101110011
00000000001110011000101010101100
10101101110101000111011011010001
00000000000101110000000111100110
01101111100111001010100110100111
00000000010001001100011001101100
01010100111100001100010001001110
00000000010010111101011111011111
11001001111010100101011110001110
00000000011110100011011111010110
11110011001000111011010010110110
00000000000101011101000001010111
10111000100101010100100010001110
00000000000101111000001010011111
11000001110011110001001100110110
00000000000111000110011111011001
11101001011000101010111111010110
00000000000100001101101011100100
10101101110001101011000011000011
00000000000101111100001011100010
00010110010011001101010001101010
00000000001001000110111101111100
00001101111110011010010110111011
00000000010000000111111011001100
11101010100000110011000110100000
00000000010000110100101001001011
10101110010101000011100101101011
00000000011010011111010001011010
00101010100111010111111101111111
00000000010011111100000001110000
01111001000110010010111011001111
00000000001110010011011110110101
00100001000111010110010001111101
00000000011011100111101001101011
01010100111001001110110010000111
00000000000010110001110001101101
00111101011011011111111101001011
00000000010100011100010101011010
10111101100111100110101001010000
00000000010001001111010100100000
11011010101101100011000000111011
00000000001010011101111100000111
10100000011001011011010110001101
00000000010011101000101010100000
11001010101011001001101001111111
00000000010010101101001100100100
01000000100111111100000110101001
00000000000110010011001001000100
01111000010011101110111011100000
00000000011001010001001110100111
01000010100100110010010010111010
00000000000101000101000111001101
01001010101111101111010111101011
00000000000010000010100011101000
10000111011111100101000011111111
00000000000110011100111000111000
01100000110000111111011000110001
00000000011011001000110000100010
00010001010111101100000001111000
00000000010011100110100001110010
10100000100111110011011010011110
00000000011001001111100101111010
10011000110010100110000110001111
00000000010000101001101111011110
10100111101101001001100001100110
00000000001010111001100001011101
00111011010000111011111000100110
00000000011000110010010110011111
01000011001101000110010010001001
00000000001000101111111110001010
01101001110001011111001010101000
00000000001001000000110110110011
00000111010101001010001000001100
00000000011011000110010100110011
01110101111111100010001000001000
00000000010111010001111100011001
11011110011001100010011010000001
00000000000111011101111110110100
00010100101111001011011110101001
00000000000000001010101000001011
00101100100000100111110011000011
00000000001100110111001011000010
10010100010000111001001110010100
00000000011111001010011011011101
01110110100000111010000100100010
00000000000101000101000101100110
10000101010101111000110111100101
00000000001001111010011001110001
10110010101100011000000100111001
00000000011101010100000000011111
11101001001100111111100010010000
00000000001110000100111100011110
10100110101110000110010101110101
00000000001100010010111011001101
10110001110001001011110100011001
00000000011011010011011010100001
10110011110010101010101110111001
00000000001111101110010111010110
01011101000000100111110010010000
00000000000011111100110010010000
11110111101111010000100101111110
00000000001110101011000010001100
10001000001101101011011100101110
00000000010111001001011000101111
10100011000010000010100110001110
00000000001000010001110110001110
10100000101100000001100110001011
00000000000000000111101100001101
01011000010001101101001110010011
00000000011101010000011100000111
10000101010100111101011000010110
00000000010000010101100101011011
11000000100110101000110111110100
00000000000100111110101011100101
11011101000100010100010111110101
00000000010110100100110000011110
00010011000100001010011000100011
00000000010111011111011001000010
10101111111010010101110110111110
00000000000100000110000110111110
10110110101011100100100011100111
00000000001101010010110111101010
11011101100101000110100110110111
00000000010011001111010011101001
11010101000101110100110100010100
00000000011110111110101101101111
11011011100111101000100111001001
00000000011001111101100100010100
01010001100101011111110010111101
00000000001011110001010101001101
00111011001100111000111000011000
00000000010011010010000000001111
00100111000011011110100101000111
00000000011111001100110001111100
11010001001100011000011001100010
00000000011100010011101010110001
10100111011010010011000010011001
00000000011001011111100000100101
10100010101010011110101011100100
00000000000101111111010101100011
11001011100010100000001000001100
00000000000011111111111001100101
00000000101111110001000111001110
00000000000111011010101111010101
00000100110100000010010111000011
00000000001100000101001110101000
01011101110100001110110001000101
00000000000011110111000001011000
01001001010100101111101110000001
00000000000111000010101101011010
01000000101000110100010101011100
00000000000101101101111011101001
01001010010001110011100111010000
00000000011100010000001100111000
00000111001001011011110000101100
00000000001001011001100011101111
10010011001111001101111001000110
00000000010101100101010001010011
10111000111110100110001111110001
00000000000101000110101110011100
10111101011111000011101001000101
00000000001111011010000010001011
10110100111000000101101111110100
00000000000110011011110111010001
00001100001111010100110010100101
00000000000111011111111110111001
11011111010111001100110000001110
00000000011111101110000001010110
01000001100111111100110101001110
00000000001101110001001010100010
10101001011011100011110111110011
00000000011011010101010110001110
00010100111000111010111011111110
00000000001110010110100100101101
01001011010101000001110011011110
00000000001111000010011010101100
00011011110010000111111001100111
00000000011100111111000110010000
00100000100010010101110100111111
00000000000110101011010101100000
01100011101000010011000100011100
00000000001110100010000110110000
01010100000010110011100101100100
00000000011101101001110110010011
00000101110000001100101101011111
00000000011110101010011110110000
01110111000000100000011100100101
00000000010001010011011110011001
01000011010000001101100010011110
00000000011011101100101111011110
10101000010001100101101010000001
00000000011011101000101011000101
11010100001000110001001101001010
00000000000000001000001010111110
11000101011100111110110110000101
00000000011011101001111010101001
01101001101111000110100010110101
00000000010101111000110100101111
10011011100001101000000110010111
00000000000000010011110100010111
10001111110001100011111001001010
00000000010000000011010110010111
01101100000011010100010111001001
00000000010110100001001101101010
00110111110011111011011101101110
00000000001011011111011100011101
10000001011110010010110101011010
00000000011011111011001011111111
11010100011010101100111011010010
00000000001101100101001000111000
11011111011100100111001110011011
00000000010000111111001000111010
00001010000111010100011100001111
00000000001010001001110111111000
11111010100101100000100111111110
00000000010110110100001110110000
11010010010011010011101000011001
00000000000110101110010001010011
10011110101010110001100101011101
00000000000101101110110110011110
10110011001111011100011011100110
00000000010101000100101100101000
00010110111110000011100101001100
00000000000100000011110101100011
01111000110110001100011110010101
00000000010001101011001110110111
01000111101010000101101001100111
00000000001001011110011110100010
00100100010011011110000011101100
00000000010100100110010101101110
10101000011110110001110000010010
00000000001110010101101110101011
11001010100011110001000111011000
00000000001110010100010111001001
10000101101111111111010010000010
00000000010101110111110110010010
00010111111111101010111110100110
00000000000011010101010011110101
10001000111100111101101000100011
00000000000001111001000011010110
10001110001000100101011010010000
00000000000001110101101001000000
10000010100111101010110010101001
00000000001011010100110011000110
10000010101001000010101100000010
00000000011010101011000010100011
01100111111001110000110111111101
00000000011111011110101110100110
10110000110001101011111001000011
00000000000000010100001100011011
10101010111111110100100110111110
00000000000101001101100010100101
00100110100011111110001100101100
00000000001100110110001101101010
11111010011001010101111100011000
00000000001000010111111001000011
00011100011101010011111001011101
00000000000001101000100100110110
00011101000101100010111111111111
00000000000010011110010101111000
10001010000111010100110111110000
00000000010001110011010100010011
00110111000111100111100001110001
00000000011100111001010101101010
00000110111101110000110001000100
00000000001101110101011000111010
00100110110010010000100001110110
00000000001010000001100110101110
01010000011001000010000100111010
00000000001110100001110100100011
01001101101011010011101011110111
00000000000001100101100111000101
10110101101000111101011110111000
00000000010011111011101110101000
10100001110000000110100010110011
00000000011010100101001010110000
11000100101011100010110000010110
00000000000100101001001011000101
01001000001110111111010110001111
00000000011111111011011101101101
00110101011100110010101101101011
00000000010001000010100101011111
01000101010100110010110110011001
00000000000100111111001110010100
10010110001010011110110011111010
00000000011111010101100101010001
00110110011110101010100111011001
00000000010110011110000111111001
00100111011110110001011110100000
00000000001111001000000111110111
01110011011110101001011100001100
00000000010100100000011001111101
01101010111111110011100111000101
00000000010011100001110101000101
10001111101000001100001010011001
00000000001110111001010110110100
00110000000101111101011011101111
00000000001111100110111000101001
10001111000111110010011001111110
00000000011000001101010110110100
11001101101111111011111111111000
00000000010111011101011011111100
10010011111111011001011101111000
00000000001100000010100000000001
00011010110111111011011011000101
00000000001000111101100111011000
11101000001010110000010111011011
00000000011000010101101110010011
01010000101110110101001101101000
00000000000001111011001110100111
00001101110000001101010011001011
00000000000001111001101001111001
01100111000111010110100111101000
00000000011001011110000100101110
11011000110001011000111000100100
00000000010000110010111011010110
10110101000000011101001100001110
00000000011101110011011110010111
00000001001001100111111010000011
00000000011010001110100001000010
11101001101011101101101101000100
00000000010100101100110010101100
10001100100010011110101110111010
00000000010101001101111100010000
01001011111000111111111011101101
00000000000100011001011000001110
01010101100011010010110100110110
00000000011110000001100111101100
00000100100111101001101001100101
00000000011110010010010110100101
10010001110110110010000000000110
00000000001010100001001110100001
00000100010010010010000101111010
00000000001000101101100001000010
01111011110010000000101000100000
00000000010000101101010001000000
10000111010111110101110110101110
00000000001011110100101010000000
11110111100001111100001101100011
00000000010001010110011110110010
01000110101110100110101001100111
00000000000010100001011011011000
01101101100010111101000011110100
00000000011111111101100111011100
10011010000010100011001110001001
00000000011111010000000111001001
00010010001100111001001101010010
00000000000000101111111011000100
01101000110000000001101110010000
00000000001011110101010010110101
10001111101001110001110001001010
00000000010100011010111111110010
00001000100000100010100011011010
00000000010100110001101001001110
11100011000111111000011111101100
00000000011100001100000000110010
11000011001101111001001101000110
00000000001001111001011011001100
00100010110001000001101111011010
00000000000011000000101111111110
01000000110001100111111010000001
00000000011000111011100101101001
11000000100010101101110100101110
00000000010011011100011100001110
00111000010000000100110011101111
00000000000111000001110110011100
11010000011010010100101000000011
00000000000110011010000000000110
01010000100100001011000010100011
00000000001000111000110011101001
01010011111111011111100110010010
00000000011000100100001111011000
01000110110110110000111000111101
00000000011011011001111011001001
00110101001000001011111000111010
00000000001111011111110011111100
11000100000000100001011100100101
00000000001111011110011010000011
11110100101010101101010101111110
00000000000011110101011001010100
00110010001110000111110000100000
00000000000011101000101010100100
01010101100110110011010100100100
00000000010101111001000101000011
00110110101100010011101110111111
00000000001000101000111101100111
01100110100101111110111101110000
00000000011001100000011011110011
11101010100001110000101011111101
00000000011010000011100001100010
01001000011101000101010101001110
00000000011111101011101100101101
10111011001001000011001101100111
00000000010110111000000100100001
10011000000111111101011000101010
00000000010110100111100001100100
01000000101001100111110111101011
00000000001000100011100101000101
00000010000010001000010001101110
00000000000000110000011110010001
00100110111011000000001110011000
00000000001111100010110011010111
10001010110011111101011100000100
00000000000000010101011101111010
01100101011111101010010101101100
00000000011110111111010001111000
10010101110010111110011111111010
00000000010100001111010110000010
00001010110001110111000000111101
00000000010001001001001111111011
01101011101011101000100001000110
00000000011011110101100101000100
11001110100010101010001001010101
00000000010011111100000110011011
01011011010111110011010100101011
00000000010001100101100110010000
00001111111011111100001110011101
00000000001010110111111001111010
11110111011010000110000101111111
00000000001000101000111111100001
00010111011010010110010001011110
00000000010001101001000011110010
00011000101000001010100001011101
00000000010000011101110101111100
00000111100100100000001111001001
00000000000011010011001111011011
01101010000111011111111110000011
00000000010110010011001010000010
10011011011010000100000000101011
00000000000110101110001000010011
10000101100000110010010111010111
00000000001000000111011110101001
10101001101101001001001100111010
00000000011000101101111111110010
11011111111011101100011010011011
00000000010101010001000111000011
01100111000001010111010111001001
00000000010001010110110011101001
10111111101001100011001011000101
00000000011100001001010011111100
00011110111111110100110101111011
00000000001000110010001100111010
01110111001011101011110001111001
00000000001010111001001110011111
11111000011011101001000000001000
00000000001011001000000111010010
11010100000101110010100110111000
00000000010110010111110110100010
11110111001111100001110100100000
00000000000110100011000110110111
10000100100000001000101111000010
00000000000101101110101110000110
10101010010101000101101101010000
00000000010010100110011011010111
01000000010100011001111101011000
00000000000110011101100011001001
01010111101011101100011100001011
00000000001001111100100101000001
01111100101111011000110110100010
00000000000001001011000100110110
11011001011001001000100101110101
00000000011010001000011101011100
01110000011111110100011100110000
00000000001111001000111111001011
10011111010001000111011010100000
00000000010001001111111100000001
11010010101000010111001000000111
00000000010000100010110001111000
10101001101101001011110000011000
00000000010011101110110001011111
01111011100110001111010100101011
00000000000100110100110001011110
11001001100011110001101010101101
00000000000110000010101101011110
00001111111100101110000000100100
00000000000100000101011000110011
00101110111100100000010101110001
00000000000010000111011000010101
10010110100101010100111001101000
00000000001111110001110111011011
00011111000100111110001001111111
00000000000101011101011000000110
11011101110111001000100100111110
00000000011110110110000110011101
11100111100001111101010001101110
00000000001001010110000000000101
10011010000011000100100100100000
00000000001110011011111010111110
00001111111000010111011000110000
00000000011000110001001001001101
11010000011000010000000111010100
00000000001001001000111101011000
11110010111101001011110101100001
00000000011001101100111000010111
11100001000110001011011011100010
00000000011011100111101100110011
01011010000110011101011100110000
00000000001000010100010001111011
00011011111100101010001100111010
00000000001010010101011000110000
10101110000110110100010100000010
00000000000010101111010001000011
10100010110011000011011100111011
00000000001110010000001011100011
01011010000101001110111001000111
00000000011010001110011100000101
00011110010011100011111111011111
00000000001110111010001110100100
10100100111011111001110010100001
00000000010000111011101100111100
10010110010110110101011000010010
00000000011001100111010101011100
01110010101100001111000101110111
00000000010010000100000111011111
10000111111110010001100000010010
00000000011011111000110110110110
10010001000100101111100001000000
00000000010111001001111111011101
01110100110100110110100111111101
00000000000101100110111011111100
11001111100000011111010100001111
00000000000001001100100000001001
01011010110101100110101010001010
00000000011010001111110000111010
11100111011001001101000000010111
00000000000000000001110010011000
01111100111110001111010101000110
00000000000100001001011001100011
11011110010101010010111110000000
00000000001011010001001010000100
10111100111110010011001110001001
00000000000011001011010011011011
11001011111000000000110001011101
00000000010011001011111100010111
10101001010000110101010001000011
00000000011101101011110011101010
00101110010001011010011001101000
00000000011011010000100011101011
00101011110111011110100011110101
00000000000100111110000111111111
01010101101111100001011011111111
00000000001001010100011001111010
00001101111000010110010011100111
00000000010100111110110111000101
00000001110111010100011110100100
00000000010000101011111001101010
00100111110111011000111011011101
00000000000100110111001100001111
10100110000111011000101000100100
00000000001110011101110001001101
00100111010001111011101011001001
00000000001111101110010001001111
11111101101101111010001000011110
00000000000110010010000101001011
00000010001000000111000111001100
00000000011001001011011100110001
01010011000011110000010101011000
00000000000000111100110111100001
11100011110100000011000100100110
00000000010101111100111101100110
00010011011010011001101001010110
00000000011100011100101110010111
11101101000010000110000101111101
00000000001001101001001101100001
10000101011001011011100001100111
00000000011010100101011001101010
10000111111001010101110001001111
00000000011011010101100000111110
00011101101101100010100010011111
00000000001110010111100011000011
01001110000111100100000111011010
00000000001110110011111101001101
00011000100101110000110011011001
00000000000100111111101110100011
10100111111111000110111001011010
00000000000110111011100100111100
01111110110010001100001101111001
00000000000011101110111011001010
01000010001111110111001110010101
00000000000101000110001110010101
11110111101000110100011011001111
00000000000010010000111000000111
10001000101011100010000101001011
00000000011000111100011011011110
01000010101110010100001111101011
00000000000110110011100010001010
01101100010111000000010110101001
00000000001011101010101100001101
11110110011111001001100000000001
00000000011111100111000001111111
01111100000010011000001100100011
00000000001101101111110111111100
01011100111001110110011001000001
00000000011111001001000010111101
11110000011011101111011000010110
00000000000100101000001100001111
11001011110110010100010011000011
00000000010101001001010011110111
01000000100111111100010111011010
00000000000010111101100110100110
01000010010101011011101010001000
00000000010011111111000100111110
11010111011111011111101001111110
00000000011000110110011110011101
10000001011101001000000011101111
00000000011101001011011010011000
10011001110001001001101001000001
00000000010100000000101110100011
01001111101101001110010111000001
00000000000100011101010011111111
11100001111100101100000010110010
00000000010011101000010110111001
11110001101000111110101101000000
00000000001111011011111110101001
10110110110101111001111101110011
00000000011000100110011000111000
10110110011000100100111010101010
00000000000000100000000101100111
11111110101111101111101101101111
00000000010010100000100000110110
11010001010101110110101100110110
00000000010001101110111011001011
11000011111100111111110000111111
00000000001000111111010110100100
01100011001110011101010001011010
00000000001110110011101110111110
01101101011000011000100111100011
00000000011101111100111101101110
01110101110000110010101110001001
00000000010111001001111011111010
11011011001000110000001110000101
00000000000000111001011001010010
11011110111000100000110100010011
00000000000111010111011100011000
01000001010011011011100111100100
00000000001111010101110001110011
10000110011101100001011010100010
00000000011010011110100101100000
10101001111100001000000101000110
00000000010100101100000101010000
00001110010001101010100001001011
00000000011111111111010111100111
01101100000110001110001010101110
00000000001000001000000100111110
11100001100000110100110111111100
00000000010111001000001011010001
10101100000000011101001101110100
00000000010110010011110000011000
10101100110010110111111000110110
00000000011001001001000001110001
11011101110001101000010011001110
00000000010010010101010010101101
01111001101110010000011000101000
00000000010011001011010101101011
10110010001110010111100000100110
00000000000010101010010001000111
00001100111001110010111100110101
00000000001001010001000100010100
00000100101111100010111110101011
00000000011001000001010010010001
01011111110110010111000000100100
00000000001000011100111110110001
11001110100000000111000111011111
00000000011101110100110110001001
01011000000001011001011000101000
00000000000110011001010001100000
11100000100001111010110000001011
00000000011000101010000110011011
01010000100000001001111000010011
00000000011101000111001101001000
01101101110101001110001100101101
00000000010001100000001000000010
00110101110110101101000010100101
00000000010011110010111001011111
01101111101110110010010001111111
00000000010101011111011101001011
10100011000000110010001000101011
00000000001001111011100101011101
01011111100110100111001011111010
00000000000100111101000010100000
11101010101111000110111101100001
00000000000000111011011001010000
10000100101010001101110011010011
