01111111110000000000000000010011
01111111110000000000000000010011
01111111110000000000000000010011
10000110000000000010010010000111
01010000001100000010010000100011
11001110001100000010101000100011
00000001110001010101100010110011
00000000101110100000101000110011
10101000010000000010110000000111
00001000110110100000010011010011
10010100011100000010100000100011
00000000101101110001001000110011
00000001001011111101001100110011
00001001100100110000101111010011
00000000010000000101101110110011
11100000000001010000001101010011
00001000100111011000011101010011
00000000010100110010111110110011
11100000000010110000101011010011
00000000100000010000010000110011
00000000001100111000111101010011
10100001100110111001110001010011
00001011001100000010111000100111
00000001100100101010101010110011
00000001110100011000111010110011
00000001001111001010111110110011
01000001110000101000001110110011
11100000000011101000101111010011
00000001000111111000000111010011
00000001101000010000100010110011
00000000010110101001010100110011
11100000000010010000111111010011
10110100011000000010101000100111
10001100000000000010000010000011
00000001100110110000101110110011
00000000111101000010100100110011
10001000100000000000001100010011
01010110110100000010001000100111
00000001001000111000010000110011
10100000110111100001101001010011
11100000000010111000101001010011
00000001110001111001111000110011
00000001110101111000001100110011
11011100110000000010000100000011
00000000001101101001001100110011
00000000100001110000011011010011
11011001100000000010011110000011
00000000000011101000111010110011
00000000101110001101001100110011
00000001110001011000011100110011
10100001110001110001010001010011
00000001000010111101011010110011
00000001111110100000011100110011
11001101100000000010100110000111
00000000000010101000101111010011
00000001110101010101011100110011
00000000000100010101011110110011
00000001101001100000101010110011
11100000000010011000011011010011
00001000011000010000011011010011
10101000011100000010111000100111
00100100000000000010100100000111
11100000000010111000101111010011
10100000011101000001010001010011
11101111000000000000100010010011
11000000000100000010101000100111
11011100111000000010001000100011
00000000111010000010011000110011
10100000010000000000000100010011
01000000000100000010111000100111
00000000101011111001110000110011
11100000000001011000000111010011
10011010010000000010111100000111
00001001111011001000010011010011
10000100100000000010101110000111
11100000000001010000001111010011
00000000000111110010110010110011
00000001101100101000001010110011
00000000010010010010010100110011
01011100110000000000010010010011
10001001100000000010110010000111
10001101110000000010001000000111
11011000111100000010111000100011
00011001010100000010011000100011
00001000000101110000011011010011
01000001111001011000101000110011
00001000101100110000101101010011
01000100101100000010111000100111
00000001101101101001000100110011
00000000000011001001000100110011
00000000111100111000111100110011
01111011010000000010100010000011
01000001010000010000001100110011
00001000010000000010011010000011
01011011111000000010001000100111
11010100010000000010001010000011
11100000000000110000100011010011
00000001011011010101101110110011
01011101111000000010011000100111
00000001111010011010110010110011
00000001000100011001000100110011
00000000011010111101100110110011
00000000010101000000010010110011
00001101100100000010100000100111
00000000011001110010011110110011
01000000110101111000010100110011
00000000011100100000011101010011
00000001110111100000000111010011
00001000100101000000011111010011
10100001100000101001010001010011
00000000110101111101110100110011
00100110100000000010110100000011
00000001100101101010111000110011
00000001010101010000010101010011
00001000100010100000110001010011
11110001101100000010010000100011
11110001000000000010011000100011
11011111100000000010101000000111
11100000000010011000101111010011
00000000111110000101011010110011
11100000000010010000101101010011
00000000010101110001111110110011
00000000100110011000010111010011
11100000000010111000110011010011
10001110100000000000001000010011
01010010010000000010110110000111
10100000111111110001100101010011
00000001000111100000100000110011
00001001101110110000100001010011
01000001101000101000101100110011
00000001010100110101110010110011
00000000110000110000001001010011
01000000010000011000100110110011
11111011110100000010000000100011
00000001101111101000010000110011
00000000010111001001100110110011
11111011100000000010001100000011
01010101101000000010111000100111
11000100010000000000111110010011
11100000000000110000011001010011
10100000111101110001010111010011
11100000000010000000100101010011
11000110000000000000110100010011
00000000111110000000100011010011
00000001011111000000100010110011
01010100110000000010111000100011
10100000001110000001011111010011
00000000011110101010100100110011
11100000000011000000000101010011
00000001011111100000010010110011
00001001111111001000001001010011
00000000000000100101001100110011
10000101101100000010100000100111
11100000000010000000110111010011
01000001010110001000101110110011
11100000000010100000111101010011
00000000010111001000011101010011
00000000100010010000001101010011
00000000011110100101101110110011
00000000010101101000100111010011
00000001110110000101100100110011
11100000000000000000001111010011
00100010010000000010111100000011
10100011111000000010001000100011
00000001100110100001011110110011
10100111101100000010011000100111
10001010001100000010000000100011
10011101010000000010111000000111
00000000100010100101111100110011
00000001111010011000101010110011
01000110110000000010100110000011
01111100000000000010111010000011
11101000010000000000000100010011
00001001010010101000110011010011
01000000010101001000010110110011
00000001100000001010011000110011
01000001000110011000101010110011
11011011000000000000110000010011
00000001101110000001010110110011
11101110010100000010010000100011
10110101110000000010011100000111
01110010000000000000110110010011
00111011010000000010101000100011
00000000101010010101011110110011
00000000010000001001001010110011
00000000010011101000011111010011
11011110100000000010101000100111
01000001010000000010110000000011
01100010010000000010000110000111
00000001110011000101010110110011
00001001110000001000110001010011
10100001101100000010100000100011
10000100000000000010011110000111
00110011000100000010000000100111
11110001011100000010001000100111
01000111000100000010000000100011
11110110000000000010101000000111
01000000001010101000011000110011
00000001111110101000111010110011
00000000110011010000001100110011
00000001101101001000001110110011
10011011100000000010011000100011
11001100001000000010101000100111
11100000000000111000000111010011
00000001011000101101101100110011
00000001011110101000001101010011
00001000000000011000100001010011
00000001010011011001110010110011
10100000010010001001011001010011
01100010011100000010010000100011
11100000000010011000101101010011
00000000001010000001000100110011
11100000000011011000110001010011
01101111010000000000100000010011
01111001000000000010001100000011
00000001000001010101110110110011
00000000001001101010110110110011
00000000000010000010110110110011
01001100000000000010011100000111
10100001010110101001011011010011
00000000101011001001000010110011
11100000000001001000111101010011
01000000001111011000000010110011
01001001100000000000101100010011
10111010000000000010010010000111
00000000110100001010001010110011
00000001011001100000010001010011
10010100101100000010101000100111
01000001000101110000101010110011
00000111100100000010110000100011
00000000100111100001001000110011
11100000000011111000100111010011
10001111001100000010101000100111
01000001101100001000110110110011
00100110010000000010000010000111
00000001100001010101111010110011
01000001101110110000010010110011
00000001101010100010100010110011
01001101011100000010111000100011
10111101010000000010001010000011
10100001001101101001100111010011
00000001000000101001111110110011
11110101100000000010011000000011
10011101010000000010110100000111
00000001100011011010110100110011
00001001111100111000100011010011
00001000111010011000111111010011
11100000000011000000001111010011
00000001011000010101011010110011
00000000001010001010110100110011
00000000111010000001101100110011
00111000111000000010101000100111
00000000001110100000011000110011
00010101100000000010100000000111
00000000101000111001000010110011
00000001110001110000111000110011
00000000110010001101110100110011
10110111101000000010100000100011
00000000100010100010010010110011
01110001010000000000110110010011
00000000101110110001000100110011
11100000000010000000000111010011
01000001110110111000010110110011
00000001100011011101011000110011
00000000000110100001110110110011
00000000100001111010111000110011
01111110010000000000010000010011
10011010010000000000101000010011
01000000110010000000110010110011
01111010010000000010111000100111
10100000001111110001101111010011
00001001010111000000000101010011
00000000111000000010010000100111
01000001101110010000110010110011
00000001011101010001010010110011
00000001101001010101110010110011
01000001010101101000111010110011
00000001000111110010011010110011
00000000010010100101110110110011
00000001110100011010111100110011
00000000001101110001011010110011
10111001100000000000110010010011
00110010000000000010010110000011
01001010000000000010100110000111
00110001010000000010010100000011
10000111111000000010111000100011
11100000000001001000011111010011
00000000100100110010110000110011
01000001001000010000000100110011
01000000101000110000101010110011
00000000000011010101011100110011
00001001001000011000001011010011
01010000101100000010011000100111
00000000011110101101011000110011
01000001001000000000111010110011
00000000111110100000111000110011
00000000110111001000100111010011
11010101100000000010110000100011
11111111010100000010100000100011
10000100011100000010101000100111
00000001000100000010111110110011
00000000101110110101100100110011
10100001001110010001010011010011
10101111100000000000011000010011
11100000000011100000100011010011
11001011000100000010001000100011
00000001010000010101011100110011
11100000000001011000001111010011
00000001001001001101011000110011
11100000000001100000111001010011
11011001010100000010110000100011
00000000101010100001101100110011
11100000000011011000111001010011
10111000100000000000100010010011
00000000010101111000110001010011
10100001111010011001101101010011
00000000011111010000100101010011
10100000110010101001110111010011
00000001010010010101110110110011
11100000000011011000101011010011
00001000000000100000110111010011
00000001111111010000110001010011
01000000001111000000111110110011
11100000000000101000001101010011
00010101000000000010110000000111
00000000101000100001110000110011
00001000001101000000001111010011
10011010000000000010001100000111
11100000000001100000101101010011
10100110100000000010100100000011
00001000100001001000001011010011
10100001110100110001111001010011
00101111110100000010011000100011
00000000111000100010001100110011
10010001010000000010111100000111
00000000110100000000001001010011
11100000000000111000010001010011
10011111111100000010001000100111
00000001001001111010000110110011
11101111110000000000110000010011
00000000101001000010111000110011
00110111000000000010001000100111
00000001101010011101111010110011
10100001011000011001101111010011
01001001100000000000001100010011
00100100000000000010110000000011
00000000111001101010010100110011
00000001000110001010101110110011
01000110000000000000101000010011
10011100101000000010000000100111
11100000000011100000110001010011
00000001100110110000001110110011
00000000011010011010100000110011
00000000011010110010101010110011
11100000000001111000000111010011
00000001111001101001010010110011
00000010100000000000101000010011
10111001100000000010000100000011
01111010001100000010000000100011
10101011010000000010101110000111
00000001001100000001010010110011
01000001000110100000001010110011
01000000101011000000111000110011
11010000100000000010111010000011
00000000110001001101111100110011
00000001110100100101110010110011
00000001011100100001010010110011
00000001011000010000101011010011
01101110001100000010001000100011
00001000010110000000101001010011
00001000010010010000000101010011
00001000111101101000010101010011
01011010100100000010111000100011
01000001111111101000011000110011
00110101100000000010001100000011
01110001110000000010100000000111
00000000011101001000111100110011
10100110010000000010011100000111
10100001001110010001110001010011
01000000100011111000100010110011
00000000001110111101110010110011
10100001000101001001100111010011
00000001000011000000000111010011
00000000100000101000111000110011
00000001100001001101011000110011
10100000111001011001110101010011
10100001000101110001001001010011
00100000100000000010000000100111
00000000011111100101110010110011
00000000000101011010010000110011
00000001100011010000010110110011
11100000000001111000011001010011
00000001001000001101001110110011
00000001010111000101011110110011
00000001011111101000010011010011
00001001010001101000100101010011
00000001011110000001011010110011
00001001110001101000111001010011
11101001010000000000101110010011
01000001100100111000101010110011
00000001101111110000110101010011
01000000000100100000010100110011
00001001010011100000010111010011
10100000000111010001010001010011
10010101000000000010101010000111
01110001010000000000010010010011
00000000011001011010001100110011
00000001000001001001110000110011
00000000000010111010111010110011
10001100110000000000010110010011
00000001011000010101011000110011
00001000001011000000111101010011
10000111110000000010111010000111
10100001000000111001111101010011
00000000011101101001011000110011
10000000101100000010110000100011
11000000110000000010001110000111
11110101000000000000011010010011
00000001000011110000110111010011
00000001101001011001100100110011
11100000000010010000110101010011
01000001011001011000001100110011
11000110010000000000110100010011
10100001100111100001010001010011
00000001011100001001111110110011
00000001100111111001111110110011
01111111001100000010110000100011
00000001111011010010001100110011
00001001100010000000100111010011
10110111100100000010010000100011
10100001110010100001001101010011
00001000001110000000111001010011
11111001010100000010101000100111
10100001111111011001011001010011
01000001010001101000011110110011
00000000010110011101001010110011
11011000010000000010100000100011
00000001010010101010010000110011
01110110100000000010100000100011
00000001110001111000010101010011
10000101000000000010110000000111
00001000100110111000101111010011
00001001110010011000100101010011
00001000000010011000011111010011
00000001010111101000010010110011
00000001001001011000010110110011
01111110010000000000111000010011
11110000110000000010111000000011
11001111010000000010110100000011
10100001100101011001010011010011
11100000000000101000001111010011
00000000010001110001011100110011
00000100110000000000110000010011
00000001011000111000101000110011
00000001100100011000011111010011
00000001001101110101101010110011
00000000100001011000000100110011
11100000000001110000001001010011
00000001100010101000010010110011
00001001001001110000011011010011
00110010110000000010101100000011
00000000111100101001111000110011
01100111100000000000011010010011
00111101010000000010110110000011
01111001101100000010110000100111
00000001101110101010100010110011
00010000111000000010110000100011
11100000000000010000110011010011
00000000111010010001011010110011
00001001010010001000101111010011
00001000001111011000110001010011
00000000010111111001100110110011
00111100010000000010001000000011
00001001000101011000001111010011
01000001110001011000000110110011
00000001001110110010101000110011
00101110100000000000101100010011
00001000100010010000010011010011
00000000010001101001100000110011
11100000000000110000010101010011
10100001010001010001010001010011
11100000000011010000000101010011
10111101010000000010000110000111
11001111000000000000011110010011
00000000000010100101000010110011
00000000011111110000000111010011
10101011000000000000101010010011
10110000111000000010101000100111
11000111110000000010110000100111
00010010010000000010001100000111
10100001110111011001100001010011
01000001010011010000101110110011
10101001110000000000001000010011
11000010001000000010111000100111
11001100001100000010110000100011
00001000010111010000110011010011
00001001111000100000110101010011
00001001010011110000111001010011
01000000010011111000011110110011
00001000011111111000011001010011
11001110000100000010100000100111
00000001100111111000011101010011
11100000000011001000000011010011
00000000101001011000100101010011
01000000001100101000011100110011
01011010111100000010111000100011
00001101110000000000011000010011
01110110100000000010100000100111
00001001011100100000000101010011
00001001110100010000101011010011
11100000000001011000110111010011
11001100010000000000010000010011
00000001101100000000001011010011
01001111100000000010110100000111
00110011100000000010011100000011
01001100110000000010110010000111
00000000111100100000100111010011
00001001001010110000110001010011
10000110010000000010101110000011
11100011000000000000111010010011
00001000110010000000000101010011
00010111110000000010101110000111
00000001111100101010110100110011
00001000111101001000100111010011
00000001011011011101100110110011
00000001001000111000000100110011
10100001000011100001011101010011
01001100110000000010001000000111
01111010011100000010101000100011
00000000111001010010101100110011
00110101000100000010111000100011
11100000000011010000100111010011
01000001111110001000100110110011
00001000001011101000100111010011
10101101011100000010101000100011
11100000000011101000001101010011
10110000100000000000100010010011
00001001001110011000001001010011
00011000111000000010100000100111
01000100111100000010001000100111
00000001111110100000110111010011
00000000100011111001100000110011
01000000101000110000001000110011
00000001100000111010011000110011
00101111100000000010011100000111
00000000001110110101100110110011
00000000100100000010111010110011
01000000101010100000111110110011
11100000000001110000110001010011
00000001111011010001100010110011
10100000111111110001010011010011
01000000000010000000010000110011
00000001100111110000000010110011
00001001101111110000001111010011
00000000110101000000110111010011
01000000111110011000000110110011
01110110000000000010110000100111
11100000000001101000000011010011
00101001100000000010011000000011
10000000010100000010111000100011
00001001011000101000011101010011
01000000010010010000100000110011
00000000010011110101111000110011
11100000000001110000110111010011
10100011010000000010100000100011
11100000000001110000110001010011
11100000000011011000000111010011
00000000111101010001100100110011
10100001110010101001010001010011
00000000011010101000100101010011
00000000010100000000000010110011
11100000000000010000001011010011
11100000000011100000101001010011
00000000111010100000111010110011
11100000000010101000110001010011
00000001111011101101010100110011
11100000000011000000000101010011
00000000010110100101101110110011
10100011000000000000011010010011
00000000110101001101111000110011
01010110010000000010100010000111
00000001110110100101101110110011
00000001000001111001110110110011
01001110000000000000101010010011
00000001011010101000101000110011
00000000111001011010100000110011
00001001011010100000011111010011
00000000011010111010010000110011
11101001010000000010110100000111
00000000000100011001010110110011
10101111110000000010010110000111
11110111110000000010011110000111
10101101010000000010001110000111
10101011010000000010011110000111
01000001100011111000010110110011
10100000101101100001111001010011
00001000011011010000010011010011
10100001100110010001101101010011
00110101010100000010000000100111
00110000110000000000100100010011
11100101010000000010100010000011
11100000000010110000001001010011
00001000001000101000010111010011
11100000000011111000001011010011
01110000000000000000110100010011
00000001111010100010001010110011
00000001000100101010100000110011
01001100110000000000100000010011
11100010111100000010111000100011
10100001000001101001001001010011
00000001111100001000101101010011
01010110010000000000010010010011
00001000001101111000010111010011
00000001010110011010100100110011
00000001000101100101110010110011
00010000110000000000110110010011
10100000010001001001100011010011
00000000111010000000101011010011
00110000100000000000001100010011
00000001100011100000111100110011
10111001110000000010011110000011
00000000100000110000011011010011
01000000101011101000111010110011
00000000000101110000111100110011
10110001001100000010000000100111
00000000010110011000010011010011
01000001000110100000001100110011
00000000011100110000110111010011
00001000001110111000001111010011
10100011001100000010101000100011
00000000010000000001100100110011
11100001100100000010001000100011
10100000001100111001001111010011
01000000100100000000100110110011
11100000000001011000000111010011
00000000110100101010000010110011
01111110110100000010101000100111
01000000011110111000110010110011
00110001101100000010101000100111
11001001110000000010011010000111
01000001001000110000000100110011
10001101111000000010101000100011
00100110100000000000001000010011
11100000000000101000110101010011
11111111110000000010110000000111
01001101010000000010010110000111
11100001100000000010101010000111
11100000000001111000010001010011
11100000000000110000110001010011
10110111001000000010001000100111
11111111100000000010111110000111
01000011010000000000011000010011
00000000110110010010001000110011
00000000100111011000001010110011
10010101100000000010010000100011
11101011010000000000100000010011
00000001011000010101101000110011
00101011100000000010110110000111
10010010110000000010111110000111
01000001110111010000010010110011
00000001100100011000111010110011
00000001111111111001101000110011
11010011111100000010110000100011
11100000000010111000011001010011
11100000000001110000011101010011
10100001100001110001010011010011
01000000000100100000101000110011
00000001100101000000010110110011
11100000000011101000000101010011
10100000011001111001110111010011
00011010010000000010111010000111
11101110100000000010110010000011
00001000010100110000001011010011
00110011100000000000111000010011
01000001000001010000010110110011
10001101000000000010101000100011
10001000001100000010001000100111
10111110010000000010010100000111
00000000011010111000101001010011
00000000011101110000010110110011
00000001100010001000001011010011
00000000000100111101110010110011
00001001000000000010100000100111
10100000111101000001001001010011
01000000110000100000110110110011
00110111101100000010100000100011
10100001000001101001101101010011
01000001011111011000001110110011
00000000010111110101011010110011
10101011010000000010100110000111
00000000001101011000010101010011
00001000111011110000110011010011
00100100100000000000101110010011
11011100110000000000100010010011
00000001011000001101000010110011
00000000010110001000011111010011
01000000101011011000110010110011
00000001110100010000001011010011
10001101000100000010001000100111
01100100110100000010011000100111
11000100101000000010100000100011
10100001111111101001110011010011
11100000000011001000011101010011
00000000000011100000101001010011
00000001111001010000111101010011
00000000001000011000000100110011
01010001100000000010111110000111
00001011010000000000111100010011
00001010100000000010111000000011
00010011000000000010101110000111
00001000001111100000101111010011
00110000111000000010000000100111
00011100100000000010011110000011
00010111000000000010101010000011
10100000001000011001111001010011
01010110110000000010110000100111
00001001011100111000101111010011
00000001011100011000001010110011
11100000000011010000100111010011
10101101011000000010010000100011
00000001111011100000111000110011
01010001001000000010001000100011
11100000000000111000010001010011
00001001011001000000110011010011
01001001100000000000111010010011
00000001000100100001110010110011
00000000101011101000110111010011
00000001100010010101001010110011
00001000000101001000110111010011
10100001011011001001011111010011
11001101100000000000010110010011
10010011110000000010011000000011
00000000101000111010010100110011
01001001000000000000100100010011
10000010110000000010011100000011
10011010100000000010111110000111
10100001110111000001100001010011
10111110011000000010010000100011
00001000001010100000111101010011
10100001110111010001110001010011
00000000111100010010101010110011
00001100110000000010011010000011
00000000101000010000001000110011
00000001110100011001110110110011
01111010010000000010010110000011
10101001110100000010000000100111
10100101101000000010010000100011
10100001110110010001110101010011
10110000000000000010011000100011
11110000000000000010000100000011
10110110010000000010111000100111
00000001001010000000001110110011
01000010100000000000000100010011
00000001000111001101111000110011
00000001110011011010000110110011
00000001000101111001001100110011
01100110110000000010000100000011
00000001111001010000011011010011
00000000001100110010110000110011
00000001011101100010111110110011
11100000000011110000111011010011
00000000011011101101110110110011
01100010101000000010111000100111
11100000000000100000100101010011
01000000000011110000001110110011
00001001010101110000000111010011
00000001101001110010100010110011
10100000101101110001100101010011
00000001110100011000011110110011
00000001100100011010011010110011
00100001110000000010000110000111
01011011001000000010111000100111
00111001000000000000011110010011
10100010000000000010011100000011
10011111110000000010101000000011
00000000001010110101001100110011
00000001111001010000110100110011
00000001110000110000111011010011
00000001010100000101101000110011
01111100000000000000110110010011
11100000000010110000111101010011
01000001000010000000110100110011
10100001001010001001011001010011
01000001101101000000010110110011
01110000000000000010110100000011
00000000101100101000110100110011
00000000111000100010010000110011
01000000111111101000101010110011
00000000001000100000001010110011
00000001101101111101101010110011
00000001011000110001011000110011
00000000100011101010010110110011
10100000010011011001101001010011
00001001100100011000000011010011
01000001000000001000100100110011
00110110010000000010010010000011
10100000110001100001001001010011
10000111010000000000111000010011
10000110010000000000011100010011
00001001001000001000001111010011
00000001101011010001000110110011
10100001101001010001011101010011
10100000100101100001010011010011
00000001000111100001001000110011
00000000100101001101000110110011
01000000010010101000000100110011
00000001000110000000100100110011
01011010010000000010110100000011
01111110110000000010001100000111
11100000000011101000010011010011
00100001000000000010111010000111
00000001001001011101100000110011
10100001011110111001011101010011
00000001110101001000111010110011
00011001001000000010111000100011
00000001111011011000011011010011
00000000110000000000001110110011
11101001000000000000111110010011
11100000000001101000011111010011
00000001000011101000111101010011
11100110000000000010101000100011
01000000011101110000011000110011
00000001011011010101011100110011
10111100010000000000110010010011
00000000010111000101101100110011
00000000110101000000110010110011
00000000110001000001011000110011
10100001001010100001011011010011
00001001111010010000000101010011
11100000000000000000110011010011
01000001001010000000001100110011
11111000000000000010011010000011
10010010111000000010011000100011
11100111001100000010111000100011
10100000000000000010101100000111
01000000110101111000010110110011
10010100100000000010001000100111
00000001011001110101100110110011
10011010000000000010001100000111
00100011100000000000100100010011
00000001100010101010001000110011
00001001011001001000001001010011
00000001111001101001111110110011
00000001100101101101000100110011
00000001001001100000111111010011
10100001011111000001010111010011
00100011100100000010001000100111
00001001100110001000001001010011
00000001100010011101101010110011
10100000011100011001100101010011
00000001101100110010110100110011
01000000001101100000101000110011
00000000110010001001000100110011
00000000011110010010110010110011
00110011000000000010010000100011
00000000011110010010111110110011
01010110010000000010101000000011
10100101100000000010010000100111
11011111010100000010011000100011
00000000110101111000111100110011
01000001001101001000101000110011
01000000110011100000101010110011
00000000010110010010000010110011
00000001101101101010000110110011
00001000101000100000101111010011
00000001011110101000000111010011
00000001010011011000000100110011
00001001000100111000100111010011
10101101011000000010011000100011
10101101100000000000011010010011
00000001011001010000111100110011
11110111000000000010010110000111
00000000000100110001001100110011
00000000011101100101001010110011
00001000011001110000000101010011
01000001011110100000000010110011
00000000101001011010011110110011
10100001110000000001010011010011
00000001100000011010111000110011
00000001100000010000100011010011
01000001101110000000001110110011
10100000000010010001011001010011
00000001000001010000110000110011
01110100100000000010001110000011
01100010010000000000101100010011
00000000100011010010000010110011
00000001001110010101011010110011
10000111110000000010110000000011
11010010101000000010110000100011
10010001110000000000011100010011
11110111100000000010001110000011
00000000111011101000001010110011
00000001101001011101100000110011
00000001101100001101110110110011
00000001000001100000101110110011
10100000011000001001110011010011
10110011010000000000111000010011
11111010100000000010110110000011
10100000101011100001111101010011
00000001100011110000101010110011
00000001110000101010101000110011
00000000011001110101000110110011
00001000011100011000011111010011
10100000001110110001101011010011
00001001100011110000110101010011
10100000110100011001111001010011
01100111010100000010100000100111
10101001000000000000100000010011
00000000010010101101101000110011
00000001001101110000111100110011
11001001010100000010000000100011
10111110011000000010110000100111
01000001111000000010100000100011
00000001010000101001110010110011
10100000011101001001111001010011
10010100111000000010001000100011
11010011010000000010111000100111
00000000011111011000001011010011
01100000101000000010000000100111
00000000101101010000101010110011
11010111100000000010000100000011
00101010001100000010110000100011
00100101010000000010101010000011
00000001110000111000100011010011
00000000001001101001000110110011
11101000100100000010101000100011
00000001111000111000010011010011
01101001110000000010111100000011
00000001101011010010111000110011
00100101110100000010010000100011
11100000000010010000001001010011
10000111011100000010011000100111
11100000000010010000000011010011
11101111010000000010000000100111
01000000111000101000001100110011
00000001101111101000010110110011
00000001111001010000111011010011
00000000011111001001001110110011
11110011011000000010010000100011
11100000000001000000101011010011
01000000000100000010010000100111
11100000000001111000111101010011
01010010100000000010101000000011
01011100010000000010101000000111
10110011111100000010100000100111
11110011110000000000000110010011
00001000100100010000100011010011
11100000000010110000001101010011
00001001010001010000111111010011
11100000000000110000110101010011
01011101000000000000010100010011
00001000001101000000011101010011
01000000010100010000101010110011
01000000100001100000001010110011
01110000100000000010001000100011
01000001110110110000101010110011
10100000010001000001011111010011
00000001110101100010110110110011
10001001111000000010000000100111
00000001110001111000000110110011
11100000000011000000010111010011
00000000101000110101100110110011
00000001010100111001011010110011
00000001000110001010011000110011
00001001011111111000111111010011
11001010000000000000010010010011
01000000110100111000100000110011
00000001001100111000100000110011
00000000101110101000000010110011
01011110111000000010101000100011
00000000101001111101100000110011
00000001000010101000001100110011
11001110110000000010100100000011
11111001010000000010111100000111
10100000110100011001010001010011
11100000000010010000000011010011
00010001100000000010100000100011
11010010100000000010110010000011
01011011001000000010111000100011
00011010011000000010100000100011
10100001101010011001101111010011
00100011010000000010000100000111
00000000011010000010010010110011
00000000110100010001001110110011
00001001110100001000000111010011
00000000100011011010001010110011
10110110001100000010100000100011
10101010100000000010101100000111
00001000000011000000110111010011
00000000100001011101010110110011
00000000001001101000011101010011
00000000001110111001100110110011
01000001000011001000011000110011
11100000000000100000110011010011
10100000101110111001110011010011
00000001101011000000101100110011
00000001010110001000110001010011
11100000000011001000100111010011
00000000011100001001101000110011
00000001011101101001111110110011
10001000111100000010001000100111
11011010100000000010001100000011
11011101010000000010100000000111
11100111000000000010100000100111
10100001000100010001100111010011
00000001011011010000101001010011
01000000000011111000001010110011
10100000000001110001001101010011
01000001110100001000101000110011
00000000001110100101100110110011
11110111110000000010101100000111
00001111000000000010000100000111
01100100010000000010111110000111
00000001011010010001010000110011
01000000000001010000110100110011
00000001000101010010011100110011
00000001010110100010110000110011
10100001010011110001011111010011
00110100010000000000001010010011
00000000010000010000111001010011
01001001010000000000010000010011
00000010000000000010101010000111
01000000011110101000011110110011
00000000000000000000000001110011
00000000010100011010000101011101
11000100110101101001010100010100
00000000001100000101101111000111
01100011100100100011000010110010
00000000011101010011110000111010
00111100011100101011101010010011
00000000010000100010101111001100
11001100111111100011010001001111
00000000001001101111011110111101
10110010011101000000010100000101
00000000000101100000010101100001
10101101011000110100111111000101
00000000001011000101101000001001
10110011111101001010111010111000
00000000000010011101001100011111
01110010011110111011000010001101
00000000011001101000011001011101
00110111011110100000100100000110
00000000000110100001000010001001
01010110011101110111110010000010
00000000000001000011111101110001
01111010101111001110011000111101
00000000010010110100010001001010
11100010001001011110010100100101
00000000011110110010000100010000
01110111011000000000101110110100
00000000011100110110001010000100
10110100111000111101110010100111
00000000001101111100111001110101
01010101000001101000101010001001
00000000001011011111011110111011
01111110011001111101001001100011
00000000001111101000010111100010
10011111010000010010111001010010
00000000011000100110011111000001
01011000011100100111101010101001
00000000000010100101100001101110
11101101011001011111110001000110
00000000000100011000110111110001
01111110100100101000000001110101
00000000000010000011100100100010
11010010011100011111010000001010
00000000010100011001100010000011
11000100000000111010100100111000
00000000011100101001101010010111
11100111101011100001011010011100
00000000010111110001100010100100
00010100100100000100010000001101
00000000000100111010100110100011
11001110000000011000110001011000
00000000011001001110110101100010
10010110010011110110011001101010
00000000010010011101000100001110
01111100110100111000010100101010
00000000010010111000010010010100
00001000000001000100111001110011
00000000000000010000011010000111
10100101111100100100010001000001
00000000000110110001110100101110
10010111110111011111111000111010
00000000000100110111011101011101
11001011010011110100111010011001
00000000010011000101100000110000
10101010010110110101001111000100
00000000011101001000010100010001
11000011001101100111010101101110
00000000000011000101100011010000
10101111110100001000010101001110
00000000001111001100111010001000
11001110000011111110010110010110
00000000011011010001011001010001
00101111110001000101011101111100
00000000000010100011110001000111
01100100011010100010111110011001
00000000001100101101010011100010
00100111010001000011100111101000
00000000011011101001010001111100
10111010000111100001110110100001
00000000011011100101011111110100
00010100011010001011111010000111
00000000010000100100101000110110
00001111110110011000100111010000
00000000011110100110111000011110
01000100110010100101111001000101
00000000010101100101110101110010
10000011111110100101001111011101
00000000000110100100100110001010
10010000100011100011000100011100
00000000010110011111010000111100
11100010011010000101100111011101
00000000010100001011100111011110
00001010100111111111100110011110
00000000010110001110101010111010
10011110011000011011100001100110
00000000010110011110010010110001
01110110010100010010000110001111
00000000010101100111110100111101
11001111101011101000100100010100
00000000010100111101100110101111
00000000110100100011000111100110
00000000011000101101011000000000
00000000000001001000100010110001
00000000000000110101110110101100
11010111001010101011111001000111
00000000001010000001001010111111
00111100100111010000001011100001
00000000010000011010001010001011
01101101111110010011000100010110
00000000000001100101000101011111
10011001000100110100101001011001
00000000010100000001000110010101
11000000101000110101101001000000
00000000011000010000001101101000
01110110010000000000100011000111
00000000000111100001000011011110
11110001111100001010000000011001
00000000011101100000101001000011
11001100101000101101001100010111
00000000001101100000000011110000
10111000110011101110110011111100
00000000011101100100000100101110
10011001000111101111000100111101
00000000010100111111100101010000
10000011111001000111011000111110
00000000000100001000010010100011
11101000100111100011011101011011
00000000000011110000001001011000
00100000110100010010111000110111
00000000011000101001000001011111
00010111100010011010011001011101
00000000001011110110001000001000
01011011111111001110010000001011
00000000000010101101100111111001
10001001101010111010001101101111
00000000000101000011001001011001
01000100111010110000000000000110
00000000000011000110110100011010
11000001001000101011001100110001
00000000000110111111000011000110
00110100000111111000101011010111
00000000001100101000001110110000
00100001111110100011011000011001
00000000000001011100010011001100
11111010010100110010010110010101
00000000010001000011110110001000
00110101010010111100011110001000
00000000001011001000001001011010
00100011111101111010110000101000
00000000001111000011111000110011
11110011001101101100101110011000
00000000010010011010110001101011
01100110011001111111001011101011
00000000000000101000100001011101
00100111111010110101101101111101
00000000000011011100101101010000
00101110011001010101001010011000
00000000010110110000101011011111
10000011110000110001100001111010
00000000001000100011100111000111
10000101110001000100101110111101
00000000011111011001110100010110
11011101110100101101010010000001
00000000001111100011100000011111
10001110100110100000010010001100
00000000010011100100100110011101
11101001111010100100100100010101
00000000011001011111100000101110
11110010000110111101011100111001
00000000011100010111101000001101
00101000011000011001010001101010
00000000000111100111010001100111
11000001001111011011101100100010
00000000000000100000110100111101
10000011100000011000111101010110
00000000011010001000011100101101
11110011101001010001010111110010
00000000011011000011100000000010
10000101000001011100011001111010
00000000011011100001101011010000
11010001011100011111001001011100
00000000011100100101011001000101
11110010011010101100010110000000
00000000001000001111101101010101
11100010111010101011101110001000
00000000000111001110100010101011
01010010100001110011000101100001
00000000001001110101101111100010
10111011111010101110111011010011
00000000011101100111011111011101
11100101101111111100100010010011
00000000011100100001100101100111
10010000111110110010000011000100
00000000000010000111011001100011
01011111111000010100100101011101
00000000010010000101110001100111
10000101110101010011111010000110
00000000011011000100110001011111
10001110010110101011011000011011
00000000010010011000010011110110
11000000000101000000101011001110
00000000000110000110110000101111
01110011010000001011010111010110
00000000001110101101010010100111
11110111110001110000110100001110
00000000000011011101110101010101
01110001101011001100101100010101
00000000011110100100001010111110
01000101001100101100101010010101
00000000011000011000110011011110
10001110001011110011100101010101
00000000001111101010000111011100
00000000101001100011111100001011
00000000000101011010101000111100
10010010010000011100111100011010
00000000010100000111100011110111
01110010000001100010110101000110
00000000011001111011010110001000
10100000000111100000100000110111
00000000001100001101100010110111
00101000000001110000111011001010
00000000011000011111111110001001
11100100000011010010001110011001
00000000000100010100110011011101
10001111000010110100000100100101
00000000011101000001011100011010
10110011010110001100100001101111
00000000000111101011100100101011
10001000001110100100000101100101
00000000001010111111100001001010
00101011110100010011011000000001
00000000010001111101001000000101
11001111111111100111101101100110
00000000011000111001110010111010
00111100001000010001001010011001
00000000000000010111110000110011
11010011011010110101011001110111
00000000010000011101110100110110
11000000110000111100011010011101
00000000010110010010111101110010
11010010110011001101011001001001
00000000000101111100000001000010
00010010100111100111100111010011
00000000000000000100101000001001
01111000111110111100000111010010
00000000001000000100111111101100
00111010010111100011100101111111
00000000011100000101010111110010
11111010111010000011010110111100
00000000001010110100010101010110
00001111100110011101110001100101
00000000011100000011010110100010
11110100100011010010011011101000
00000000000001011010110110111000
11100101100011110110010011001101
00000000011110011000101010111001
10110110001011101001001010100101
00000000001100011010111001000011
01100111100111000011110000101010
00000000001110101111101111101101
10101001100000111001000011001001
00000000001110110001010101010111
01000110011101011110111111000010
00000000000100100001101000101100
11101001100101100101100100111010
00000000010100111110010011101000
11101110010101110111100000010001
00000000000111000000011010100101
00010101101010001010000011000111
00000000001110110010001100101111
00001111101001000010111101011111
00000000010011000100010111110100
01101000100110010001101011100100
00000000000101010011001010010000
01010001111010000110001001010001
00000000010010000010000000111001
11001101100111111011001100110010
00000000011010001010011110001101
00010000000111010101001000011101
00000000011101100110111101111001
00110010110000011001000000000010
00000000000100101111100100111010
01110001100111110000011001001100
00000000000001100101001001011010
00111100000000011101000001000100
00000000000001000011000011111111
11101001100010010001111110001001
00000000000101010111011010110010
00110010110101111001000000110000
00000000011001000010001101001000
01010001110110010100010110110101
00000000001001100111001010010100
11101110011010000101001011001110
00000000011110001010011110011100
10010001100001011011000110100101
00000000010000110010010111001100
01101010000101001011111011001010
00000000010111011101110110100111
10111010100001111111110010110001
00000000011100010100000000000100
10000001110001110001001110010010
00000000001100111000101010001111
11000011001100110100110001001011
00000000001111100111100111100101
11010000001011001011000001000111
00000000000101111111010001010001
00010111000110010111110000111000
00000000001011110011000111010000
01011110100111001001110111010100
00000000001101010110001011100011
00101010101100001000001000101100
00000000011011011011000010100100
10000011010110011110110101111100
00000000011011011110000000010111
00111010101101111011111011000001
00000000000101001101101100100001
10110001111111000001010000100111
00000000000010101110001001000100
11101111000000100000010100001110
00000000010100000001111011000110
11111101111100000010100100001011
00000000011011001000110110111011
11011110001000010100010100010110
00000000001011110110011010001111
11101111000100101001011010011111
00000000010101101110001010001110
11010101001101000001101010100111
00000000001010100110111100001001
10100001011110100010001000001111
00000000001111101001100100111011
01100000010110000001100001101011
00000000000010100010100001100111
00101011101100001001100010010010
00000000011011001100101001000010
10110111111101111011010111101101
00000000000001010110010000101110
00101111101111100010101110100101
00000000001110000100111000101110
11111001001110000111111000111011
00000000010101011100101110010000
01011100000010111100110110000010
00000000000101000011100110011000
10111101111111110000101101101000
00000000000100110011100011000101
00010100100000010010011001011100
00000000011110110101100110000001
01111111000100001110101100011010
00000000000101001011001100001011
01100101110000101011101010010111
00000000011010010100100010011100
01000110011110111001011101101000
00000000010011100101001110011100
00010011000110100110001110000100
00000000000100110111001011110100
10100110101010111110111001110011
00000000010010010101011010010011
10111000100010111011100001111100
00000000000000000011110000110111
11000110011111101100001010011011
00000000001101101111001011111101
10001101110110111100001111001000
00000000001111000111110001101000
00001000111111100101011110011011
00000000011011111100111010100100
11110010010010100101101001110001
00000000000101101010100010000100
01001010101100100100101100001011
00000000001110101110011000010100
01101011011101001100101001100101
00000000010111001010100111111100
11111110010110000011001011000110
00000000010100000001011110100010
11100011010011001010011000011010
00000000010010010111001011001110
01010110100011000011100101110010
00000000001001101001100100000101
11010111101101011100100001111111
00000000000100011000110001001011
00110101111110010110110101010001
00000000001110100110110000010001
11010110101101100110010100101011
00000000010111111001101001110110
11100010110001001110111011001111
00000000001111011110001001010000
10101110001001110100000011001100
00000000001100010110100100101101
10000101001111110000001100110011
00000000010111001010011000100111
11111001101101101110100110100000
00000000011011110000100110011101
11111000111010100000101001001100
00000000010001000101100000100110
01110111011110010010111101000011
00000000000101101001011010101111
10000010000010010101111101110111
00000000000000110011110010100100
11111011100001111000011010111110
00000000011001100101011110000001
01011000001000011100000010111011
00000000000010011100101000111110
01000011000100100111101010001101
00000000010010100101000000101010
11000000110010100001100001101110
00000000010010100110111000010000
10001111101001000011101001110011
00000000000110110101001001100111
00110111100001101101010111011011
00000000011100100000111100111011
00011111101001110110001000001110
00000000000110011111000010010111
10111100000101100011110110001011
00000000010111000000000000000011
01010101110111111010001100001100
00000000010000011101010101100111
01001011100000110101000000010111
00000000010000100111001001000001
01110110110010101001110000101101
00000000010000111011001100011100
11100000110101010001001000100011
00000000010011111101110011010011
00010011000010011000111011110101
00000000001001101111101110001101
01000101001111110100010101011001
00000000010110000001111001010011
10011001000000111000101010111011
00000000001110011001011110110011
01001110001100101111111100110000
00000000000100101001010001011110
10110100110110011001001001100111
00000000000000111100000000001100
11010010100001101011001010101100
00000000010001011111100110110110
00001100110110010101000101101100
00000000001011111010010101010000
10111101000101000000001001011001
00000000010101011110110100100110
10011010111011010101101001111001
00000000010010101101010010110110
10001101111000101111111111011101
00000000001011010100110011010011
01001111110100111100100001011001
00000000001100000110101110001110
00010000100101101100100001001000
00000000000011101100101010111001
10101000010011010101100011010010
00000000010110000010010111011100
11000010000111110010101111100010
00000000001011010011101100110011
00110000010011000010111001010011
00000000000111010100100101101010
10110000001000111001010101111010
00000000011110101000011111000101
01101111010100100101101000101111
00000000011001000100011001101010
10010011111100001011110101000101
00000000000000101111111111101011
11101101110000001101111011111011
00000000001010100010101011010110
10111110111100001100100011110000
00000000000011001100100001011010
11101111100101011111010101110111
00000000010010110111100011110111
10110000101000110010110011011011
00000000010100101010101011110001
11000101100110100001011111110001
00000000010100000011001011111111
10011101110001001011111001110111
00000000011001011001001010101001
01000000001001011110011001011101
00000000010000101100001000101100
11010110010101101010011010101111
00000000010111000000000111000111
11101010011000000110100001110111
00000000010101011011101100100111
10111001110100101000010000001111
00000000010100001101100100000111
01100100100101011110100100001111
00000000001101010010111111001110
00000001101011110100001001011001
00000000011100110101010000001100
00110001000010011000011110100111
00000000011000000011100110111011
10001000100010100011111010010001
00000000000111000011111000110101
00010011100001000010101100011011
00000000011001101010000101001011
00101000100001011010000011000111
00000000011000001100001000110111
10001001101001011000100000101111
00000000000011011110001111100001
10011011110001111001101111100011
00000000010010000100011000000100
10100001000101100110101000011000
00000000011011111100011000000000
10001100011011101001110110101000
00000000010000100011100101110111
01010010011110011100111011001111
00000000010001011100101100010110
01011011001111000000110010101011
00000000011100111110001011100001
00001001001111100011110100001101
00000000000110111000000101011100
10100110001101101111010100011110
00000000011111011101110010101111
11110000111111011001111000111000
00000000010011001011011001100111
01000000001111010101010110101000
00000000000011001011001011100010
10010011011101010111001000100000
00000000001001001011001011101100
00101011101111011010110011011110
00000000000101111011010000000000
11111101001010000010011001001100
00000000000100000101000100011100
11111100110011100001101100001111
00000000001101011111010100010111
11100100011100000111101110111110
00000000001001000111101100100011
01100101011010000001011010101010
00000000010101010001100111000110
11111000010010111000110000010001
00000000000101010000100101101111
10100110001111010100110101111111
00000000011101100000010101110001
11100111001000111110100110001100
00000000011100011011111111001001
01000111000011001001010110101110
00000000011101101110110110001000
10100101111111110101101110001100
00000000001111000110011100100100
11001010101001011111000010000100
00000000001000101010111101100111
10111000101110101110110100001101
00000000010011110111101011010110
00101101010110010000001100110101
00000000001110100110011000000010
01101001011011100000101010100000
00000000000100010010111011011000
11111000111100101100000001000010
00000000011010110001000111001001
11100111010111001111101000110110
00000000011000101001111101110111
01101011101011011011001010000100
00000000011110101001100011100011
00001000100010001011111001010010
00000000001001110010111010101101
10111001000101110101101100110110
00000000011010000111010100111111
01111111001100110000100000001101
00000000001010000001001101000000
11100100111101100101011001100011
00000000010111011000101101110111
11011110011111001111110110100100
00000000000000110101100111100011
10101100010001000000101101101000
00000000010011110001101011001011
10010110110001100000011011001010
00000000001111011101110101101100
00001001010100110001000101111101
00000000010100100000000001010101
11000110111000110001111011001011
00000000010101111001001010110000
11010110010101100000001000011111
00000000001110000111101100010111
00111001001011011011001000111001
00000000011110111100100101000100
01101010111001110110100011111101
00000000011111101101001101010110
10011011010010100110100011101000
00000000000101000100101010000111
00100111000101011101011000100111
00000000000011011001110110000000
11011111101000100110010001001001
00000000000101110001111011101111
00110101101011011111110101011010
00000000010011100001100001011100
11001101011000010001110101000001
00000000010011001001011100110000
10010101101101010111111000101110
00000000001011011000100010001000
01111100010001110000001011000001
00000000011000101010101100100010
01001110000000011110001101001010
00000000000110011000100110011110
01110100001010101110011111010101
00000000011010100100110101110000
10000001001000100101010100101010
00000000000111000011111101101111
11010100000011001101101110010010
00000000010110110100011101100111
00000000101101011111000001000110
00000000011101100010000110010001
11000001000100100110000001101011
00000000000111011010000000011011
11011010000110010011011100100011
00000000000011001100001111101000
10010011110100111101110100000010
00000000000001000101101010101100
10100001001000011100110111001011
00000000001000001010011100111000
01101111111000101000100010001101
00000000000011100110101011100001
01000100000010001111001001001100
00000000001101011100011001100001
10110100001010000000001111101010
00000000010111111001000110000100
10011111111010100000011010111101
00000000001101010100001000000111
11010010100010100011101000101011
00000000001101011100100000101011
01001011011101010111001101110110
00000000001100011101001010100111
11000110110110011100100110000101
00000000010101110101110110111001
11111010000000010110010100001010
00000000000011010111100101011101
01100011111111001110011110111101
00000000011010111110011011111001
10110110011100010000000101010110
00000000010110000011010111001001
01001100110111110101000101001110
00000000010011101111110000010010
10110101010011000001110101110101
00000000011010001111110100001010
01100011111010100001101011001010
00000000011101000111001010001111
01111010111011101001011101001111
00000000010110000011111110000110
01011011011111000000101110111010
00000000000100110010010010011001
00000001111011111001011011001010
00000000001010101111010101110000
11010101100101010101100110010011
00000000000000010111100010011111
00100111011011011000011110011111
00000000011010010001101111011111
00110000110000111010010001000111
00000000011110000010111001100101
10010010111101110000011011001100
00000000010101101010100011100001
00000100101010000101010111100011
00000000011111100011010000000101
11001101000100111111100011001011
00000000010010100011010010011101
01110011001111110001001010001111
00000000010100011101101111010011
11110111010011001011001001001100
00000000001100011100110001010000
00101001010100101101100000100111
00000000011011111000011110011001
10001000011111001000100101001100
00000000000000100011111000000001
00110110110011111100101101110100
00000000001110110101101111000001
01000110011101110101110111011101
00000000010110100100011100101010
11000000101111101010001111000000
00000000001100000111010110001000
01110000111001000111111100010000
00000000001011000100111000100111
00010100111101101001010001100011
00000000001001000110011001101010
01011000001110110010000010001001
00000000000000000110100011110010
10101001010111000100100100100101
00000000001100011101111100101111
01101011100011010011110010000011
00000000000101110111101000011001
10010000011101100010111110011111
00000000000010111101001011111001
11001101000100111000111000110100
00000000000110100111011100011111
01100110001000001101111000111000
00000000010011101101001111100101
11001101010110001100101000010000
00000000000001010001001000001001
00001000111110011111100000100111
00000000011101110110101110110111
11111001110011001010110001011000
00000000010001100000000100001010
00010010000110010111101111111010
00000000011101100101111111110011
10110101011110011010010110101000
00000000010010101111011000101011
11111101110110101100010101101001
00000000001011101101111001101111
11101100110110011111011000100101
00000000001110001100110110011000
10110101000101110001000110110011
00000000011100110101111011111010
10010011111101111010111101000001
00000000001011110000100111101001
01001001110001010000011100100011
00000000010100101110000101111001
00111111000100110001100000001111
00000000000000010000001011111001
01001110011110111111001001100110
00000000000011100101110001001010
01100000011111001110100000110110
00000000000011110011001000100010
10110001110111110100111111011111
00000000000101110010111100101011
11100110011010111011010101000000
00000000001000001011001110000101
00001100000110011000000001111101
00000000011101110101111001100111
11011010000001011101111001110100
00000000001111101111001100101101
00000011101110000100011011011011
00000000001011111101100011101111
10001011000010011010011110000111
00000000001010000111000001111010
00000100011111001001001011111111
00000000000001110111000110110000
01111010000111110111100000010101
00000000010001110100111101010000
11010110100001001001001101001101
00000000001001010100000111010111
11000110011001111101011010011111
00000000000111101101001011001011
00101000001101010000001100111000
00000000010100010011100001010011
10101001011101000100111100011100
00000000000001001001110110101101
01011110001100001111001111110010
00000000011011001110100001101010
11110111001111100101101001101010
00000000010011110000000011000100
10011110110010100010010111101101
00000000000101100100111100110010
01111011001110010111110000001001
00000000010000010111011001101010
10101110100001001111101010101000
00000000011010011000000110010111
11010010001110110000000101000001
00000000011100001001101000111010
11001010011000110111100010010111
00000000000011111000100101011011
01010011101101101000001101011001
00000000011011111100111111110100
01000100000001000111011100100101
00000000000110111101110110001010
00001111110111110111000000111000
00000000010111011100110110111100
01011000111011100011001101110110
00000000000011000110011111001110
10101011000000100111100101100000
00000000001000111110011011011100
10000001110101001000100110100010
00000000011001101000010011001011
01101100101001111000001000110010
00000000001110001100001110101110
01110010011100110111110010001000
00000000001010010010111011011110
10000100101110100000000111100001
00000000010011110110001001000000
01111101101000100111100110011111
00000000011100101000001100110011
00000000100101110110101010101101
00000000000010001001011010111101
01100110111001111000001001010001
00000000001011000011101000010010
10000011101101010000011101000111
00000000000011000110111001111010
00010011100001011110011011011100
00000000001001001010101111110100
11101011110111101111010110011011
00000000011101110001001110101111
11000010000001111110110000100111
00000000000001110110111000010011
01011101001010110101111101001011
00000000010000100000101001100101
00101001000101101110110110100111
00000000000011001000110101100010
01110101110000010001101100010101
00000000000010111011100011001110
11000110001001000000000101100010
00000000011111001111100100010010
00110100001110000000010010001111
00000000011101000111110010100101
01011001001010111111000111011101
00000000011010111001001110000110
11111110100110111110011001010110
00000000011100001100000011111100
01000100111000001011001001111111
00000000011111001110011011101011
11110001111100101010100010010111
00000000000100011001101000011010
10101000010100110011011110010001
00000000011110000000100111010110
00001101001010110001101100110110
00000000011101111000011110111010
00111100111001001001111110001110
00000000011000100110000011000110
11110100101011100001000110110110
00000000001111010111111100111000
01111100001110111000001100001001
00000000011000110011101101101011
00001001110101000010010011101111
00000000010100110100001001001101
10001000101011100001100010110100
00000000011110000101100110001100
00110101001000110010010000010111
00000000001110110001011001111000
00000100100110011011101100000011
00000000001101110001111000111101
10011011100110100100001100101101
00000000001001001000011111001011
00100010101110111010010010100000
00000000000001010100011111111111
11101111011000010100010100000001
00000000011010101011000101110101
11100001011001000110111101101001
00000000001100110110110011110011
11000100111100000101000010001100
00000000010100011010100011010010
10011101010011000000111011111001
00000000011011001001000010100110
01001101000100000010111100010000
00000000001100111111000000111001
00010110010010011101110011010010
00000000010001001001010100100110
10110000100011101110111100101110
00000000000001110101000101000101
10100010011110001011000011010101
00000000010101110110000011011000
11000100000110000110010110000110
00000000010100011110101101000001
10101110100001001110000100111000
00000000000000100101001111111111
11010001110011101110010010100000
00000000010100001011010010100000
10010101011011100100010001001111
00000000000100001101110111011101
00101110000011001000101000100001
00000000011000100100100001100001
01111000101000100100110100110100
00000000010011110100011111001100
00001111011100001101000101101100
00000000011001000010010000111000
11011000000011100110001011000101
00000000010111101100111001011000
10001010010111000111000010110011
00000000011000100101001110110000
10101100010001011010000010000010
00000000000110000101101000010100
11000010111100101111110000110101
00000000001001110011011010000100
00001001001100101101010010010011
00000000011110111111010100001110
01101111101100110000110001110000
00000000000100000000010110011001
00010001001111010000010110010101
00000000001000001001011111011000
01100111010111000010101101000001
00000000010110001101110000011110
00110000010100111010110111101000
00000000000110110101111110111100
10101001001001101010011100110011
00000000010011100011101101101001
01101010110001000111000001000101
00000000010000111110110000011010
00101011001010100111100010110001
00000000000000010111001111101001
01010001110110111001000010101000
00000000010101001000101010010011
00010100011111000100110111111011
00000000011100001010010111100100
10001010100010011110011010101000
00000000001100010100111101111110
11010100100010110100100011010111
00000000011000100010011001000011
01011000100010110111110100000011
00000000001011010110111001010011
10001101001111011100011101101000
00000000011111111100000101100101
10100010000010010011110101010010
00000000011111110001110001110111
10110111011000010111101100001101
00000000000011101100111111000101
01110100001001010000101100111101
00000000010100110001010110100010
00110010110001110101000110001001
00000000001010000010100110001100
01100001111111110010010001011111
00000000010110110110110001110110
10001100000100111001101110111100
00000000010000011101101010011010
00011100010011100011101010111111
00000000001000010100011000001110
11001111001111100110111111101000
00000000000101010110100111010110
10011011111011110011101110101111
00000000000011001111001110101100
01110111011000110101001110001100
00000000001101100000110011011001
01100100011111110000011100000011
00000000010111110111011100100110
00011000011011001111111100100101
00000000010111001001011111110110
11110000110111110110110111011000
00000000011100001111100011001011
11001011110110010110001111100101
00000000011010101111011111111100
10100010100000100111100010011110
00000000011111001100010111111001
11100111111001011110001001000111
00000000011100000011011111100000
10001000100111101110110001100011
00000000000011000001011011000100
10110010000000011011000000110010
00000000001000101111011010000010
10001010111100011110100010111100
00000000011100000011110100111110
01000100100010010111110100000011
00000000000100001101011000010110
00010111110110000010000010100000
00000000010001101001100110010010
01100010110000111000010110000101
00000000001001110110100000010111
00101001110100011110111110000011
00000000010110100110000111111111
00100101111000001000010010100111
00000000010010110101000111001111
11000101110010110011000101001110
00000000001000011100001100010100
00011011000111010111010111101111
00000000011010100100101110110111
00110100110101000111111000000101
00000000001101001001000100101001
00100110100000000100011100111110
00000000011100101011000111110011
00110010010100011111011011111111
00000000011010111110010001101101
11111000000000100100011101010100
00000000010110101101000110001101
11001101000101110010010100000011
00000000011100110100001111110110
11001100101100011111001001001111
00000000010000010101001111001001
10000111001011111001101111000111
00000000011111110100001010101100
11010010100001001111111111110001
00000000010000110110100111100000
11010111000101010001100011001010
00000000001001100000110110011100
00010101101001011110000011110000
00000000010000100011000111011011
10001111000101011001010010101011
00000000000001010011110101001011
11111100001010000111001011000000
00000000011000110110000100010111
01110101110100000000101101101000
00000000001000010010101111011110
01001101001001000111110000100000
00000000000110110000110011010010
10011011011110100011011011101111
00000000000010110101011101110101
11010011100101011011010101110001
00000000010001011011100101100001
01010001000000010111000100111100
00000000011011000101010001110101
00001000101110010100000000101110
00000000000101110001001101110011
11001010100001110110101100000001
00000000010100101010001011101110
01000001110000000010101000001011
00000000000011001110010001111100
00110011011000111101011100101011
00000000001011101001101101111110
11010101111011000111011010100111
00000000010111001100100100110101
00011010111101100100001111011001
00000000001111100010111100110100
01100111101101100111000000111000
00000000010000111011100010100101
01100011011100001101000010001110
00000000001111100001100100001100
10101000001100111001100001010110
00000000010000010110000000010011
01101111011101110001100100111000
00000000000011111011000001100111
01110111101010010100011001001010
00000000011010100111110000001010
11010001010101110100011000111110
00000000001000010100000101110110
11010110111001101001001110001010
00000000010001111101101100010101
01000010101100001111001100101100
00000000011011101001101100101000
10010011111010001010001101011001
00000000001000000110110110111010
01010011010001011001110100111010
00000000010111110100111110000000
00000001100111010111000000100100
00000000010111011010011101111001
10011001001110111000010011111111
00000000000011010010001101001100
11000010111000001001101011001001
00000000011001100111011010011110
10110100000101010111000100111100
00000000011111000000111100101011
00010011010101111000100011000100
00000000010000001001111100111111
10001000111000100010000000100001
00000000010001011110010100001000
11000010000001101000100101010110
00000000000110001110001110001001
10101000101101111111101110111011
00000000001111010011100100111011
11001111000100010000110111000110
00000000000100001010100001000111
00101100011000110110000011011010
00000000010010011100111010000011
01111000000000001110111110000100
00000000010100000010011010001001
01101111100000000100000011000100
00000000011101011100010000000011
10011100010110110001000010001101
00000000011110110100001001000001
11101001011111111000001111010000
00000000001011011011101010000000
00000001101101001100010000101101
00000000000110000010101110011011
11000101011001000111111000000001
