01111111110000000000000000010011
01111111110000000000000000010011
01111111110000000000000000010011
00000000101000100000001101010011
11010110010100000010100000100111
00000000100011111000110001010011
11000000100100000010110000100111
00001000100011110000000011010011
00110010110000000010001100000111
00001001001010111000101101010011
00010000110000000010101000100111
00000001110011011000001111010011
00000001011011010000001001010011
00001000001111111000001001010011
11010101001100000010010000100111
11011100111100000010011000100111
00000001001111111000010111010011
11110100011100000010001000100111
11111011110000000010110100000111
11110111000000000010110100000111
00010000001000000010010000100111
00001001110010111000111011010011
11101010010000000010101000100111
00010000100000000010011110000111
00000001101010000000101011010011
00001000010010000000100101010011
01010000110000000010111010000111
11101000110000000010001100000111
00001000100001011000110111010011
10100111100100000010110000100111
00010000100000000010010100000111
00000000010110000000011001010011
10000111100000000010001100000111
00111000010100000010100000100111
00000001010101111000010111010011
01101011101100000010001000100111
00001001011011100000111001010011
10111010110100000010010000100111
00001000000000011000011011010011
00000001010001110000101101010011
00001000000110000000010111010011
00011100100000000010001010000111
00110011010000000010000010000111
00000000111101111000011111010011
00001000001101101000001101010011
00000001111000101000101011010011
01100000010000000010100100000111
00000001010011100000010111010011
00000000010001010000100101010011
00001000110000011000010011010011
01101000000100000010101000100111
11110011010000000010111100000111
00000001001001011000101001010011
00000000000101000000111001010011
10001110110000000010010000100111
10111010010000000010011000100111
00101001100000000010100000000111
00000001101000000000100011010011
00010001001000000010100000100111
00101101000000000010100110000111
00001001010110100000000101010011
11001110011000000010101000100111
11001101110100000010110000100111
01100010100100000010100000100111
00000001011101111000100111010011
00000000000111110000111011010011
00011010110000000010111010000111
01000101010000000010111000100111
00011000100000000010011000000111
11101011110100000010111000100111
01111110100000000010100110000111
01110000010100000010011000100111
11010110010000000010000110000111
11000011000000000010100000100111
00001101110000000010100100000111
00001000011001011000101001010011
11000101110000000010101110000111
00000000100001111000010111010011
01100010000000000010010000000111
11001000110000000010000000100111
00000001100010111000110111010011
00001000000110011000001011010011
00000001100000011000011011010011
10111000010000000010010100000111
01010001000000000010011000100111
00000000100011000000011001010011
11010010101000000010100000100111
10111011111100000010011000100111
00000001111101000000000101010011
11101111110000000010010010000111
00000001011110000000010101010011
11000011111000000010001000100111
00000000010001000000011111010011
01100001011100000010011000100111
00001000100101100000010111010011
00000001000001110000001111010011
00000101001100000010110000100111
00111001000000000010110100000111
00000001010101100000100101010011
00000001000111110000010011010011
11001011100000000010000000100111
11111001100100000010001000100111
10110000100100000010111000100111
00000001001010110000110111010011
00000001111011110000110011010011
00000001100001110000001101010011
00001000011100111000100001010011
01110100010000000010100000000111
10001000010000000010000000100111
00001001000010001000101111010011
10101111000000000010110110000111
10100000000000000010001110000111
00001001001000100000101111010011
00000001110111001000101011010011
00001000111111111000110011010011
00100000111000000010101000100111
10000010100000000010011100000111
00001000010101111000100111010011
01010011111100000010010000100111
01000011011100000010000000100111
00001001101010001000101011010011
10001111100000000010001000100111
10011000110000000010011010000111
00001001000110000000000111010011
01111001110100000010100000100111
01101000010000000010111010000111
00110101111000000010111000100111
01100111110100000010110000100111
11001010100000000010110100000111
00011110100000000010011000100111
01100110010000000010000110000111
01111001110100000010010000100111
01011111010100000010100000100111
01100011110000000010101000100111
01101011100000000010101000000111
11000100000000000010000000100111
01011111110000000010011100000111
00000000100001000000011111010011
00000001100100011000010011010011
00000100010000000010000100000111
00101100101000000010101000100111
00001001000010011000001001010011
00000000010011101000110001010011
00000000100111000000100101010011
00101010000000000010101010000111
10101000110000000010110010000111
00001000011000001000101111010011
01100000110100000010010000100111
00001010110000000010100110000111
00001000111001101000110011010011
00000000010100010000110111010011
00000001101010110000010111010011
00001000100111101000110101010011
00001000000100000000000111010011
01010110000000000010101010000111
10000100010000000010111000000111
01110100111100000010001000100111
00001001100100010000110111010011
00100110100100000010010000100111
00001000111111101000110001010011
00000001101100011000010001010011
01110001001000000010001000100111
10011111001000000010000000100111
00111010100000000010111110000111
00010100111000000010011000100111
00000001001011011000110011010011
00011111110000000010011000100111
00001000000000001000100101010011
10011101000000000010000000100111
00001000011100000000001101010011
10101101000000000010001000100111
00111001101100000010101000100111
00111110100000000010110000100111
00001000011100011000001001010011
00000001111000101000110011010011
00000000100101011000100001010011
00001001101110000000101001010011
00000000111000011000101001010011
00000001011000011000110111010011
11100111101000000010001000100111
00110111100000000010100000000111
11001011000000000010100000000111
00001000000000001000100001010011
00000001101010100000100011010011
00000001110110011000101001010011
11111101101000000010111000100111
01100011000000000010011000100111
00001000010011000000110011010011
00000001011010101000110011010011
00001000000010101000100111010011
00000000111110111000100001010011
00011010111000000010111000100111
10101111100000000010001010000111
00001000100111101000011011010011
00000001001000011000111111010011
00001000111110111000100101010011
10001001110000000010101000100111
01010011000000000010011100000111
01010001100000000010110000100111
11101100110000000010100100000111
00011101010000000010011000100111
01011101110000000010011010000111
01001110000000000010111000000111
00001001110001110000111011010011
10100101000100000010010000100111
11010110100000000010111000000111
00001000111101110000110101010011
00000000110010100000010111010011
11110110100000000010011100000111
10110100001000000010111000100111
01001100110000000010011010000111
00101001101100000010011000100111
01001101000000000010111000000111
00001000010001000000101101010011
11111001001100000010111000100111
00101010110000000010010110000111
01100001001000000010100000100111
10110101001000000010010000100111
00001000010110001000000111010011
01110110011100000010110000100111
10010010001100000010110000100111
00000000000101110000011001010011
10011000010000000010000100000111
01111000010000000010001010000111
00000001010100010000100101010011
00001101011100000010111000100111
00100101110000000010100010000111
11001011101100000010000000100111
00001001001001011000100111010011
10110001011100000010100000100111
00000001010101110000001001010011
00001001110000010000011111010011
00001000011001001000010011010011
00000000110100001000000111010011
00010011111000000010001000100111
00000000011001100000001101010011
00000001011011000000001011010011
00001000111011111000011111010011
00001100111100000010010000100111
01111010100000000010101010000111
10001010010000000010110100000111
00000001100111000000010111010011
00001000010001110000110001010011
10110010100100000010011000100111
00001111110000000010101000000111
00000001001011100000110001010011
11010111100000000010011010000111
10010101110000000010101110000111
00001000011110001000010001010011
00111001000100000010101000100111
00000001101101011000110011010011
00001000110111011000110101010011
10111001101100000010101000100111
00001001000011111000110011010011
00100110011100000010101000100111
00001000111001100000011111010011
10000111010000000010011010000111
10011001000000000010011110000111
00001000000101000000010011010011
10011111010000000010010110000111
00001000100001100000011111010011
00111010011000000010111000100111
10111110110000000010110010000111
10001101000000000010010000100111
11110101010000000010100110000111
10111101110000000010001110000111
10000110001100000010110000100111
00000001101000100000001101010011
00000001101011000000011001010011
10110001010000000010011110000111
01011011110000000010010100000111
11000100101100000010000000100111
00000000111011101000011111010011
11111010110000000010011010000111
10101110100000000010101100000111
11010010011100000010101000100111
00000000000101111000101111010011
00001001010010001000100011010011
10111101101100000010011000100111
00001001001110010000110111010011
00111010000000000010010010000111
00001000000001101000011001010011
00000000010010100000111011010011
11001010101100000010110000100111
00001001110101111000110111010011
00000000001111110000110011010011
00010110110000000010000000100111
00000001111001000000100011010011
00000000010001110000011111010011
00001001110001101000010101010011
00000000110100101000100111010011
11101001110000000010010000000111
00000000011010111000101001010011
00000001000001111000011101010011
01010010000000000010010000100111
00100011000000000010100100000111
00001000111100011000001111010011
01100101110000000010100000000111
00011010010000000010100010000111
10000000110000000010010000000111
00001000100111011000110101010011
00000001000110001000001111010011
10111101001100000010010000100111
00000000011100010000010101010011
00001001110111010000001001010011
11110101110000000010101000100111
01101111010000000010000000100111
00000000001000010000011101010011
00001001011010110000110111010011
00001000100001101000101001010011
00111100110000000010110000100111
11010001000000000010011000100111
00001001111000100000011101010011
00001001000111100000011001010011
10001100110000000010110110000111
00001001111111100000010011010011
00001000000011001000111011010011
10101000000000000010000010000111
11100111000000000010011010000111
11011111110000000010000100000111
00000001010101001000100111010011
00000001100011000000000111010011
00101111011000000010100000100111
00001001010110101000010011010011
00000100100100000010101000100111
00001000011010100000001011010011
00000001000000111000010011010011
00111110000000000010101010000111
00101111111100000010110000100111
00100110100000000010000000100111
00001000010000101000100101010011
10100000010000000010100110000111
00101011001100000010001000100111
00001000011101011000011111010011
00001000110001111000010111010011
11100010000100000010011000100111
00000001010001010000000111010011
10011110111100000010100000100111
00001001111101010000010011010011
00000000011111011000000111010011
00001001011100010000000011010011
10000111110000000010011110000111
01000001010000000010101010000111
10110100000000000010000010000111
11011111100000000010010010000111
10110000010000000010011000100111
01111001110000000010110000100111
00000000010100000000001101010011
00000001110010101000001111010011
00000000111111111000001101010011
00000000110001001000101011010011
00001000011011110000011001010011
00110110100000000010100000100111
01110100000000000010100100000111
00001001010101110000000011010011
01111011010000000010001110000111
00001000001100101000010111010011
01100011110000000010001000000111
01000001000000000010100000000111
00000000110110100000110011010011
10001111010000000010110000000111
00001000110101011000110011010011
00001001111100000000011101010011
00000001101100101000110101010011
00001001100011111000001101010011
00110100100000000010011000100111
11110101000000000010010000000111
01110000010000000010000100000111
00001000101101101000001011010011
00000000100110000000010011010011
00000001011000000000011011010011
00001001101010011000001101010011
11010101101000000010101000100111
00000001000111101000011101010011
00001111111000000010011000100111
00000001011010011000111001010011
10111010101000000010001000100111
00110111010100000010110000100111
00001001001001101000100101010011
00001000001001100000011001010011
00001001011100000000111111010011
00000001001000011000011111010011
00000000011011100000101001010011
01010101110000000010100010000111
00000000110001111000111011010011
00001000101001100000111011010011
00001000110101100000010111010011
11011000010100000010110000100111
01011000011100000010011000100111
01011111001100000010001000100111
11010100010000000010111000100111
10100110110000000010001100000111
00001000100001100000111101010011
11011111010000000010001010000111
00001001111011110000100111010011
01001111100100000010010000100111
11111110101100000010010000100111
00000001111111100000010011010011
11111111100000000010101100000111
00000000101001100000101101010011
00001001101100011000111111010011
00000100110000000010101000000111
00001011010000000010111000000111
01111101000000000010010000000111
10111101101000000010101000100111
00001000101010111000111101010011
00001001110111110000110111010011
00001001111010010000111011010011
00000000100101011000011011010011
11111110111100000010111000100111
10001100111000000010110000100111
00000000101111110000111001010011
00000001001011001000111001010011
00000001111000111000101001010011
00010111100000000010101100000111
00100110110000000010001100000111
00000001100001111000110011010011
11000011100000000010110000000111
01010111000000000010011000000111
10100001000000000010000000100111
00001001011100000000111111010011
00001000001110110000000101010011
01110010111100000010101000100111
00000001000011110000111011010011
00000001101101101000011111010011
00000001101000110000101011010011
01011000110000000010011000000111
00000000110000111000111001010011
10000001111100000010011000100111
01100100010000000010100100000111
00000000101001110000000111010011
00001000001111100000111001010011
00000000011111110000110001010011
10010110111100000010000000100111
00001000101001111000110011010011
00100101000000000010001110000111
00000000000010100000110101010011
11101011010000000010110110000111
00111100110000000010111010000111
11010001111000000010011000100111
00001001011111110000100011010011
00000000011111000000100111010011
00000000000001000000110011010011
00001000011011100000101001010011
10000010010000000010000010000111
00000100100000000010111100000111
00001000101000000000101011010011
11101011101100000010001000100111
00001001001011000000100101010011
01010011010000000010010110000111
00001001001011111000010101010011
10010000000000000010100000100111
00000000011101000000101111010011
00000001010001100000101111010011
11010111010000000010010100000111
00010011010100000010001000100111
10101010110100000010101000100111
00000001011010000000010101010011
10111111011100000010011000100111
00000111110000000010100100000111
00000001100100001000011001010011
00001001001111110000101011010011
00001101011000000010110000100111
01101100010000000010011000100111
11011110110000000010110010000111
11101000100000000010110000000111
00001001001011110000000111010011
00010000000000000010011010000111
01100010000000000010111010000111
00011101011000000010110000100111
00000001111101010000101001010011
01010111000000000010000010000111
00000000000111001000110101010011
10001100100000000010100010000111
01011101011000000010111000100111
01110001011100000010000000100111
00000001110101011000100001010011
11101001010000000010101000000111
00000001011000000010110000100111
00000001001001101000011101010011
00110100100000000010101010000111
00000000111110100000100011010011
00000001101010000000001101010011
01110111101100000010001000100111
10010111110000000010110000000111
00001000111001100000011001010011
00100001111100000010101000100111
01011010100100000010010000100111
10011110010000000010000110000111
00000000001101011000100101010011
01000111001000000010000000100111
00000000000000001000010111010011
11111101011100000010100000100111
01011010110000000010110010000111
00000000100001001000101111010011
10011111000000000010001010000111
00001001000101110000101101010011
00010011010000000010110010000111
00001000100001111000001001010011
00100101010000000010101010000111
00001000110110001000001011010011
10101110010000000010110110000111
00001000001101001000011011010011
11100000010100000010110000100111
10000101000000000010100000100111
00000001110000100000100111010011
00000000101111000000110101010011
00000001000010011000100111010011
00001000111000111000110001010011
10000111110000000010101000000111
00001000100100010000010011010011
00000010100100000010110000100111
00000000001000011000111111010011
11000001100000000010101110000111
01001110001000000010101000100111
11110011000000000010100000100111
01001000000000000010010110000111
01000000110000000010001000100111
01111111010000000010001000000111
00000001000011011000010011010011
00001001011110100000000111010011
00000001000011100000001111010011
00000000010011111000101111010011
11101001000000000010101010000111
00001001111111110000001001010011
00000000010111011000101001010011
00001001111111101000011001010011
00001001101110010000000101010011
11010001110000000010110110000111
01111100000000000010010110000111
00011010110000000010000010000111
00000000110101010000110101010011
00001000001110000000010001010011
10000101111100000010001000100111
00000000000010111000101101010011
10110111000100000010011000100111
01011111010000000010001100000111
00000001011100100000011111010011
00001000110001001000001101010011
00001001010100100000111101010011
00000001101111010000111011010011
00000000101000000000001001010011
00001000000110001000010001010011
00001001111000001000111101010011
11001010100000000010100000100111
00001000011001110000001101010011
01100100100100000010001000100111
01100001111000000010000000100111
00000000100100010000010111010011
11101011000000000010101100000111
10101001010000000010110000000111
10000001100000000010001010000111
00000001000101011000111001010011
00001000011010001000010101010011
00001000101100101000011111010011
10100111110000000010001010000111
11110111100000000010000000100111
11101011100000000010101110000111
00000001001000011000100111010011
00000000100111111000101001010011
00001000111011000000100011010011
11011010110000000010010000000111
01000011101000000010111000100111
00010000000000000010101110000111
00111011010000000010010110000111
00101011110000000010000100000111
00000001110000010000110011010011
00000000001110100000100111010011
00001001000101001000111001010011
10100011100000000010100000100111
01011101011000000010001000100111
00010100000100000010101000100111
10001000100000000010011010000111
00001001110000001000001111010011
00110110010000000010100000000111
10101101010100000010011000100111
10011100001100000010000000100111
00001001100011011000110001010011
00000001001110100000110001010011
00001001110110101000011111010011
00001001011011000000111111010011
01100110110000000010001010000111
00000001011010100000011111010011
00001001111010001000101111010011
11011001101100000010011000100111
10001100111000000010100000100111
00001001011010001000000011010011
00110001110000000010001100000111
00000000010000110000000111010011
01000101000000000010010100000111
10001111000000000010111000000111
00000001101001010000100011010011
01010100110000000010111100000111
00010000000000000010110110000111
10101111100100000010101000100111
00001001001000100000110001010011
11010101100000000010000110000111
10100010100000000010001010000111
10011000101000000010000000100111
10000001000000000010001110000111
10100111010000000010011100000111
00001000110110110000101011010011
11001011100000000010001000100111
00001001011111100000101011010011
11110001110000000010110100000111
10011000100000000010001000000111
00001001000100001000001101010011
11101000000000000010011010000111
00000001000000001000001011010011
01111011010000000010101000100111
11000001000000000010100010000111
00000000001110101000010111010011
00001001010010010000110111010011
00000001000001001000100101010011
11001100110000000010100110000111
00001000111010111000100011010011
00001001010010110000001101010011
01101100100000000010101010000111
00001000100100110000001011010011
00000000110110000000101011010011
01110011000000000010110100000111
00111111111100000010001000100111
00000001000011110000001111010011
00001000001101100000011111010011
01101110010100000010110000100111
00001001000111111000110001010011
00001000011010011000111101010011
00000001011111001000000011010011
00001000001111100000001111010011
00000000111001000000110011010011
00000001000100101000001111010011
01010100110000000010111000100111
01011101010000000010110000100111
00000001010000011000101011010011
11001110000000000010100100000111
10011001100000000010100110000111
00001001110110011000001011010011
00000000000010011000010101010011
00000001011011011000001101010011
00001001100101010000110011010011
01001000100000000010101010000111
01101110010000000010101110000111
01001010000000000010011000000111
00001001000011100000100111010011
00011100100100000010100000100111
00001000010001101000010101010011
00000000110000111000010111010011
01101011100000000010011110000111
11000010110000000010100010000111
01000101000100000010011000100111
11001010000100000010001000100111
00000000100011000000010011010011
00001000010110000000000011010011
00000001001000101000110011010011
11101010010000000010101100000111
00000001101001110000101101010011
00001001111111110000010001010011
00000001111110010000111001010011
10100001000100000010000000100111
10100101001100000010100000100111
01000010010000000010001110000111
10110010001000000010101000100111
00001000001010110000111101010011
00001001110011110000110111010011
00000000010000110000000011010011
00001000001000100000110011010011
00110111110000000010101000000111
10111100000000000010010000000111
00001000111011011000001111010011
00000001100111001000110001010011
00001001010000001000010111010011
00101100000000000010100010000111
11110001010000000010100110000111
01100110000000000010001110000111
11101110110000000010101010000111
11110101101000000010111000100111
00111101000000000010011110000111
00000000100100010000111101010011
00000001110001101000100001010011
01000011010000000010101000100111
00001000111010110000111101010011
00111011000000000010010100000111
00000000101110100000000101010011
10000111110000000010101000000111
00000000110000101000001011010011
00000000100000010000001111010011
00000000101011111000011101010011
00000000110010110000110001010011
00101110110000000010000010000111
11011001011100000010011000100111
11101011010000000010001110000111
00001000111000011000000011010011
00000001001001100000010011010011
00000001111011110000010011010011
00001000001101111000101111010011
10100110110000000010001010000111
00110101000000000010100010000111
00101100100000000010000010000111
00001000000110111000101101010011
00001000011111101000101111010011
01011111110000000010110000100111
00001000101010011000110111010011
01010110010000000010110100000111
00001001010111110000100011010011
00110000010100000010000000100111
00000001101110001000100101010011
00010001100000000010100110000111
10011010111000000010001000100111
00000001111111000000001111010011
00110000000000000010011000000111
10001101110000000010101000000111
00001001010000110000010111010011
10000110000000000010001100000111
01101110000000000010011110000111
11010010100000000010000100000111
10110010010100000010111000100111
11000001010000000010001110000111
00000000101111101000100111010011
01110110000000000010101100000111
00001000010011111000010101010011
10010010000100000010001000100111
01100001110000000010000100000111
01100110100000000010101010000111
00001000011001101000000011010011
00000000111010111000010001010011
11100110100000000010100010000111
00001001111100011000110011010011
10100111010000000010011110000111
10000101110000000010100100000111
00110010011100000010000000100111
00001011111000000010001000100111
00000000100001010000011101010011
11001111100000000010110100000111
00000001101010100000100001010011
10101111101100000010001000100111
00000001100101111000100001010011
00001001110000111000010011010011
00111010101000000010110000100111
01100010110100000010001000100111
01010100100000000010001100000111
01010011100100000010011000100111
10111011110100000010010000100111
00001001010111101000011111010011
00000000010110110000001011010011
00111010101100000010111000100111
11000000000100000010111000100111
10110011000100000010111000100111
01010110101100000010111000100111
10111010100000000010111010000111
00001001110000010000101101010011
00001001110010000000110111010011
01011100100000000010101000100111
00001001010001101000001011010011
00000001011011011000100101010011
00000000010100111000001111010011
00001000100110000000111111010011
00000000111011001000011111010011
00100101000000000010111110000111
00001001000010101000101101010011
01111010011100000010011000100111
00000000101000000000011101010011
01000101100000000010100010000111
00000000001010101000000101010011
11010000100000000010011000100111
01010001010000000010011100000111
00001000111101010000011101010011
00100000010000000010000100000111
00000000110110100000100001010011
00001000011100010000001001010011
10101110010000000010010000100111
10001001010100000010000000100111
00001000011110110000101001010011
00000000110111011000010101010011
00001000100011000000101111010011
00101110110000000010110000100111
00000000000010000000101111010011
00000001111100101000101111010011
00010000110000000010001110000111
00001000001000001000110011010011
00001001101111010000110101010011
00000001000100001000100011010011
11001011000000000010010100000111
01101101100100000010011000100111
10111001011100000010011000100111
00000001110111100000110111010011
01100000100000000010101000000111
00010010000000000010000010000111
01111010110000000010001000100111
00000110010000000010010010000111
01011001010000000010011010000111
10110111110000000010011010000111
00000001011011110000111111010011
11110010100000000010000100000111
11110010110000000010000110000111
11101111000000000010101000100111
10000100110000000010010000100111
00101001000000000010010110000111
00000001010100001000100011010011
00001000000011100000100111010011
01011101100000000010001000000111
00000000101101000000111111010011
00001000111111000000001101010011
00001000000000100000001111010011
11010111000000000010000100000111
00001001010110001000000011010011
00001000000111111000100011010011
00000001011101111000111111010011
00110100110100000010001000100111
00011101001100000010011000100111
00000001011001010000001111010011
00001000100011001000101011010011
11101011000000000010111000100111
10100111100000000010000100000111
00000001000000000010110010000111
10011100100000000010000000100111
10001110010000000010100000000111
01001011000000000010011010000111
00000000011001001000110101010011
10010010110000000010111010000111
00000000001011010000000101010011
11011010101000000010110000100111
11011011010000000010100000100111
10011110010100000010100000100111
11101011100000000010110100000111
00000000011011101000101111010011
00001000101000001000001111010011
01101100001100000010100000100111
00000001100100010000100011010011
00001000010000101000001001010011
00001000100000110000000111010011
00001001110010100000010101010011
01010000100100000010110000100111
00000001100111000000011101010011
00000101111100000010000000100111
00001000101111101000111011010011
00000010111100000010010000100111
00001001111000101000111001010011
00000000101001010000011001010011
00001000010001100000001001010011
01011010001100000010100000100111
00010000100000000010111100000111
00110010001000000010000000100111
00000001100000100000101011010011
00001000110001100000110011010011
10000011000100000010001000100111
00000001010001010000010001010011
01011010000000000010001100000111
00100001101000000010101000100111
00001011001000000010010000100111
00001001110011011000010111010011
00001001101100111000000101010011
01110010100000000010000000100111
00110000110000000010010010000111
00000001100101011000111011010011
00001001010111011000101111010011
11010010100000000010001110000111
00000001010010010000011001010011
00010111101000000010001000100111
00000001001011111000100011010011
00001000111100101000010101010011
11010010011000000010000000100111
10101100010000000010010000000111
11110101010100000010011000100111
00100011110000000010001000000111
01100011010000000010100010000111
00001001111100101000000101010011
00000000100100110000000101010011
00000000101000011000100101010011
11100110111100000010100000100111
11011000100000000010111110000111
00000001101101000000111101010011
11001000000000000010100110000111
00000001010101011000110011010011
00110111101000000010011000100111
00000001100100100000010011010011
10110001010100000010110000100111
00001001001010101000111111010011
00001001000010101000110011010011
10110100100000000010000000100111
00101110100100000010001000100111
00001000011001110000111101010011
01101111111000000010010000100111
11000011111100000010010000100111
00000001111000111000001011010011
00010001110000000010011110000111
00001001110001101000101111010011
00000001111010011000111011010011
00111111100100000010001000100111
00000000001110010000000101010011
01100010010100000010010000100111
00000001000010110000101101010011
00000001100000110000010001010011
00000000010010000000110111010011
01100010010000000010011100000111
01010100100100000010101000100111
10010100011100000010100000100111
00111011010000000010100000000111
00000001111000000000100011010011
00001000110100000000111011010011
00001000100011000000101111010011
00000001010100001000000111010011
00000000101100011000111011010011
00000001110111101000010011010011
00100010010000000010101010000111
01011110000000000010010000100111
00001001001001101000001011010011
00000001000111111000001011010011
10010100100000000010000010000111
01010000100000000010111000000111
01101111110000000010111000000111
01110111010000000010110000100111
00000001000110100000011001010011
00011010110000000010110000000111
00000000000001000000001001010011
11001010011100000010000000100111
11100000000000000010100000000111
11011101010000000010000000100111
10110010100100000010100000100111
10101100010000000010100110000111
01100010100000000010110000000111
00001001000100000010000000100111
11101100000000000010010110000111
10110111010000000010111000000111
00001001000010000000110111010011
10001001000000000010000000100111
00001001000100111000001101010011
00000000101011000000000011010011
10010110100000000010010000000111
00000001100100110000111111010011
00000001010111101000010011010011
00000000111101110000101111010011
00001001000111000000110001010011
00000000010000101000100001010011
11011110000000000010010110000111
00001001000011011000100001010011
00000000000101001000110101010011
00001001111001100000010001010011
00001001011110011000010101010011
00001000011000000000001101010011
01000100010000000010110100000111
01110100010000000010000010000111
00111100111100000010010000100111
00000001100011100000011111010011
00000000111110101000111101010011
01111010110000000010001110000111
00001000010000010000011101010011
00001001100010100000000111010011
11110001000000000010101000000111
00001001010000010000111001010011
10100001000000000010011110000111
00000000100001000000011101010011
00111111110100000010101000100111
11101000010100000010001000100111
10110010100000000010010100000111
01000100100000000010110110000111
01100011000000000010011000100111
00000001111101100000111101010011
01101010110000000010111000100111
00000000010000000010111000100111
00000000000011100000101011010011
00000001111100010000010011010011
00000001001011111000110001010011
00011001001100000010101000100111
10011000010100000010110000100111
00001000100010001000000101010011
00000000001110001000110111010011
00010001101100000010000000100111
10001010000100000010010000100111
10111111010000000010100010000111
11010101110000000010010000100111
10101101010000000010000100000111
00001001001110000000011011010011
00001001011101011000101111010011
00000001101010110000000101010011
00000001010101010000111111010011
10010101100000000010100010000111
10011111000100000010001000100111
00001011110000000010001000100111
00001001011111011000101001010011
11100101000000000010101000000111
00001100110000000010010110000111
11001000100000000010100010000111
01110011110000000010101010000111
01111110000000000010000000100111
00001100001000000010011000100111
00001001101101101000001111010011
01100101000000000010101100000111
00000001101001100000101101010011
00001000111101000000001001010011
00001001100111001000001111010011
00001001110110001000111001010011
11111011100000000010000000100111
11011011100000000010001000000111
00001001000101100000011001010011
00000001010111100000101101010011
11010101000000000010101000100111
01111100010000000010010100000111
00001000000000000000100101010011
00001001001000000000010001010011
00000001000101110000000111010011
11000010100000000010111100000111
01100001100000000010111010000111
00001001110000011000011001010011
00000000111110001000010101010011
11110010100000000010101000000111
00000000101011011000011011010011
00001000001011010000011101010011
00000000100101101000101101010011
00100001110000000010010000100111
00000000001100000000100011010011
01010011110000000010100000100111
01000001101100000010000000100111
01100100010000000010101100000111
00001001010001011000110101010011
01001101101000000010101000100111
00000001000000000000101001010011
00001000010001110000001101010011
00000000111101111000101111010011
11100100111100000010011000100111
10010111111000000010001000100111
00000000110110010000010001010011
00010110000000000010010110000111
01101100100100000010111000100111
00000000000000000000000001110011
11100001111111011110001110001011
01011001100101110000101011111011
00000000010101111101010010111111
10110011001010110001000011100011
00000000010000101011000100001000
00110111000001100011100011100000
11111000010000101011111101000000
11001110100100101110111100110110
00000000001111101111110011010100
11001001100000000100101100100000
00000000000111110001111110100101
11011011111000001011000001000010
00000000010101010011101110111011
01010011011010100010101001011101
01100011000111000101111101000010
00000000000000110110010110000000
00000000001010001011100010011010
00110100100010111110010110000010
00000000011000101001010101101101
11000100011111101011111110110110
00000000001111000111111100001010
00011110010011000010001000001001
00000000001110101110100011001100
11101011001110100010011010100010
00000000001111001001011010110011
01100111111101110101110110010100
00000000001100111001101000000010
00000000011001001001010010101110
00000000010100100110100010000110
10110111010010000000011111101010
00000000010100101100101000000100
10111100101011011111010111100011
00000000010011010010001111100110
01001011111001100100101110000000
00000000000011111101011000100010
10111000001001111000101111010111
00000000010111111110100000101111
01010100110100100110000001101010
00000000010010100000101101111010
00110101000010111110010110000010
00000000000011111010010001101011
00010100101101100010010000010010
00000000000011110100101111110010
10011000000001110100000101100011
00000000000010011000110111110111
00110101101101101111111011100011
00000000000011111000111000011000
00110101000010111110010110000010
00000000010110001000010010110100
00011111100111000000101110011010
00000000011111100111000100111111
00000000100001011100101010000001
00000000001010001010110011010101
00011110010011011100100111000001
00000000000000000000000000000000
00000000000000000000000000000000
00000000010001000011001110000100
11101010101000010110001010011110
00000000010101010101011001111110
10011110111011000000110111100110
00000000011010110010001110101001
10001010011001011001110001101000
00000000010000000101110000000100
11010011111000000101101010001001
00000000000000001111101001000101
00000000000000000000000000000000
00000000001011101001000000010110
01111010010000100010000110001000
00000000001110101100101100000000
11000101011011000111110100010000
11110111010010011011000011101000
01100010100000011001101110100101
00000000010111011010000101011110
00001111011110001000110001101100
00000000000000001000101011111101
10111010111000000001101110010110
00000000001110010000010101001101
10100101010111000000000011100010
00000000000010110101010111101010
10001101111001111110001010011100
00000000010000011000111001100101
11100101110111000010011101010010
00000000001101110001010010011011
10100010010111101001110010000010
00000000000000111101110011001010
01100001111111011110001110001011
01111001000100100000111101110000
11000101100010101010100100110111
00000000000110101010000011010101
00011100011111111100000010101000
00000000011110000011110100100000
01101110110011001010011000111000
00000000000101110101001110010001
01001111111000011101101110001110
00000000001001001000111011011101
10111000101111010011011111111100
00000000001010011101111111010100
00010000011011001101010110001100
00000000001000001111011110001000
01111001000100100000111101110000
00000000001011001101111010101100
01101110000110010100110100011101
01111000010000011001010000111001
00001101000101100001110110010110
00000000010010110110000001011110
11101101100010110101110111000011
00000000010110110001001011000101
00010000101100000111111011110111
00000000011100100001010010111000
01111000010000101011111101000000
00000000000000001110010001011111
10110011111110001110110011000110
00000000010010111100101000000110
01110101011110011110111101101111
00000000000001111010101000000001
01111110100011110111100011111110
00000000011100011010011010110100
00000000000000000000000000000000
10100010010111101001110010000010
01111101100011100100010010111100
00000000010100111100001010001110
00101110011101000101000011111111
00000000011110110001001110110010
00101011010000001010000100111010
00000000000001100101110101101101
00000000010010001000011101111010
00000000000011101011000000111000
00001011010001011100011000011000
00000000011111011111001000111101
11110100001001110000001101000001
00000000000100011100000111000000
01001101010101100001001100010011
00000000001111110001011000001011
00011111111100111101100011001001
00000000010100001111111000100101
11101010111010000010100011111110
00000000010011000010101100110010
00000000011001110001111010001011
00000000000100100101101101011011
01101101111001010110010010010010
00000000010010010000110000011100
00001101000011110000110111011010
00000000000011010011010010101110
00110100100010111110010110000010
00000000000010100110000111101011
11101010101000010110001010011110
00000000000111111111011000011111
10110111110110010000101110111001
00000000010001101010010101000101
10100100001010001110110101110110
00000000011000110111110010001110
10010101011111110101011100100101
00000000000000110110010110000000
00001110000000101111101110101010
00000000001100011010010100101111
00000000000000000000000000000000
00000000011011110001001101010011
10001110111011100100110000011100
00000000001111100110001101110000
11101010011010011010001000001011
00000000010010000011100110111011
10001010001010110101001010000111
00000000011001110001111010001011
00010001111110101111011111111111
00000000001100101100101000011010
10011111110000110010000011111110
00000000001111010000110010111111
11110111001001111001010001000001
00000000011000001110111110101110
11001100100001000011111010001011
00000000000000000000000000000000
10001010101101111111000000101010
00000000010001001001110111000101
01010001101100101000011101111110
00000000001110101010000000101111
10001110011000110111011110000001
10000011101010111101000100111111
11000011001001110100001101010101
00000000001001111000100110000010
01111000011100000110100101111110
00000000011010110011110110010011
01011011111110100100110010101101
11111000010000011001010000111001
10101110011101000101000011111111
00000000000101101101001010011100
01010010011100100111001110000100
01100001111111011110001110001011
00111010111000000010010001010100
00000000000110001000011000000011
11110110100011111101111110100110
00000000011110101110111000010101
00101101000001010010011000111100
01101001011100101110100111010000
00000000001010011101110011010110
00000000010010100011110101100011
11100011111010101000111011011111
00010010011000001011101110100000
01110011011000110100000100111010
00000000010100110001000110011111
01000000000001101000001010100001
01100001011100001100010100100010
01110101000101011000001110010100
00000000011001001100011111111100
10101100111000110100111010000101
01110100001110100110001111101101
00000000001110101010000000101111
00000000010010110000110101110011
00000000001011111001111010101010
00000000001000110111101111010001
10000111000000101111110001010110
00000000001110000010100000101010
10110100111011001010110010101011
00000000000110101010011100011001
11001101000100011111000100101100
00000000011001010111010011111011
01100100100100011101110000100010
01100001111111011110001110001011
11100101010001000000001001111001
00000000001111100010011100111001
01000101011001100111001100000111
00000000010101101100000111001101
11010110111111110110111110011111
00000000000101001011011111111000
00100011000011011101110100100010
00101110011101000101000011111111
00010101011110001110000101111010
10000000001010011101110011010110
00100001101110001001000101001001
00000000011011011101100011100101
11101111001111011001100101100100
00000000010000111111000011100101
01110100100101011000001110010100
00000000000000000000000000000000
10100111110000101110000100001111
00000000000000010110111100000111
01001011011100101011101101010100
00000000011110011100011100000001
01101001101000101110011011001111
00000000011010010101000000111011
01100001011100001100010100100010
10000000001010011101110011010110
01101001011100111010101011111011
01110001001100011111111100001010
00111101111100101101001011101001
00000000011001110000010110111011
01110110000100001010110101110100
00000000001000101000000100100110
01100011001000011000011001110100
10000001000101101110000011011110
01001111000001100000000110111100
00000000000000111000011010110011
01100011100100011100100011100101
00000000001001011011001100110111
10111111010100001100010111001000
00000000001010010111100100001101
00011001001111100001001000000011
00000000001111000000100111101010
10110011110101001110101011111111
00000000000010001000011110010011
00000000000000000000000000000000
00101110011101000101000011111111
10110111111011111001000111101101
00000000000100011000010011001111
01111001000100100000111101110000
00000000010010001000011101111010
10111011110001000011111101010100
00000000000001101011011111110010
00010000011011000010110011001011
00000000000100101111111001101010
00000000011110110001001110110010
00000000011010000000001001101101
11111011100100001000100011001000
00000000010101110101000110001000
00110100110100010011111101111100
00000000000010100100101110000011
10100000110010011100111101011101
00000000001000000110100111010111
11001101111101011110011001001100
00000000001011111100111000011001
00001000111101100001110101010100
00000000001010110100111110110110
01101001100011110010110000001101
00000000001110110000111001000011
01010101000001110111001000000101
00000000011011001001011111100100
01011000111100111010100011000001
00000000000101111000010011010100
11000010100111110001100001011001
00000000011101010101100101000110
10111111100010001111010101000110
00000000011100111101000000100100
10100001010010110101010011100010
00000000001010101110100011100001
11100101110111000010011101010010
11100010111110010100010110100001
10011001111010010111111101000001
00000000001101001001001111100101
01100001111111011110001110001011
00000000010000001111111101100100
00000000011110110001001110110010
00000000000110000001110101011001
01010101000001001010110011110001
00000000000011101111100100101000
11111010011110010111110011001110
00000000010000111100111011110101
11111011110100010011001010111100
00000000000010000110010110100110
00000000001111110100101011101110
00000000011001111111111001001001
11011000010100000001000010100110
00000000011000100000011010011110
01100000011011010100011100010111
00000000011110000000101001010111
01001101101111101001000100000000
00000000000000000000000000000000
00000110101100100110100111011000
00000000010111111000100001010111
00111010000111000110111111111011
00000000010110000101100010111111
01101011000011110001011101101010
01111000010000101011111101000000
00111101110000010011100001011100
00000000010111001010111000011011
10111110001000010100001110001010
00000000001101010111101101111101
01000111001111010000011001110000
00000000001101111000100110110011
11100101110111000010011101010010
00000000000010000111000000100111
00000000000101001011011111111000
00000000011001110000010110111011
00000100011001010001111011011010
00000000010010101001100110100011
00100111100110110111001000110010
00000000011000011100001010000011
11111001011100110110111100010000
00000000000111001000101111100110
00010101001111000110011110100011
11111001000100100000111101110000
11010101000001000010100011101001
00000000010100001100000011001111
11010111110100100001010011100101
00000000000010011110010000001001
11011000001101100001000000100011
00000000010000110011101010101111
00000000000000000000000000000000
00000000011111000000010110010101
01110001001100011111111100001010
00000000000000110111011111111100
11101100111110111110000001101110
00000000001101000010010000011010
01011100100011110011110010001011
00000000010000111111011011100010
10110111100000011010111000100010
00000000011011001110111101100110
11110010011101011110000111101110
00000000011011010000010111101000
01010110001001011011100010110010
00000000010101110010110110101100
00100001000010111111011011100010
00000000011011000111100011011110
00000000001010011101111111010100
00000000011001011010100000100010
01100001111111011110001110001011
00000000000100000010101011110110
00000000001010011101111111010100
00000000011011000100111011000111
00111100110100101010100011110101
00000000000000000000000000000000
10111101110110011001000011010110
00000000000010111111100100100000
10100001110011010001011001000111
00000000011010011001101001111111
01010110010100110101001011101011
00000000000101010010011011010001
00000011010011011111101101100100
00000000011011001000100101100100
01110000010111101000101010001001
00000000011001001100000001101100
01111000110100101101000000001001
00000000011010000011111100101100
10110111010010000000011111101010
00000000011100111111101000111001
00011011000000001111111001001100
00000000011110010111010100110111
11100101010001000010010100001010
00000000010100100111010111100101
01100001111111011110001110001011
00000000001000100101101100010010
10010111110010000001111111010110
00000000000000000111000001111111
01101100110110000001001000101100
10001110111011100100110000011100
01100110011100011011011000000111
00000000011001100111111011001010
11100100110000111000000111010010
00000000010100101111101110111010
00111110000000100001100001100010
00000000010111001101111000011010
11110111101010010000000110110001
11110100001001110000001101000001
01100101001011110100011001110000
00000000011111100100101111111100
01001101001001000000000011101100
00000000000101000110011011100011
11011001001111100100101010011100
00110100100010111110010110000010
01110100001110100110001111101101
00000000000100110001000010010001
01111000010000101011111101000000
00000000010100010000110011010011
10000110110111011101101101110100
00000000010111011010100001011101
00101110011101000101000011111111
01111001000100100000111101110000
00001110011010011111101010111000
00000000011011001011111100111111
10000011101010111101000100111111
00000000010001000011001100110001
10100001010000011000010010111101
00000000001011000110101100000010
10001110000110011101100001111110
00000000000000000000000000000000
00000000110010100010000010011110
00000000000000000100101011010010
00111000110010011100101110010001
00000000000000000000000000000000
11010100101000010010001010101001
00101110011101000101000011111111
01101101001111010111111110110101
00000000001111001110001110001100
01110010111011111000001000010100
00000000001011111001111010101010
11110111010110011101011010100110
00000000010110110000000101010000
00011101011111100011110010110011
00000000001111011111110100001011
11110001110111001111101111111001
00000000010000100001011110111110
10100111000011110110010110101010
00000000001100011101001000011011
01100110111101011110110011110101
00101110011101000101000011111111
00011101010010100110110110001100
00000000000011011111100111010011
01010100101001111101000110110100
00000000001001000100010010110001
00011011001111101000110100100111
00000000000111000001110111100011
01001111010101101110101011101100
00000000000010110000100101101001
00100011000111101100000001011110
00000000011110011110100101101110
10101011111100010110000100110010
00000000001110111111001100001100
11011000001101100011101111100101
00000000011100100010001000101101
00110100100010111110010110000010
00000000000100011000010011001111
11110011001110101101010101001011
00000000011011100100110010001011
11100111000001001101010000011011
00000000000000000000000000000000
00101111000011011110100011110001
11100011111010101000111011011111
10111101110100101010010010011110
10100000010011011011010001110100
01100000000001011111001111010111
10010000011011100000000011011101
00000000011001110001111010001011
00000000001111000000010101010111
01001000101001001001000010010001
00000000011011001001111011011100
00010010011000001011101110100000
00000000001111110111100000010011
00001001111000111011000001010100
00000000000000110011010000101010
00000001001100100101000000010001
00000000000000000000000000000000
11000111100101110011001000011001
00000000010010101011111100001000
01110011111100100011000000011011
00000000000101001011101010110000
11111000001010101001101101010011
11011110100010100101100101110010
11111001000100100000111101110000
00000000001010100100111110011101
10100000010011010000110110100101
00000000011100111000101110110101
01011101101110000011110000010001
00000000011000100000000100100110
00101111111110011101101010111101
00000000000100000011111000110100
11101010010100001110110001111011
00000000000110010100011001011110
11101011110111100000001100111001
00000000011010111000010110100010
10000001000101101110000011011110
00000000000100011101000101101000
00010101001111111000001101110111
00110100100010111110010110000010
10110011110010100101000101011110
00000000001000000011110100011100
11110100100101011000001110010100
00000000000111101001000111101000
11000000011010011001111010111001
00000000011010100111111011010010
00100111101101000100101011001000
01110100100101011000001110010100
11000111000000111111000000001001
00000000000110011110100000111110
01100000100100001110100011101010
00000000001011100011001100110110
01001000001100100011111000111100
00000000010000111011000101110001
01100011000111000101111101000010
01001001011011010110110001001011
11111101000001100101110011000111
00000000010100000101101101011000
01111000010000101011111101000000
00000000010101011111010110101110
01101000101100010000001101010111
00000000011000000000000110110010
11110100100101011000001110010100
00000000010011110110011000110111
01111000010000101011111101000000
00000000000110101010011100011001
10010000001111101100011100011101
00000000010110110000111111100011
10001001111110100100010011101111
00000000000000000000000000000000
10010011111001111110000111000001
00000000011011110110001110100011
11100111001101101110101001111111
00000000011011110011101001110101
00000110111001010110011111010111
00000000011000101000110101111011
11100100001100100110100100000000
00000000001010010100011110110111
10001110010000000111000101001011
00000000011101110010010010001000
01001001100000010010110110000110
00000000011010001000110100110111
01101011011111111000010001111111
00000000010001010011111101001001
10101111011100001111000111000010
00000000011010001101111011000001
01010100110111100011111100000010
00000000010001110110001111111110
00010101111000101101000001101011
11111001011100110110111100010000
11100100011010101000111011100001
00000000010000001100011001000010
00100100010010110011010010111010
00000000010010000100110001111010
10101010111001111101111000001101
00000000000011100110001001011000
01110001101100010111001011110101
00000000001110100011100100111110
11001000101001001001000010010001
01100011100111000101111101000010
11001000000010011101001101111101
00000000001110001101010011010010
01100011000111000101111101000010
00000000001010011101110011010110
01010011000001011111101000100110
00000000000001010000111111011011
10010000011110011011111011101101
00000000000100011000010011001111
01001111101100101110011111101100
00000000001111001100110111010000
10110101100101100000101101011100
00000000001001001100001001011100
01100101110111000010011101010010
00000000001100110001111011111010
00000000000000000000000000000000
00000000000000011100101111100001
00000000000000000000000000000000
00000000000000000000000000000000
10110010000111011111000100000111
00000000000011011110111000111110
11000000010100011110001000111000
10000000010000111111000011100101
00111001111110001101010111101001
00000000001001111100000001000111
01010011111111100010001100010100
00000000000010011011101000001001
10111001111010111111001000110101
00000000000110101101101100100100
00001101000110111110111000000100
00000000010111111101001101110111
11100110100101001001100111111110
00000000001010101110110111101111
10010011101011100100011110100100
00000000000011000010011110100001
00110111000000011111010110000001
00000000001110101101011011101010
00000000011100111000101110110101
11010100101000010010001010101001
00001010001000101100001110010011
00000000011000111101101101000100
11111001111010100100111011110110
00000000000100111010111000100100
01100011000111000101111101000010
00000000010000010111101001101100
01111110111110001001101100100001
00000000010110010000011100001101
01011000111100111010100011000001
00000000001000010010111111011101
01000111110000101100001111111011
00000000001110101010000000101111
10010100111100111111011000100110
00000000011101011000100110101011
00011011101001110011111111101100
00000000000011111011000100000100
10011011110001110000100111101101
00000000000011000010011110100001
10100000001111010101000000111011
00000000000000101010001000000010
01011001101010011010010011011001
00000000001010101110110111101111
11110000100010000010000101110001
00000000001001101100000001011011
11101011000011100111100110111111
01100011100111000101111101000000
00110100100010111110010110000010
00000000001000110111100001000001
01100011000111000101111101000010
00000000010000101010111101110011
01111110110011111000110110011001
00000000000100000001101010111101
00110011000011001111000011000001
00000000000011111101011000100010
01101111000101111001010111011001
00000000010000011110110110110100
11001010011011011110110011000011
00000000000010101011110000001101
10000000100110100110110011101101
00000000011001001101111000011000
11110100100101011000001110010100
00000000000111011011010001001011
00110101000111000111101101110110
11010100101000010010001010101001
00011011110110101010111100001000
00000000010101111000111000110001
11111000001001011001010100100100
00000000000110001000110011100001
00101111001000111010100001111011
00000000000100011010001010001011
10010011111011100001000110110110
00000000011001011101100011010100
01111110000000001110101011111011
00000000010110111000000100100111
00110111001010001101001010001100
00000000010001000100001101011001
10100110101000110001100111010111
00000000000101011000011011101011
10011101000100010011100011010100
00000000001000101110100111100100
10110100010000111011101111001001
00000000011011100010000100101010
00000000001110110001111100011110
00000000010111011110101111010100
10110100100010111110010110000010
00000000011011011111111010111001
01110101011011001110010100010111
01100001011100001100010100100010
10000011110110111011101000101101
00000000010010110111011010000101
11100101100010010111010001111111
00000000001001111101000100101000
01001101100110011111001000010101
10000000001010011101110011010110
10000011100100010101000000100011
00000000010010010000001101000111
10111011110001000011111101010100
00000000010101110011101010000010
00001000110010000001010101111010
00000000000011101011000000111000
11101011111110111001111100001111
00000000010001110000011001111101
00000111100000000110001000111011
00000000001110010101110000000101
01011100101001011001000111100100
00000000011001001100011111111100
10011101101110111111000101011010
00000000000111100110000010110111
11110111010010011011000011101000
00000000000000110010110110100111
01101011001101100100001010000010
10111011110001000011111101010100
01101111101000000100111000111010
00000000000001000010100110101101
11100011100000100111001110111111
01110100100101011000001110010100
11101111011100110001111111111100
00000000001011001010000111100010
01110100100101011000001110010100
00000000000101011100001001100001
00000000000000110110010110000000
00000000010000010011001011111100
00000000000000110110010110000000
00000000001100011001101001001000
00111110111010001000100111000010
00000000000101100101001000100001
10111111100011111000000101011100
00000000000001110101011101010011
00001100100010000101010001101001
00000000011010101000010011011011
11111000010000101011111101000000
00000000010110111011001111000011
00001011011011001010010000111011
00000000010011100001110110010000
01011111101001000011001110000111
00000000001010011101110011010110
10111001010111100111100101010001
00000000001111110001100111001110
10010010001010101000010101011111
00000000010101101100000111001101
11001000010000101100010101111000
00000000001110110001111100011110
11001000100010101011100010011100
00000000011010110100011000111000
10100010010110010011110001111110
00000000000100011000010011001111
01111111000011110010000000101001
00000000010011001000101100010111
10110001100010010110001001100110
11010100101000010010001010101001
00000000001110110001111100011110
00000000011000111001110101101001
01111000110100101101000000001001
00000000001011001111111100010010
11011101010011101111001101110111
00000000010001101010010100000011
10111110101110011110010100011010
00000000011110001001000000100110
00000000000000000000000000000000
00000000011011100010000100101010
01010100100101100011011000110110
00000000000000010010101010101001
11101001011100101110011111001100
00000000000010001011000100010011
10010010100101000011000010101010
00000000011100001001000011010100
01111000010000011001010000111001
00000000011101000011011100100011
01100011100111000101111101000010
11100011000111000101111101000010
11011110110011000011010011110100
00000000011000110011000110100000
00000000000011011110111000111110
00000000001001001011111011010001
11111010000111100100110011100001
00000000010011101100110011000110
00000000011100111000101110110101
00000000010001101110011101011001
10101110011101100100001100110001
11100011111010101000111011011111
10100111101111100101110000000111
00000000010001011001001011011101
01001100111000001011010000000100
01110100100101011000001110010100
10000000000011100010011110100010
00000000001111011101100010011001
01100101110111000010011101010010
00111111111010001101000010010000
10011011110111011001101111111101
00000000011100010101001001000101
11100000001110000100100000110111
00000000001001000111001011111001
11000111110000100110110010110010
00000000010110001010001101100110
01101011000011100111100110111111
00000000011110100011010011000000
01110101011011100101101111110001
00000000011101010001010001001110
10011110101000111000000110010111
00000000001011001111111100010010
01000110010101110101100000110110
01110100100101011000001110010100
01100001000011001110101001001000
00000000011001001101010101000111
00111000001100111110110011000101
00000000010010001000011101111010
01001111111000011101101110001110
00000000011010100100111100000001
11111001010010100101011001000110
00000000000000000000000000000000
00000000001100110111001010010011
00000000010000101001010101011000
01111111010101110110011001011111
00000000000101010011101110110000
11110100010110110010100100101101
00000000011011110100000110100001
11111110100110111101110010100111
00000000001110001010000001111011
10001010110000100011000010101100
00000000011001100100110000000111
00100011010010011101001011100001
00000000011010000100001010010111
00101001010111010110000111000110
00000000010111101000001011110000
00101001001010001100100110011101
00000000010010100011001111110110
01001001011000011001101111100100
00000000011000000000011110111101
11010011100101110000001011001101
00000000010011001001101100001100
00010001101011110111000100011111
00000000011111111010011111011001
11010001000001010001001011100010
00000000011100001001010000011101
11110111101000101001000001111011
00000000001110111010100111100111
00000001010101110110101110110011
00000000001110101011011111011000
10100000010011011011010001110100
01011000001101100011101111100101
00100000101111110010100101011110
00000000011100000111011010001101
11010010001001000111110010000000
00000000011010000011011000010001
01110010011101011110000111101110
00000000001000110110101100011001
00100001000010001100010110111011
01100011000111000101111101000010
01010000101001011101100101010011
00000000011110100100000101110011
00001000000011011010001010000111
00000000000110100000000111001001
01110000100100111101110100111001
10111011110001000011111101010100
00001110000000001001011100100000
00000000001011010101010110110001
00000000011011110011101001110101
00000000001111010011010011110001
00110100111111011001111100010110
00000000011000010110111011010010
00000000000000000000000000000000
11100011100111000101111101000010
11110100100101011000001110010100
00000000000011100000111101100010
00110011001000001110111011100010
00000000000110000111110001100100
01110101100110111111001101000100
00000000001100011101100011011110
01101011100101010011100110000110
00000000010100111111011101000100
01101010011111101001111100111010
01110100100101011000001110010100
01001000000001010110110010110110
11100011000111000101111101000010
11011110100010100101100101110010
00000000011001001111100101010000
00010000011001101101001011110111
00000000000110101110110010001001
11001101100010011010011110110100
00000000001100101010100110011110
01010000110100101101011011101111
11100011000111000101111101000010
01011001111010100011001001000011
00000000000100111100101001111001
11011000100111010000100000110000
00000000000000110101001011001100
11010000111110101110000100110100
00000000010111100111100101001101
11101110000001111111110010011110
00000000010100100100001010111001
01000111001111010000011001110000
00000000001010110010010001000111
01110100100101011000001110010100
00000000011101000111000110001110
11111000110000101011111101000000
00000000010001010011001110100000
10100110011000111010000110111011
00000000001000011011110110001110
10001000001110110000010111011000
00111000110010011100101110010001
11011001111111001001010101001010
00000000010111011100011101110011
00000111101110011101011111001111
01111000010000101011111101000000
01100011000111000101111101000010
01100011000111000101111101000010
10000001110101010100011110011101
00000000000011101011000000111000
00000000000000000000000000000000
00000000010100101010010011000101
00010010011000001011101110100000
00000000011111011111111101000001
01100011100111000101111101000000
00000000001010101110110111101111
01100011000111000101111101000010
00000000011100100001101011101010
00000000001010011101111111010100
00000000001000000110100111010111
00000000001011111001111010101010
00000000000011000001010000110000
11110111100110100000001110011011
00000000010000100001100001010000
00110100100010111110010110000010
00101110011101000101000011111111
11100101110111000010011101010010
11111001000100100000111101110000
00000000000000000000000000000000
00000000001010011101110011010110
01111101000010101101101010001101
00000000010100001100000011001111
00110101000100011001000001000100
00110100100010111110010110000010
00001101110010011111000111010101
00000000000100011010111100111111
11101110111011100000101111010011
00000000011110101111110001101100
01100111010011101000101101001100
00000000011110001100010000111110
01101101010101011001111111010110
00000000010110110000011010000010
01001111111011101100010010000010
00000000000100010001110111111011
11010011001111111101110000011101
00000000001011111011010111001111
00000000001111011100000110101100
00000000001100110001000110010001
00110011111000110110101000000110
00000000001111011100000110101100
01101111110011001111011000100001
00000000011000101110101001111100
11101110111100101011100101110101
00000000001010011101110011010110
00011110100000100110001101001111
00000000000001001100000011110101
10001000011011001011100111111011
00000000000000000000000000000000
01110001011001111111010110111000
00000000011001111110011000001011
10110011111100111011101111001011
00000000001110011000111111100110
00010101000111000101011011101101
01001001100000010010110110000110
01100100011011000110110111010010
00000000001100000111000111110001
11011011110110111011011110110100
00101110011101000101000011111111
00000000011100100010001000101101
00000000001010101010101111011011
10110110101010100110110111101110
11111001011100110110111100010000
11110001001100011111111100001010
00000000010000111111011011100010
01001001100000010010110110000110
00000000010110111110011010011000
00010010110110010111100101110110
00000000011110010110001011111100
11100011000111000101111101000010
00000000001000111011010001111100
10000001000101101110000011011110
00000000000000000000000000000000
11000101110000101001010100011011
11101011000011100111100110111111
00001001000000010111101110110111
00000000010001000111100111000010
11111100001011001111110101100100
00000000011010110100001110111011
11100011100111000101111101000000
00000000010001011110001001011111
11011100111111101001110000101101
00000000010011101011001111011111
10010000011011100000000011011101
01110100100101011000001110010100
01110010011100000011001011110100
00000000001011101100101111001010
11010100100110111010101100110010
00110101000010111110010110000010
00101000111110110011101100001010
00000000011010100101000001011100
11101100000100010110110111011100
00000000010111100001001101010011
10110001100111110100100001111101
00000000010010011001011110101000
00100110011101101110111001101100
00000000000000000000000000000000
00010101110001111010111011000101
00000000011111101010101101010011
11110000101100110110100100111110
00000000010000000001100010101010
00000000001010011101111111010100
00000000000001111001001001110011
11111001011101001001100111010000
00000000010111110011101000100010
00000000001111011100000110101100
00000000011110010100111011001101
00000000000011000010011110100001
00000000001000110101000010100001
10100000010011011011010001110100
00000000001100101001000110100001
00111000100000001001111000111110
00000000000000110110010110000000
01001000010001010110001010110110
00101110011101000101000011111111
11101010011111010011110100000011
01100011000111000101111101000010
00001100010010101011011100100111
00000000010010111011010000111000
11101000010011111110111011100110
00000000001011101110011111111010
01001111000010100111010001010010
00000000001010010011111001100001
00111111111010001101000010010000
00000000011100001011000101100000
01111100000011101100000100110001
00000000001001111000011110100111
00000000000000000000000000000000
00000000011110111001100101111110
10010011111001111110000111000001
00000000010011000110101100011010
01101101111011010011111010101000
00000000001110100110001000111010
01100011001110000011000001010110
00000000001111100100010010111101
00010001110001100010101011110101
00000000010110110010100011010111
01111100110100010010010100100010
