01111111110000000000000000010011
01111111110000000000000000010011
01111111110000000000000000010011
01101100001100000010111000100111
10100110010000000010011000000111
00001000100111111000111011010011
00000001111000011000110011010011
00000001110110010000001111010011
00010011100000000010111100000111
00001000111101010000111101010011
10101010011000000010100000100111
00000000011000100000010111010011
11101000011100000010100000100111
00011001010000000010011000000111
01111000010000000010101000000111
10111100000000000010100010000111
10101111110000000010000100000111
01010101101000000010101000100111
11101100010000000010001100000111
01010110010000000010000010000111
11011110010000000010110100000111
01001100100000000010101110000111
10001110111100000010000000100111
00000000110101101000110101010011
01111111101100000010010000100111
10011001000000000010010110000111
01110010010000000010101010000111
00001001110011010000010001010011
10111101000000000010010110000111
00000000001010100000101001010011
00000000100011001000011011010011
11100100100000000010011000100111
00001001000100011000100101010011
00000001100011010000101001010011
00000001010110010000101111010011
00000000110011011000101111010011
00111100000000000010110100000111
01010010011000000010000000100111
10111010000000000010111110000111
10101001110000000010000110000111
01101100011000000010100000100111
10001010100000000010101110000111
11011001010000000010011010000111
00011011000100000010111000100111
00011010011000000010100000100111
00001000011000000000101101010011
10100101101000000010110000100111
01001100000000000010110110000111
11110001110000000010000100000111
01100001101100000010011000100111
01011110010000000010010100000111
11001100110000000010011010000111
11100011011000000010101000100111
01001001010100000010100000100111
01101101100000000010011010000111
01000101110100000010100000100111
00001001101100111000000011010011
10100010000000000010011010000111
00010110011000000010111000100111
00001001010011001000100001010011
00001001100100001000100001010011
01101001011100000010111000100111
00000000101110000000000111010011
00001001111101110000000111010011
10000000001000000010101000100111
00000000010101010000101101010011
10011110110000000010011000000111
00000001010101111000011101010011
00101110101100000010010000100111
00001001101011011000110001010011
00000000011011000000101001010011
01010100110000000010110000000111
00000000110001000000010011010011
00000001100101111000010101010011
00000001011110000000111001010011
01100011010000000010110100000111
01000000000100000010110000100111
10111111011100000010101000100111
00001001101101010000101011010011
00001001001100111000100101010011
00001001111010011000001101010011
00001000001010100000110001010011
00001000100111010000011101010011
00100101100100000010010000100111
00000101110000000010100110000111
00000100010000000010100000000111
00001000101010100000011101010011
11111111010000000010010000000111
00000001101001000000001111010011
00101101110000000010010000000111
00000000101011010000010111010011
11101000110000000010110010000111
00001000010100001000010101010011
00001000011001111000010101010011
00001000101000100000010111010011
00000001111110010000100011010011
11101010000000000010110100000111
00001001000000000010111100000111
10011101001000000010110000100111
10000110000000000010110100000111
11100010111000000010011000100111
00011010000000000010100000000111
00001000000100101000110011010011
00001001001100000000110101010011
00001001110000000000111011010011
00000001011001001000000011010011
01000011000100000010001000100111
00011111110100000010000000100111
00001000000111110000101001010011
11010110001100000010111000100111
01110100100000000010111000100111
00001001011010110000010111010011
11001000111000000010100000100111
00000001011110101000010011010011
00010111101100000010000000100111
00001000111111100000100011010011
00001001110101101000010101010011
11000001110000000010011010000111
00000000101111100000111101010011
00001000111100000000001101010011
00001001001111001000010101010011
00000000100110010000100111010011
11100010110100000010101000100111
00000000110011010000101001010011
10000011100000000010001010000111
10001001100000000010111110000111
10110101010000000010101100000111
00001000111100010000111011010011
11011100000000000010000100000111
00110111100000000010100000000111
00001000011110000000011001010011
00000001100010001000100001010011
00000000000101001000001111010011
10010001000000000010001010000111
00000001001010011000011111010011
01110000110000000010110000100111
01011100101000000010011000100111
10010110010000000010011000100111
00000000011011010000110001010011
11110011110000000010010000100111
11010011000000000010111010000111
11010001000000000010110000100111
01011111100000000010110010000111
00001000110010010000000111010011
00001001011001111000011011010011
00001000100010000000101101010011
00001100100000000010110100000111
00001001010110000000111101010011
00000001101000101000110111010011
00011100100000000010100010000111
00001001111111100000101001010011
00001001100110111000111011010011
00001000010010111000110111010011
10110011110000000010000000100111
11011001000000000010011000000111
00000000101000111000011101010011
11010000000000000010011000000111
00000001000001110000111011010011
01101101100000000010010010000111
00001000110000101000101001010011
01101101010000000010011010000111
00000001110011101000111001010011
10011110001000000010000000100111
01100011000000000010011000100111
01110001010000000010100110000111
01101101000000000010111100000111
00000000101001111000110001010011
00000000001001100000101011010011
00000000000000100000011011010011
00000000101011010000111111010011
00001000101111000000111111010011
10101111001100000010101000100111
00001000100001010000100101010011
00001000100110001000010111010011
01011000100100000010111000100111
00001001101010000000101111010011
00001001101100001000000101010011
01100100110000000010101100000111
11000101110000000010110110000111
00001000011111011000101011010011
00100110110000000010001110000111
11001011000000000010010110000111
00001001000101011000110011010011
00101010110000000010101010000111
00010011110000000010100000100111
00000001010001101000011111010011
00000001011011110000000101010011
10000110001100000010111000100111
10101001000000000010010010000111
00000001100100010000111101010011
00001001000101001000110111010011
00000000110001010000010111010011
11111110010000000010101010000111
00001000110100010000001101010011
00001000000110100000011111010011
00000001110010001000000101010011
00000000001100111000001101010011
01011010100100000010110000100111
01110011100000000010010110000111
00000001010110011000101111010011
11111010100000000010111000100111
10111000110000000010101000100111
00000001110111010000111111010011
00111110101000000010000000100111
10101001101000000010100000100111
00000001010100011000100111010011
11011011011100000010101000100111
10010001010100000010001000100111
11001011100000000010110000000111
01111011000000000010010000000111
00000000000110001000010101010011
00001000111000100000101111010011
00001001010011011000111111010011
00001000000111110000110001010011
00000001110000001000010111010011
00001000010110011000110111010011
01111110000000000010001000000111
00000001001110010000100111010011
00000000101111100000010001010011
00001001000000011000011011010011
00001001001010001000111011010011
00100110110000000010000010000111
00001000111011100000011111010011
10001001000000000010000010000111
00001001101000100000100101010011
00010101110000000010110000100111
00110000110000000010101000100111
11110110000000000010010100000111
00001001000010111000010111010011
00001001011010101000110011010011
00001001110101100000100011010011
00000000101001111000111011010011
00001001010101011000111001010011
01111100000000000010011000100111
00001000011001010000101001010011
00001000110001100000010111010011
00000000001100100000110111010011
01100111100100000010010000100111
01011001000100000010101000100111
00111110100000000010110110000111
00001000000101111000000101010011
00100011011000000010111000100111
11011100000000000010001110000111
00100001010100000010110000100111
00001001100000111000110011010011
00001000001011101000110001010011
00001000011001111000111001010011
00001001111011001000011111010011
11110111100000000010011000100111
01111100010000000010001110000111
01011100100100000010111000100111
00000001000010110000101101010011
00010101100000000010011100000111
00000000011010111000001101010011
00000000110000100000010111010011
10101101110000000010001000000111
11010100100000000010001100000111
00111101101100000010111000100111
00000000111011011000000011010011
11111000111000000010000000100111
00000000111111000000000011010011
00001001111011001000101101010011
11000101000100000010100000100111
00000000000111111000001101010011
10110000001100000010111000100111
00001000001110001000011101010011
00000001000110110000101101010011
00000000000000011000000011010011
01100111000000000010111000100111
00000000000011111000000101010011
00001000011000101000100001010011
00000000010101100000110101010011
11011011111100000010100000100111
00001001000111001000111111010011
00000000111000101000001011010011
00000001100110000000111011010011
00010100001000000010000000100111
01110001100000000010101110000111
01111011110000000010101110000111
10000001000100000010110000100111
00001000111101100000011111010011
11101101111100000010100000100111
00000000000111010000000011010011
00000000100101000000011101010011
00000001001011001000000011010011
00000001001001100000000011010011
00001001000000101000111101010011
11110010000000000010110110000111
00000001011010000000010011010011
00001000110011010000110101010011
00000001100101000000101001010011
00000001110010000000010001010011
00001000100000000010011010000111
00001000100000000010011000100111
00000001101010000000101011010011
11001111110000000010000110000111
00001000101010000000101011010011
00000001100000110000110111010011
10101110010000000010110000000111
00001001001011011000010011010011
00010001110000000010011010000111
00000000111111110000001101010011
00000000001001100000101011010011
00000000010100101000100101010011
00011011111100000010001000100111
00101101011100000010101000100111
00001001000000010000100111010011
00000001111101110000110101010011
01011100110000000010000100000111
01000101010000000010100100000111
11101001000000000010100100000111
00001000110101111000010111010011
00000000111100111000011011010011
00000001010010100000101101010011
00000001010100111000101001010011
01001000001100000010010000100111
00001000010001101000110001010011
11101101001100000010111000100111
00000000011101001000111111010011
00001001101101101000101001010011
00001000100000101000101001010011
00001000011111001000111111010011
00000000001011110000101101010011
01001010000000000010101100000111
00000001100001101000001011010011
00001000011110101000010001010011
10111110110000000010101100000111
10001000110100000010011000100111
11001001101100000010001000100111
00000000000100111000101111010011
00000001011011101000000011010011
00000001101101000000111111010011
01010101110000000010010010000111
00000000011011101000010011010011
00001001011000011000110111010011
00000000110111101000100011010011
11101011010000000010100000000111
00001000101101101000111101010011
10110001010000000010010010000111
01011011010100000010001000100111
00001001100100100000101101010011
10101100100000000010110110000111
00001000010111110000110101010011
00100001110000000010100000100111
11011101100000000010011000000111
10010100001000000010001000100111
01000111110000000010100000100111
00110011011000000010001000100111
01011011010000000010010100000111
00111011110000000010001100000111
00001000010011011000101001010011
10110011010000000010110000100111
00001001100011010000100101010011
10000111001100000010100000100111
00111010001000000010010000100111
00000000100110001000011001010011
10010001011100000010110000100111
00001000111110111000001001010011
10100101110000000010100000100111
00000000001010100000100111010011
10001101000000000010110000000111
00001000111001100000110111010011
00001111101100000010100000100111
00000000000010000000001111010011
00001001110010010000010101010011
11010011101100000010101000100111
10001011100100000010100000100111
00001000101101001000011011010011
00000011000000000010000100000111
11101000000000000010101110000111
01010100000000000010101110000111
00000000001111011000101001010011
00000001111001011000101101010011
00000000011110010000110111010011
00001000101101101000011101010011
00000000101110111000010001010011
00000000111110100000011001010011
10111010100000000010000000100111
11111100010000000010001000100111
11111001011000000010001000100111
10111010110000000010000010000111
00000000000000011000100011010011
00011111010000000010110010000111
00001000010011100000101101010011
00001001010010010000111101010011
10100001010000000010010110000111
10100011001100000010100000100111
00011101000000000010111000000111
00101111111000000010100000100111
00001000100111010000000011010011
00000000111100111000100101010011
01010111110000000010100000100111
00001000010101010000111001010011
10011100000000000010011000100111
11101110011000000010111000100111
00111010110000000010110000100111
00001001100011011000001001010011
11101110110000000010101110000111
00001000001101001000001111010011
00011010110000000010001000000111
10101000100100000010100000100111
11001001010000000010100110000111
10110011011100000010011000100111
00000010101000000010000000100111
11101110110000000010110100000111
00001000010100110000100001010011
01001001111000000010100000100111
10100100100000000010101000100111
00000001010100010000101001010011
00101110000000000010001110000111
11101010001100000010011000100111
10000101000000000010001110000111
00000001001010111000010011010011
00000000110010100000000011010011
10111101000000000010100000000111
00001001110001000000110101010011
00001001110011011000110011010011
10011010110000000010010000100111
11100001100000000010101100000111
00110101010000000010000010000111
00001001001101101000110011010011
11000110100000000010010010000111
00000000111100010000001001010011
01110110001100000010101000100111
00000000011101110000100111010011
00000001011011000000011011010011
00001001001100110000100011010011
00000001010000000000100011010011
01000000110000000010101010000111
00001001110110111000101011010011
00100000000000000010100010000111
10101110101100000010110000100111
01001100110000000010011000100111
11011001101000000010001000100111
00000000111101000000000111010011
01010001100000000010101100000111
11000000110000000010010110000111
00000000001001100000000111010011
00001000100110011000001101010011
00000000101001111000110111010011
00000000011001110000011011010011
10011000110000000010011000100111
00110110100100000010110000100111
01010101000000000010000100000111
00001001111101001000111001010011
00000000010000000010010110000111
00001000010101001000110111010011
00000001010110010000011011010011
01000110010100000010011000100111
00001001011101001000101001010011
01000110010000000010000100000111
00001001100010100000001101010011
00000001111111100000111001010011
00000001000111111000001011010011
00000001110010101000111111010011
00001010001000000010101000100111
01101000110000000010001010000111
10011111110100000010000000100111
00001000000011101000100001010011
00001001101001100000001011010011
01100101101100000010111000100111
00001001101000000000010011010011
01000100011000000010110000100111
01011101110000000010111100000111
00001000100110100000111011010011
01010101010000000010011010000111
01001111000000000010111000000111
00001001101111101000111111010011
00000001101100101000011011010011
00000000011011101000011111010011
00110000010100000010000000100111
11100000110000000010111010000111
00001000111010100000010111010011
00110010000100000010001000100111
00001000010010111000010111010011
00001001010010110000000011010011
00000001111111100000001101010011
00001000100010010000101001010011
10010001010100000010001000100111
11010001010000000010101100000111
01001000001000000010000000100111
10100101011000000010011000100111
00111010000000000010111010000111
00001001000001010000011001010011
11001000110000000010001010000111
00000001001101111000111101010011
00010110011100000010010000100111
00001001101011011000111001010011
00000000111001111000010101010011
11111100111100000010100000100111
00000001011000110000101111010011
00000000101101010000111111010011
11011010110000000010010110000111
00001001010101100000001101010011
00000000010100100000111101010011
00000001111001100000101011010011
00010100101000000010000000100111
00001000110000010000101001010011
00100000110000000010100110000111
00000000110001000000011101010011
00000000100011110000001001010011
00001000000010000000111001010011
00000001111001111000010111010011
00001000011000001000010101010011
11110011110000000010010100000111
00000000010000100000110111010011
01100000100000000010101000100111
00001000111101010000101001010011
10010111001000000010010000100111
00111101110100000010101000100111
00001001111100110000011101010011
00000000110011001000001001010011
00000000100100011000110101010011
00001001001001111000110111010011
00001000110100101000001001010011
00001001011110101000101111010011
11111100011000000010011000100111
11101101101100000010100000100111
00001001010010100000111011010011
11100001110000000010010110000111
00001011010100000010110000100111
00100010010000000010111000000111
10000110001100000010101000100111
01101011100000000010001010000111
00001000011001000000000101010011
00101101100000000010000110000111
01110110100000000010011110000111
00000000001100011000011011010011
00000001111100010000101011010011
10111111110000000010011100000111
00000000001010011000000101010011
11001101000000000010011000000111
00001001010001111000100111010011
00110011000100000010011000100111
01001000010000000010011100000111
00000001011010110000010101010011
00001001001000100000011011010011
00000000100110010000010111010011
10110100110000000010010010000111
00001000100101100000010101010011
00001001010111001000010101010011
00000000011111001000001001010011
01011101100000000010111010000111
00001001111101011000110001010011
00000000000011100000011011010011
00001001000011101000001111010011
10010011100000000010010010000111
00000001111001011000011001010011
00001000101110111000010111010011
00001001110100001000011011010011
00001001101011011000000111010011
01111000100000000010001000000111
00001000001001000000011101010011
01101110010000000010110010000111
10011000000000000010101000100111
00000000001000001000011011010011
11111010100000000010101110000111
01111000000000000010111100000111
01011111111000000010000000100111
00000001110101001000101001010011
00000110010000000010101000000111
00001000100111100000111111010011
00000000111101011000101011010011
00001000111001101000110101010011
00000000011111011000000011010011
01000010100100000010001000100111
10001101010000000010010010000111
00001001000111000000101101010011
01111011111000000010110000100111
00000000101100001000101111010011
01111111100000000010110000000111
00101011001000000010101000100111
00000001011111011000110111010011
11101010010000000010000010000111
10000101000000000010010010000111
00000001010110010000101111010011
01100011010000000010100000000111
00001001010011111000110111010011
10100001101000000010110000100111
01110111000100000010011000100111
11110001001000000010110000100111
00001000100101011000111001010011
00001001011100111000000011010011
00001000101111011000100101010011
01000010110100000010000000100111
00000000100110100000101111010011
00000001010001110000000111010011
00000000101100000010110000100111
00000001100011111000011001010011
01000011100000000010101010000111
10011010011000000010110000100111
00001000111101011000000111010011
00001000100101010000101011010011
00001001101100010000101001010011
00001001100000000000101011010011
00001000101111111000000111010011
00001001101000011000011011010011
10100011100000000010100100000111
11100010101000000010111000100111
10110010110000000010100000100111
10011100110100000010001000100111
00000001001100101000011011010011
00001000000111110000111011010011
00001001000110010000111111010011
01101001010000000010010100000111
00001000100110100000001011010011
00001001110110111000010001010011
00000001000000010000101011010011
00000000001101000000011111010011
00000000000111001000110111010011
00000001001111011000111111010011
00000000011011001000011101010011
00001001101001001000001111010011
00001000100101101000011001010011
00101101010000000010100000000111
00011100100000000010010010000111
01000011100100000010001000100111
10010111010000000010100010000111
10010100110000000010101000000111
00000001011111000000001011010011
00001000010010101000111001010011
10011111100000000010011000100111
10011100110000000010010010000111
00110011110000000010001000100111
00101111000000000010010000100111
11010100010100000010000000100111
00001000010000100000100001010011
01101110111000000010010000100111
00000000001111110000011011010011
00001001010110110000110001010011
00001000111001011000010011010011
00011111010000000010111000000111
10010101010100000010110000100111
01000100011100000010001000100111
10101000010000000010011000100111
01000110001100000010101000100111
10010011100000000010001100000111
10011111110100000010101000100111
00001000001110100000100101010011
01111101010000000010110110000111
10010011000000000010101000000111
11000100010000000010111010000111
11101101010000000010000100000111
00000001100001001000010011010011
00001001010111110000000011010011
00001000011100000000011011010011
00001001000001100000010101010011
00111001000000000010011110000111
00000000101010100000100101010011
11001100010000000010010110000111
00000000010010001000100011010011
00101101000000000010001110000111
10011101010000000010000110000111
01101010011100000010001000100111
10110111000000000010001100000111
01000110110100000010111000100111
00000001001001110000000101010011
10111001000000000010110110000111
00101101100000000010001000100111
01011110000100000010000000100111
01111000011100000010111000100111
00000001110110111000110101010011
00001001101010011000000111010011
01010110110000000010000100000111
00001001100100110000011111010011
00000001010010000000100101010011
00001000010101010000011101010011
00101010110000000010101110000111
00001000101101100000110011010011
10011011000000000010011010000111
01111110011000000010110000100111
00001000010100001000001111010011
00001000111000111000111011010011
00000000010011100000100011010011
10111110100000000010100010000111
10101100101000000010100000100111
00001000111001000000111101010011
00001001011101110000100111010011
00000001000001000000101101010011
01010110100000000010011000100111
00000000000111001000000111010011
00010111000000000010010000000111
00100111000000000010000110000111
01000000010000000010100110000111
00000000000001011000101111010011
01100100110000000010000100000111
10100101111000000010110000100111
10010011001100000010100000100111
00000000010001011000100001010011
10111010010000000010110000100111
00000000110010001000101101010011
00000000010010110000100001010011
00110101000000000010100000100111
00001001100110000000011011010011
11101001110000000010001000000111
00000000000001001000111011010011
01011110001000000010100000100111
00111011100000000010111000100111
01110001100000000010111000000111
00101011100000000010110010000111
00000001110011110000000111010011
00000000011011000000110011010011
00001001001110011000101011010011
00000000110000101000010111010011
10000110110000000010100110000111
10001001010000000010100110000111
11010111000000000010110100000111
01001110100000000010011010000111
00001001000100110000101001010011
01110011011000000010001000100111
00001000001100111000001111010011
00000010000000000010011010000111
01001010110000000010100000100111
00001001000101111000111001010011
00001001101110000000110011010011
00000001110011000000110001010011
01000110000000000010011000000111
10110010000100000010111000100111
11110100100100000010000000100111
11001011011100000010010000100111
00000001010101100000110011010011
00000001011100010000101011010011
00001000001111000000111011010011
00000001011110010000110011010011
01101011100100000010011000100111
00001001000111100000101101010011
00000001101010011000011001010011
00001001110001111000001111010011
00000000100101101000001101010011
00001000110110111000010101010011
10010100101100000010001000100111
00101110100000000010101000000111
00000000111111111000001001010011
00001001110000001000001011010011
00000000001111010000011111010011
00000001101111010000100101010011
00001000110000000000000111010011
01010000001100000010000000100111
01111100010000000010000100000111
00000000110111111000010001010011
00000000011101010000010011010011
11011111011000000010100000100111
00000000010011111000010001010011
00000001001010100000001011010011
00100001000000000010000110000111
01101000100000000010110110000111
11101011101000000010100000100111
10101001010000000010110000100111
11000001100000000010101100000111
00110011001000000010110000100111
01110000111100000010011000100111
10000100010000000010011110000111
01111101010000000010011000000111
11001001110000000010001010000111
00000001111111101000110111010011
10110011101000000010101000100111
00000001110011011000101101010011
00001001000001110000010001010011
11110000111100000010100000100111
10001011100000000010100000000111
00001001001001110000111001010011
00001001100000011000111111010011
11010000000100000010010000100111
10000011100000000010010010000111
01011100010000000010011100000111
00000001011110001000010111010011
10010010110000000010101000000111
00001000100001101000101101010011
00001000011110111000100101010011
00001000110010101000111001010011
00000010111000000010001000100111
00001000011010011000101011010011
00000000110100110000100011010011
00000001111011110000011111010011
10111101110000000010110000100111
01001001100000000010100010000111
10100110010000000010111000100111
00000000111011101000101101010011
00000000110101000000110011010011
00000001111110111000010001010011
00000001110000100000110011010011
00001000000110011000000111010011
00010111001000000010100000100111
00001000101011111000110101010011
00111101001000000010011000100111
00001000101111011000101101010011
00110011001100000010000000100111
00001001110101010000111111010011
00001001110010101000001011010011
10010001010000000010010000000111
10110010001100000010100000100111
01100110100100000010011000100111
11010101010000000010111000100111
00001001010100011000001111010011
00001001100011010000101001010011
11011111000000000010011010000111
00001000111111101000011011010011
11101110010000000010101010000111
01011110110000000010010100000111
00100111110000000010101100000111
10011101000000000010110110000111
00001001111010001000011111010011
00000000001110111000000111010011
00001000001011000000001101010011
00001001000100011000110111010011
00001000000001011000110101010011
01111101110000000010000100000111
01111110010000000010001000000111
10111101011000000010000000100111
10010010100000000010101100000111
11011110111100000010011000100111
10001000000000000010111000000111
10111101110000000010101010000111
00011111100000000010111110000111
11011110010000000010101100000111
00001000100011000000110111010011
10110101110000000010010000000111
11010001111100000010000000100111
01000000110000000010111000100111
00000001111110011000011011010011
01010000000100000010110000100111
10110101111000000010111000100111
00001001011010001000010011010011
00001000010000110000000011010011
00000001101111000000110101010011
11111000000000000010001110000111
11100000000000000010110000100111
00001000101010110000001101010011
00001001011001011000101111010011
01011011000000000010011000000111
00001000010001000000110101010011
00010101100000000010011110000111
00000000000100010000010001010011
10110100110000000010000100000111
00000001111001001000010011010011
00000000111111100000001001010011
11011101101000000010011000100111
00001000110010011000010101010011
00001001101001101000101001010011
00001001100100010000111101010011
11101001111000000010110000100111
00000001100101100000111001010011
01111001110000000010100000000111
11110110011000000010111000100111
11111111011100000010101000100111
01010101000000000010011110000111
00001001100110000000000111010011
00010101000000000010001100000111
00000001110100110000010111010011
00001000111111011000000111010011
10101010100000000010000010000111
10100011010000000010011110000111
00110001100000000010110110000111
00000000011100111000000111010011
00010110001100000010111000100111
01001011010100000010001000100111
11000101011100000010011000100111
00001001111011000000110101010011
00000000011000100000100011010011
00000001111010111000101011010011
00001000001010000000110001010011
10111100000000000010110000000111
10000111010100000010111000100111
01110111001100000010101000100111
00001000000111101000100111010011
11101000101100000010000000100111
00001001100110101000011001010011
00001001100100011000110101010011
01010111011000000010100000100111
10010001110000000010011000000111
00000011111000000010111000100111
11101000100000000010111000000111
11000001110000000010011010000111
00000001000101100000101101010011
00000001111011111000010111010011
00000000001010000000011101010011
00001000101101001000000011010011
00001001111111010000001011010011
00000111000000000010101100000111
00001001100110100000100111010011
11011101000000000010101010000111
11000110100000000010001010000111
10001110110000000010110000000111
00000001110101011000111111010011
00001001010001111000110001010011
00001001110001100000110111010011
00001001110100111000011101010011
01100011000000000010011000100111
10110000001000000010100000100111
01110000101100000010010000100111
01000010000100000010110000100111
11010010010000000010100000100111
01010101000000000010000110000111
01111001010000000010001000100111
00001001010010110000110001010011
00001000100001010000101111010011
11101001100000000010010010000111
00001001101100011000000111010011
10101010111100000010110000100111
11110011010100000010100000100111
00000001000100110000111011010011
01101010011100000010000000100111
00000000010010001000000101010011
11111011101100000010111000100111
01110101010000000010001110000111
00001000111010010000110101010011
10111101100000000010011110000111
10010010100000000010010100000111
00000001101000001000001101010011
00001000001011101000000111010011
01011100110000000010101000100111
00000001110100011000010001010011
00000000000011101000001011010011
00000001101101010000111011010011
10100110010000000010111100000111
00000001010111101000110011010011
00011010000000000010111000000111
11001101110000000010101110000111
10011010000100000010110000100111
00101110111000000010010000100111
00000000101111111000011001010011
00001001110000011000001001010011
10001001011100000010001000100111
00001001001011100000100111010011
00001001111000111000001101010011
11000111100000000010010000100111
00000001001101100000100111010011
00001001010000000010110100000111
10111011100000000010001010000111
00001000011000100000011111010011
10110100110100000010100000100111
00000000101111010000111101010011
11110100110000000010101000100111
00000001011110001000010101010011
00001000010110100000011101010011
00000000110101010000111101010011
00111100101000000010001000100111
01101101110100000010110000100111
10001000011000000010000000100111
00001111000000000010111010000111
00000001100110101000111011010011
11001101001000000010001000100111
00000000101011010000100101010011
00010001010000000010011110000111
11111001010000000010111000100111
00110000000000000010011000000111
00000001010000000010010000000111
00011011000000000010010000100111
00001001010001101000100001010011
00001001111010001000111001010011
11100010110100000010100000100111
01101100100000000010101000100111
00001001010100001000010001010011
11010010100100000010001000100111
11110101010000000010011100000111
00001000111101101000011101010011
10111001011000000010011000100111
01100101100000000010001010000111
01011101010000000010011000000111
01000001000000000010000000100111
00000001000001100000100101010011
01010000110000000010100100000111
00000001001110001000011001010011
11100111010000000010001100000111
00000001001010000000101111010011
00000000100010010000011011010011
10111111010000000010001010000111
00001001001010000000001001010011
00000001011100110000011011010011
00001001001011000000011101010011
11001011000100000010011000100111
00000000101000010000011011010011
00000001111001110000111001010011
00000000001011101000000101010011
11111011100000000010000010000111
01111000110100000010001000100111
11000010010000000010011100000111
00001000001111100000101111010011
00111001110100000010000000100111
00101101100000000010110000100111
11110000010000000010001100000111
00001000000101001000110111010011
10101111010000000010101010000111
11011100100000000010111000000111
11101011100000000010100000100111
00000001111101001000010001010011
11010000010000000010111000000111
00001001111100111000111111010011
00001001010011111000010001010011
00100001001000000010100000100111
00001001110000101000101101010011
00001001100000011000110101010011
00010110000100000010111000100111
11110101100000000010101000000111
00000000111010110000111001010011
00001000010100101000101101010011
00011001110000000010000000100111
00001000011111001000001001010011
00100001110000000010010110000111
00001001001001011000101011010011
00001000001001100000110001010011
00001001100011111000101011010011
00000000001101110000100011010011
00000000100101101000110111010011
00001001011010011000101111010011
00000001111011000000010011010011
00110010100000000010011010000111
11001000000000000010001100000111
01100001101000000010111000100111
00000001100011111000011001010011
10010100110000000010100100000111
10101111100000000010001000000111
00111001101100000010111000100111
00000000100101000000010011010011
00001001110001001000011011010011
00001001001011100000110011010011
00000000101101111000000101010011
11010101100000000010111010000111
00001000101110000000010001010011
00001001110111011000000101010011
01000101001000000010111000100111
00000000111001110000001001010011
00000001011010010000110011010011
00000000000000000000000001110011
00000000011001111010100110111011
10111111001001111011101101101010
00000000000011011101111101010101
11111010010101010110100011001101
00000000000011100000010001101010
11101000110100111000011001110000
00000000000011011010001111100110
11000001000011101001110111100100
00000000011000000111110100111001
11100110111111101010101110001000
00000000000010101101000100011001
10111101101001011001010000110101
00000000011110001111010100111111
11100010110010001001001011100011
00000000011100011011110101110000
01000000001011101011100001011100
00000000001011111111001001111011
10011110110111111101110111111100
00000000010111111101000101010111
11101101110001000011100110110110
00000000001011000101111000111010
10111111111011000101011010001000
00000000001110000100010000001001
00101111100010010100111111010111
00000000000110000001011100110100
11111100011111000100101111111010
01111100010100101000010010010111
01111100110001001110001001011111
01111100000001000010101001110100
00000000001000010100101110010001
00000000010111011000110010011011
11110110010010000001011111100100
11111010010101010110100011001101
11111100011000011001101000111101
00000000011110110100110110011101
01001111110000001011011111100101
00000000011011000000100100000001
01011010001010100001011101110110
00000000001011011111110001100001
01110111100101101001010000001001
00000000011001010000001011101101
10111111100011001000010110011001
00000000001111110010101100010011
11011000001110100010011100100010
00000000000100011110101010011111
11110110100010101010110101100111
00000000011101000000011110101000
11001000111110010111000010010001
00000000010010111110100000111101
01100000011010100101110010001000
00000000001001100100100010011111
11101010010110101110010010101111
00000000011111100011011001110000
00000000000000000000000000000000
00000000001100110011011011110101
01100000110100011110110010011000
00000000000110101001010001111010
00000101011011000001011000010000
00000000010011000001100111000011
11101110110011010001111101110001
00000000000000011101110010010101
11101000000000000010000010101100
11111100011011101111011010011000
11101001011111100110010010100000
00000000010110011101100000001011
01011111011101011000010110010000
00000000001111000010000111011000
11111010010101010110100011001101
00000000011001010010010101110101
10011110010000001001110101010101
00000000010100110101000010011000
00001010111011001110001001100001
00000000011010001110000110110101
00000000011000110101001101000110
00000000011011010101011100001110
10110101001100100111010010001010
00000000000000000101010101011110
00100000010111010011101010100000
11111011100111101100110110101010
01101011010111010011111111111000
00000000011010000101100000010100
10010110111000000010111100001011
00000000001000011100000101011100
11111011010100110000111001111011
00000000000011001101111110011001
10011111110001101001100111000100
00000000001011010110100000011001
11111010010101010110100011001101
00000000000000000000000000000000
01111011100111100001100111101010
00000000011110110010001000111001
00111011011000000101011100111011
00000000000011111010000101100110
10101111001001001011101111101000
00000000011010101011100011000011
00000110110100000011010001101110
01111100010100101000010010010111
00100001110100111101010111011000
00000000000000000000000000000000
11100110110101110001001111000110
00000000001111100100111111110011
11010100010011110110100011000101
00000000010010010010010111100110
01111100010100101000010010010111
00000000010100111101110001011101
00001000010001111001011000110001
00000000011000011000001101000111
11111010101000000011001111010100
00000000011001011010111010010011
11001010111011011100110001011110
01111100100001001000100100001000
01001100111111101011011100100000
00000000000000000000000000000000
10011100111101110111110101111101
00000000011000111000000100100011
00000000000000000000000000000000
00000000011001001000010110001111
01111100011011101111011010011000
00000000011100010011111100110001
00001110110001011111101010111000
00100111011111101011001011101111
00001111000100110000111010010110
11111011000000101111010010010010
00001111110111100000111111011101
00000000010010010001001010010110
00110100010000110111100001011011
00000000010111000011110010111011
10001110000110101001100111110000
00000000000100001100011011010110
01011011110011011000100001110011
00000000011001000010101011010110
11111011101110000110101101000110
00000000000011010001010101001111
11010101101011101111001101000100
00000000010011001001001000000000
00111111111011011101010110011111
00000000010010111011011111101111
01111000001011000111000100100111
00000000010110011010101001000111
11100000111111001101010110100100
00000000001001000110101001100011
11001110001101100000110111010110
00000000001010011011000110000000
01100011101000011101011000100110
00000000000110000000011110011111
01111000000101101001010000001010
11111010010101010110100011001101
01111011111000000100011111110011
00000000011111111011011111010010
10010010000001110111101000101110
00000000001100000100011011111110
01110110010000001000000010001011
00000000000110011011001101111101
01000100000101000011011100010110
00000000011011110010110001001100
10010011100110100111001001011010
11111100000001000010101001110100
01110100010010101001001001001011
00000000000001100100101010001010
00111110001001000010111111111010
01010001010000010000111101111110
00000000010101010100010000011011
00000000001011100110100010111000
00000000011111100000101101100110
00000000000011011010010111011011
11011101100110100000110110110100
00000000010101111010100111010110
11000000000110100001010010101100
00000000010100110011001011101100
00000000000000000000000000000000
00000000011100111011101010101111
00000000010110011010101001000111
00000000010100111000011101100000
10110111100111111010100111100110
00000000001000000010001011111111
01111000001011000111000100100111
00000000011100011010011001101101
11111011100111101100110110101010
00000000011010101110101111100111
10011001000111010100110000111011
00000000001011001001111011111010
11011000001000011001010111010010
00000000001110111010000110011101
11100011110011010101100001100011
00000000011110001010011000000011
10010100110001100110011001000010
00000000010100010111111000110111
00000000011001000010101011010110
00000000001011101011110011001010
01100011011000000111101110010111
00000000000110001110001001001111
10111000100001011101111101010000
00000000010111101110101011110010
00000000001101110101010111001100
00000000010101010100010000011011
11000011010000100011011111000001
10111001101110001101010100001001
01110111100101101001010000001001
00000000010111011101101101100010
00101001101010111101000000101011
00000000000100010010110100011000
01111011000000101111010010010011
01100111011110010110000000111110
01111000001011000111000100100111
11111011000000101111010010010011
11111011011110101000010011110111
00000000011000010111000111000100
01001001101011100010110000101100
00000000001101110101010111001100
00000000010001101001100001110101
00000000001010110011011010011101
00010111000110011111011101100011
01111011111000000100011111110011
00111111001100110110000111101011
00000000010001100111011001111011
10011011100111010101010000100100
00000000000000001001011100010000
00000001111101011110110111000001
00000000001111110100111111110101
00000111001010100011101011111111
00000000001011100110111011101010
11101110110111000101100010011001
00000000011100001011100010110111
11010100110111101100011010001000
01111110111000111110111000101100
00011011100000010000011011100110
11111010010101010110100011001101
00111001011001000010000100111110
00000000001011010001000111110101
11111010010101010110100011001101
00000000000001101000100010110110
00110110111011110001110100110001
00000000001110100000100101101010
00100010010001011000110101101011
00000000010000101000110111011001
01010001010000010000111101111110
00000000001010101100011001100000
00000000011011101010010100101100
00000000000011001111101001110110
00100100000111110110011000100011
00000000010110110011111100010001
10011110010100100000000100010110
00000000000111001011111001011110
00000000010101100111010100110110
00000000000111000010011111101011
01000110001011001111101101000011
00000000001000010101101110100101
11100101011001111100011110011011
00000000001100011101010011110000
01100010001000110100001000101011
01110111100101101001010000001001
01010111101001010111101011100010
00000000001101111100011101100010
10000000000000001000011101001110
00000000011000111100100110000100
11011100010101001010110101110100
00000000001100100000100111100000
11100100000111000010001111101011
00000000001011110101011110001101
00111100101010110101100110101001
00000000010001101001100001110101
11000010000101111111110111011101
00000000011011110000111111011111
01101100101111100110101110111111
00000000001101001001000000000100
01011100010101101011011101000110
00000000011000000100111010000011
10100110011001111010001101010000
00000000000101001000101111001100
00111100010100011001111101000110
00000000010010010001011010111101
10010000101100011101110011011001
11100101011001111100011110011011
11111010010101010110100011001101
00000000010111001011010111001111
11100000000001011101010100100010
00000000001000010100110111001110
01011010001111111100000100101011
00000000010011011010111011010011
01111110111000111110111000101100
00000000010100001100100111011101
10001010001111001011110100010000
00000000011001101011110100001100
11101101110100010001100000100101
00000000011100011001101001111111
10010101110110000000011111000101
11111100111010000100101111100111
10111000010110110010010111110110
00000000001010000100100011010100
01011110010001101000110100110001
00000000001010111100010000100101
10110010010100110101001101011010
00000000001111000000000101001010
11101100010101111001001100010101
00000000000111001100101111001000
00000000001001111101010111101100
01111000011000010010000110100100
00111111100011001000010110100100
00000000011001011011000110001010
11100110110110000010100111101011
00000000000000101110011010011101
11011001100011101000010110011010
01100101011001111100011110011011
10100001110110000100010000101101
00000000010011011101100000000110
10001111010110000110111011011100
00000000010111001111000010001001
01001001101111111000010010000111
00000000010111011000110010011011
11101111100111101001110111110011
00000000001001010000010010001101
01111101000110111110110100011100
00000000011000010110000000010111
10101011111100101100101101010011
00000000011100001011010110010101
00011110001100010110010100011001
00000000011110001010100010111101
10101011000101111101101001001001
00000000011010000011010001100010
11111011000000101111010010010011
00000000011100100011100100110010
10101110111110110111111000011010
00000000000110000000011110011111
01110111100101101001010000001001
00000000001111001111100111100111
10100000100110000001110100011110
01111100000001000010101001110100
01110011011001000101011100001100
00000000011101000000000011101111
01111000011000011101111000001110
01111100010111111101101100100100
01100100001100000010101111000111
00000000010011111111001010000111
00100111011111101011001001111111
00000000010110100000100001011100
01100010001111001001011001011001
00000000010011011010100111111010
11001000101000101001110010111010
00000000010011100001111011010001
01111100001110111010001011110001
00000000011010001110000110110101
11110001000010000001101100000100
00000000010000010010010000110100
00010001011011001100010010000001
00000000011110010100110100101111
01100111011110010110000000111110
00000000010000010011111100010000
01100011110111000010101101100010
11101110110000011101100000110111
01000110010011010111011000100000
11111011100111101110000101110010
00101001001010100000010100110110
00000000000010110101000100110110
00010000000100100010110101000011
00000000000001111001001101010100
01011101010011100000111010111010
00000000001010101111111001110101
01001001111110010000110111010100
00000000010110000001000110000010
00011000100100001010010111110101
00000000000001011101111011100110
11111010010101010101011000011111
00000000110011100101100010011111
01011010001010110100100011101101
00000000001101111011111110101010
00000100101110011110011101101000
00000000011100010011101111001010
00101010010100011010111011100011
10000000000010000110100100010011
11100101000111001001011000111011
00000000010101011100101011100101
00111010000010010011110000100010
00000000011101011010000000100010
01110111000001100110110011100001
00000000001110111110010100110011
10001100111111010011011100100111
11111011111000000100011111110011
01100101111001111100011110011011
00000000011001010011101011100001
01010101011111000001101101001100
00000000010010110000011101011111
11001100000101001001110110110011
00000000011000011001111000000100
01111001000110010001100011011001
00000000000011001101000101010000
00110011001010001000001111000000
00000000010010101001101000001111
00000000000000000000000000000000
00000000001011001001110001110100
10010010100000010011001001001010
00000000010110001011101101110111
11000101000111000011001111010111
01011110010001101000110100110001
00000000010001101001100001110101
00000000010001101001100001110101
11001000111010010101001100001101
01111011110100101111101010110101
11000010001100110110111111110101
00000000011111011110011110000011
01011101110110111111110001000101
00000000000000000000000000000000
10101100010011000010011000110010
00000000001010110101011011110010
11101011001110111000001000000100
00000000010011100100010111100101
11001010011010010001110000000110
00000000010000111111100100110011
11111010011101010011011001110010
00000000001000010000011111001101
01000101011100001111100001111001
00000000000010101000000110011111
11011101010100010001011001100110
00000000000010000111110100111101
01111011001110000111000100010000
00000000011100110001110100011111
10101001111111000111101111010001
00000000000101001101110111110110
00000000000000000000000000000000
00000000000100011101110101100011
01111100000001000010101001110100
00000000011101110100001000101011
00111100011011001100111110100011
00000000001011110100011110010011
10000111000011000101101010001001
00000000011110001010100010111101
01111110111000111110111000101100
00000000011011110111100101011000
00000110000100001100101111011000
00000000010110010001001011110011
10111011100110111100001011111011
00000000001011011100010110000110
11010010001001001010101000010001
00000000011100101111111110010110
11111011100001000010000010010000
00000000010000001010010110111011
01110010100011110011110100011110
11111100011111000100101111111010
01101001001111101001010011101111
00000000000001111100011101001110
11000100111111011011111110100011
00000000000100010010110100011000
11101011010000011011011001010111
00000000001111110101000100100010
01000111010001000101011101111110
00000000011011000000101010110101
00001000101110001010010010111000
00000000010000110000111000010100
00100101001100100001000000001000
00000000001001100011001111010100
00000000011100011011110101110000
00000000000011010010000100101010
11111010010101010110100011001101
00000000000011011101111101010101
01001101000100010101101100000001
00000000010001000011101000110011
01110111100101101001010000001001
00000000010100110000111111001110
11100101000111001001011000111011
00000000010100011000011000111110
10001000100001100101000111111111
00000000001100000011000101011110
11111011010110000010001000010000
00000000000011011001100000000100
00000000101011001101010011011000
00000000001001010011110010111011
00111111110110001111001001101010
01111100100110110011100011110100
00010110110011101101000110000001
00000000011011111000101011111010
11110101110111110011000010010111
00000000000100001010011110000111
10011001001011101110010000100011
11111100011000011010000100110110
11000101001000101010111010011001
00000000000100101101011011101111
01010000110110111101110001010100
00000000001001111110010000101101
01111000011000011101111000001110
11111010010101010110100011001101
10001100101111100101011011101101
00000000010110010101000101100101
00001111001000101111101111001011
00000000011110000111101010111000
01010010001110001011000000001010
10101011000101111101101001001001
11000001010111011001101000101001
00000000001101110100010010111001
11001101010001001111010111010000
00000000011101010010010100100001
00011011000010110011111101101001
00000000010011111100111101000100
10001010111100101001101010001101
00101001111111000111101111010001
00001011000100000011000110100110
00000000000000000000000000000000
10011110000110011100001100000110
01111011000111011011010001001000
11111011100111101100110110101010
00000000010100111011100101000111
00000011111000100110000111011101
00000000001011101100011010111101
10001000001000011011100100101010
00000000011111001101101001101000
11000100100100010001010101001011
00000000011000110010111110100001
10000100011101110100011010110101
11100101011001111100011110011011
10111010000011110101111101111011
00000000011001001110010000001101
00100010011010100110111010110110
00000000011111111101100110110000
00110100000111110100010100011101
00000000010001011000100111101101
10000011100101100111111000101010
00000000000111100011010100000010
11111100001011001101110001101100
00000000010011010100011001000000
01111011000111011011010001001010
00000000011011010101100001001011
10100100001111101101111100100101
00000000010100101000100101011111
01010101011110101010110110100111
00000000011010000001101000000101
00111000101110100011111110011101
01111100000001000010101001110100
00001011110000010000111000011101
00000000011110000001101101110100
01111101111100011011110011010001
00000000010111100010111101101100
00101101100000100001100010100101
00000000001101100010010110101111
11001110010001110010011110000001
00000000011110100101011101011010
00101000010111110110110101100010
00000000001010100110111010101010
01010000000110100001011101100010
00000000010010111111111010111011
01111110111000111110111000101100
00000000000001100110011001110000
01100010011011001101001101011100
00000000010110111111111001001010
00011001000000000101000011010010
00000000001101100110101010111110
01110011111000100000010110100100
01111100011011111000110100101100
00111111010000011000000000001001
00000000000111100010100111000001
11110001101111001101011011100101
00000000011111101111110011011001
11100110101100011001010000001000
00000000001010011111010011111111
11101101111111110000111110100000
00000000000101001100101001001101
10110110010011000101111000011011
00000000001001111001111100100001
11111100010101001110000000010011
00000000011001000010001101110010
00010111000011000000110011001011
00000000001001100111101110110000
01011001111111010001111100110010
00000000011000100011011000010100
11100001101110100110100100001100
00000000010101010001000110000010
01001000010001111101111111111011
00000000000101010100111110000000
10010011110101011010101011001100
00000000011001110001011000111010
11101101001101000101111000000010
00000000001101010101001001101011
01111100010111111101101100100100
00000000001001001111001000101110
00010111101101001111100110010011
00000000001100101100111000100110
00001111111111000100011100000001
00000000000111110100111110001100
10111110010111110001111101100101
00000000010110100001101000110100
00111110000010100001011111101000
00000000001011110001100011100110
01010111100001110100100010010010
00000000000011111100101000101011
10101000101011010010000101100110
00000000010101000101101100001111
11000100000011011010110001110001
00000000000111110100011001010101
01111000011000011101111000001110
00000000011000101111110101110101
10011011010000111001100110110010
00000000001001101111100110110101
11111011010100101110011011101110
00000000011010001101101110100100
00110110111111011100111011011001
00000000010010110111011001000011
11110100001111000110101001110001
00000000000001010010011000001110
01111000011000011101111000001110
00000000001011101010000001101001
01011110010001101000110100110001
00000000000101110001001110110000
10011110110111111101110111111100
00000000011101110001100111111110
01100101011001111100011110011011
00000000001011000001110111001111
10000101010000010111101100011001
10001010111100101001101010001101
01110111100101101001010000001001
00000000011000001001100010110101
01100101011000101011101011000100
00000000011110011011110010111010
01000000101100010001000100101101
00000000010010010011001001101111
10010111101000001000001001000110
00000000001111011011100111100001
11000111110000011010001101110111
01111010010101010110100011001101
10001000100010000100001100001101
00000000010110000101101110001111
00000000001011011100010110000110
00000000011110010110100101100000
11001011010011000101100000111011
01111101100011011101010010100111
01011010100000000101001010100111
00000000000101000101000110010100
00110101101100110111111111011010
00000000001011000001111100100101
01101111001000001111111101111111
00000000000011111111110000000011
01001100001000000101101000010000
00000000000001001010110111110110
11110111100101101001010000001001
00000000000111010100101001011011
01100110110111110010101000010100
00000000010000001100100011001011
01110000101110100000100011110101
00000000010001111100100110000001
10101011000101111101101001001001
00000000001110001011000100101101
00000101001011110011110010010000
00000000011000110011010001001110
11010010101011010000100010110100
00000000001000001101101010001110
00000000001101100001111011111111
00000000010100010111010111111010
00000000011111001101101001101000
00000000010100100000000101001100
10010101101000000010100010111000
00000000011010110100111100101101
01110110100010111111001001010111
00000000001000111011000000011111
11111000110000110000011111101010
00000000011111100100110001111101
11000111010100111100011000101110
00000000010011011101110110001010
11010001110000000011011011100000
00000000001100110101011111010000
00000000000000000000000000000000
00000000010110110100010011000000
10100000011110011001100101101101
00000000001110100110000011010101
00110010111101101000010011111111
00000000010011010110101011100110
01111110011000010110111001000001
00000000010101100100111000111101
10000010101110101101101011000101
00000000000101000000001010111010
00000000100110101010111011000000
00000000000111010111111011011011
11100011010011000010000000010101
00000000011011101010010100101100
00111001111001101101011111101111
00000000011111001111110100110000
01000110101001100001111001100111
00000000011011011001110000011101
10010110101010101000001010010110
00000000000011000110101010001000
11111011010110110111011100111011
00000000000010000100110001011011
01010010001110101101001111100000
00000000001000111101110000010000
10001001100010100010010110010110
00000000011101100010011010000111
00111101010011110110000110011010
11111010010101010110100011001101
01110101101100010010000110010001
00000000000000001100101101110110
01001110000101100111010011000101
01111100000111100100000011111010
10010101010001100111111100000010
00000000011110111100110111001000
10001000100010000100001100001101
00000000011111100000101101100110
01111110111000111110111000101100
00000000001111011011111000000010
00010110111000000111111000110010
00000000000101000100100001011111
11111011001101001110110010001010
00000000010011010110010000001111
11111100001101111101011101111110
00000000010111110100111011001111
10100010100100110110010101010010
00000000000001000001010000100111
01111100100100001111101010101000
00000000011010100001000010011011
01111100001010110101101100101111
00000000010110101111010101100011
11000101000011011100000111110110
11111010010101010110100011001101
10011001000111001101111101010110
00000000010001100111010110000101
00000000011110110100110110011101
11111011010100110000111001111011
10101111011001001000000010000100
00000101001011110011110010010000
00001101101000011010100011001101
00000000001111001000111100101101
01100111011110010110000000111110
00000000001100000110010000111101
11101001011110111101001011001100
00000000010110001101110010111110
10011100001101110101011110111001
00000000011101000110100010011011
11111011100111101100110110101010
00000000001011011111111011110000
11100011010011001010101110111010
00000000010000111101101011001011
01111000100101100100110110010010
00000000000111001001110011101111
01010111101100010110110001110110
00000000010101010010101011000110
11001000000000010010110101101010
00000000011001110010101111101101
01110101100111100100010001011110
00000000001011011110010101011001
11100101100111001001011000111011
00000000001101010100111000000101
11001011000100100101000110100100
00000000010010010011011100011001
01111011001010000110111001010111
00000000001100100110001110010000
10101110000100101011110111000101
01111100000001101100111010010101
01000110001011000011110100100100
00000000000010110111001100101001
01011110010001101000110100110001
00000000001000011110101000111100
00000110111110010111101100001010
00000000001101001011110101010001
01111100010100101000010010010111
01111100000111100100000011111010
00000110011001000010011010110010
01111000011000010010000110100100
00000011110111111101011000100010
01100101011001111100011110011011
01001111100110000011110101100000
01000110001011000011110100100100
11010101001100110101010111000001
01001011001101010001000011100010
01011110010001101000110100110001
00000000010110000011110101111111
01001011001101010001000011100010
00000000010111001000000001000111
10100100001100111110011000001000
00000000001000000100110000001111
10100110111101111001001011001100
00000000001001110011010100111000
00101011000101111101101001001001
00000000011000110101001101000110
00101110010010101100111101011011
00000000010000111000100011000111
11100111000111001111011010110010
00000000001010011001110110011011
11011110010001101000110100110001
00000000000111110011111001000000
11111011010100110010001001000100
00000000001010010100000000000100
00110111010110010011011101111111
00000000010110100100010001101011
10000110100000101000000100100100
00000000001011100100101110101111
11111010101000000011001111010100
00000000011000100101011000100010
00111000101001001001001011111110
01111011101110000110101101000110
10001100111100011110011000001011
00000000011010001010110101101011
00000000000000000000000000000000
00000000001101011110101101110010
01110101100111100100010001011110
00000000011010000101100000010100
11011110010000001100010110011111
00000000001001111001111100100001
10001010110001111010111001110001
11111010110101010110100011001101
01111000000101101001010000001010
01111100001011001101110001101100
10000101000100010110000110101111
11111011101110000110101101000110
00000000001001111001111100100001
00000000000100000011110101011000
00000000011110001010100010111101
00000000000000001011110111000100
11111100001101111101011101111110
00000000011010011101110100000001
11010111101101111110011011010101
00000000010011101110010010101011
10010110110100011110111101010000
00000000000111000010011111101011
11011110111000101011110011110011
00000000010010100101100100001101
11111011100111101100110110101010
00000000001010001000001100010101
10010000010101011100111110110101
00000000001011101110000111000011
01011110010001101000110100110001
00000000011010010101100011000111
00011011010000111101010011110101
01111100010100101000010010010111
11010010010111000011111010101100
00000000000010010101110010100101
00100100010111111000101111010101
00000000010011000101100101110101
10110110001011011100010111010110
00000000011111111110100100110011
11100010101110000001101100101011
00000000001010111110001101111110
11011010010111100110110110011001
00000000010111000000010100110101
11000010100110010111001001111011
00000000000101010110010100010100
11100111011110010110000000111110
00000000001110001111000010000101
00110010010000011010110101110100
00000000001101100001111011111111
01111000100000000101010011010010
00000000010001101100100100001101
11111011000000101111010010010011
00000000010001111010000101101110
00000000001011011100010110000110
00000000000111000101100000001011
10100111110111010111000111100000
00000000000100100000000011100011
00111011000101010000011000010000
00000000000011010101111001001000
00110100001010001010100111110100
00000000000110110011011101010011
10101110110100110001000100001111
00000000011110001100001011100101
10100001010000000111111000001111
00000000001000111011010011100010
00011110111001111101000101011101
00000000000000000000000000000000
00001100110000110011000100101011
00000000011110010011101101001001
00111101010000001110010100010000
00000000011111100000000101111011
01101001100010001001011101001000
01111011000000101111010010010010
00000000001110111110010100110011
00000000000010111100100000111010
00010111001101111010000011110111
00000000001111001010001101001011
10000011110111100111001110011111
00000000000110000011100000101001
01010111011000110101011010010000
00000000010101100001100000101101
00000000101100000010001110111101
11111010010101010110100011001101
01000111101100101111011100011011
01101111110101110001100000101111
10111100101000111111101010010000
11111010110101010101111101110110
00011000011111101001001111000010
00000000010100010100111101000101
01100101110000011101110000111101
00000000000010001001010111101110
01110100100101010111001111010010
00000000000110010111101011011110
10101100001101101000100100110100
00000000011011010101100001001011
01101001010001001000101001101101
01011110010001101000110100110001
10000100000011111000101101010001
00000000011001010010010101110101
10000001110100101100010000011001
01110100100101010111001111010010
11111011000000101111010010010011
00000000011111011010001000101100
10000100001001000001010010010010
00000000000101000000000100000110
00000000010011011101110110001010
00000000011000101011000001110001
10100001101011110101011010100010
00000000000111101101100001100011
00011000010101111111001110101010
00000000011001100101101010100001
00111010010010111100011101110001
01011110010001101000110100110001
00101011101110110111000110110001
11111010010101010110100011001101
11001010011011011100101100110101
11111110111000111111010101000001
10010100000010000111101100010010
00000000000000101100001001101001
01000000100001101110110100100101
10001000100010000100001100001101
11000100111000100011011011111111
00000000011001011000000110011010
11101011100100101100000000010010
00000000000010010001011110110100
00010001000001101000001000000101
00000000001111010100110111111011
10110111010010001011010100100110
00000000010011011101110110001010
01011001101100001010100110001111
00000000011011111000001011010100
00011101001101100101100110001101
01111010110101011001000001011110
01110010100000100101001100010101
00000000000111101111010101010110
00000000001011101111110011011110
10111101101001011001010000110101
10001001101111101101000111101011
00000000001000111110010010011001
00111011001000000101011000100010
01110111100101101001010000001001
10101001111110000010011110100001
00000000001001001000000101100000
01010101110101110000100000001110
00000000000000101000000001100110
11001011001010000011010001110011
00000000011101010100110000000110
11010010100100001100111010100111
01110111100101101001010000001001
01111000011000011101111000001110
10001000100010000100001100001101
11001111101000110100101001001111
11111001111101010010000110010111
01100010010111001111101110101100
00000000001111111011110110010101
01001101101000001001010101100101
00000000011000100000100101001001
00101001100100000101011100101000
00000000001111001011010011010011
00011100111101011000100110101011
00000000010101110011101000110011
00000000001011011100010110000110
00000000000111100011010100000010
00101001111111000111101111010001
00000000000000000000000000000000
11010111001011011100011011001100
00000000001010010100000000000100
01111011000111011011010001001000
00000000011000001001011100110100
11010010101111001101010110111110
00000000010001000110101101111011
11100111001000000010110110111001
00000000011110110011000101001110
01011110011101100101011000110000
00000000000001111101100010010000
01111100000001000010101001110100
01111011111000000100011111110011
00111110010110110110001000111101
00000000010100010111111000110111
00111001101110001101010100001001
00000000001110011001000000100101
01111001011000111101100001111101
11111011100111101100110110101010
01011001101101110011010101100101
00000000000110000101100110011000
00111011101101100010101001101001
00000000000111000111100011010111
10101001100110000100010011110110
00000000000100001011011110110111
10001100011001110110011010011000
00000000001111100101101011110011
11001101010010111011101001100110
00000000000110000100000101011000
00000000111001000001011101011101
00000000010100011001001010001111
00110110100011011110011101101001
00000000001111011011111000000010
00111101000100101101010100101110
00000000000010100000010111110111
11000100010110011000100011110101
00000101001011110011110010010000
01000111111010111111101100111111
00000000011110110100110110011101
11100110110100010100000010100101
00000000000001100010111011010000
11111011101010110000000110000111
01111001001010010000100001010110
01010001010000010000111101111110
00000000000000000010101110100011
11011111000011100000001101101001
00000000010100100011101001010100
00111110110010011000110111111101
10001000100010000100001100001101
00101000010010101110010110111101
00000000011111101100111110010101
11000101110101001011010110101010
00000000000001100110011010001001
10010100010100100000111100110100
00000000001110001101011101101000
11111011101010110000000110000111
00000000011111100000101101100110
11010011111011100101011000011001
00000000011111100011110010000010
11010011000011110100110101111101
00000000000000000000000000000000
00111011111100010110000000000010
00000000000111110011111001000000
11011001111001000000000101011010
00000000010011000101001111101111
10001000100001010001000011011110
00000000000110011101000110100100
00000000000000000000000000000000
00000000001011110001001101001010
11100000110011010111001000100010
00000000011101011001101010000011
00000001111101011110110111000001
00000000001100011001011011000011
01101010101000011101011011100010
00000000000111110100000111011101
11001101110010111001100011010111
