01111111110000000000000000010011
01111111110000000000000000010011
01111111110000000000000000010011
10110100100100000010001000100111
00111000100000000010010010000111
00001110000000000010100010000111
00100001010000000010110100000111
10011110010000000010010110000111
11001010111100000010010000100111
11000010110000000010111000100111
01100011110000000010001100000111
00000001110101001000111101010011
10101100000000000010100110000111
00110000000000000010100110000111
00001000011010101000101011010011
00001000111110000000100101010011
00001000010111011000000101010011
11110100100000000010111110000111
01010010011100000010000000100111
01111100010000000010000000100111
11100011000000000010010110000111
00000000011111000000110111010011
00000001100100100000001011010011
00000000011100100000110101010011
10010010100000000010001110000111
00000001111111000000011001010011
01011111110100000010010000100111
00000000100011101000111011010011
01100110011100000010101000100111
00000000100110010000111111010011
01010111110000000010110100000111
00000001011001011000111111010011
00000000010100111000100001010011
11110111110100000010111000100111
01111100111000000010100000100111
00001110001000000010110000100111
00101110100100000010001000100111
00001001100100100000101011010011
10001110100000000010011010000111
00000001111000110000100111010011
01111100100000000010101110000111
00001001110010010000010001010011
00000001011011100000011011010011
00001000000101000000001101010011
11100111101000000010001000100111
11100101010000000010110000000111
00001001101101000000000111010011
00001001111010101000011101010011
11110110101100000010111000100111
00000001010110001000011111010011
00011000010100000010101000100111
00000111010000000010010110000111
00000001110010010000001111010011
00001001001100110000110111010011
00011010010000000010111000000111
00000001100001111000011111010011
00001001001011110000010001010011
10100000100000000010110110000111
01010011010100000010101000100111
00011001000000000010000100000111
01110011110000000010100110000111
00001001110111111000100111010011
00011110001100000010010000100111
11001110110100000010001000100111
00101111111000000010100000100111
00000001011111100000011101010011
00001001001011111000100101010011
00000000001011100000010011010011
10110100010000000010000110000111
10000101010000000010100000000111
00001001100011110000100111010011
00001000001011000000100001010011
10101110111000000010110000100111
00001011000000000010110100000111
00000001001111110000100101010011
00000001110000110000101101010011
01110010100000000010011100000111
00000000111011011000011001010011
00001001101101111000011111010011
00001001011101011000100111010011
01011101101100000010000000100111
00000001100011011000110011010011
11110100000000000010000000100111
00001000011100001000001011010011
00001001010011011000101101010011
00001000100100011000001001010011
00001001000001110000101001010011
00000001110001000000000101010011
00001001001010011000100111010011
00000001011111010000101011010011
00000000110001101000010111010011
00000000100001010000111111010011
00000001110110001000111111010011
01001110000000000010111000000111
10100010100000000010100100000111
00000001100000001000110101010011
11100101000000000010001000000111
10110111110000000010110010000111
00000001011101000000000011010011
11100110110000000010100100000111
00000001011111110000100101010011
11001110000000000010110010000111
11001011000000000010010100000111
00001000100100100000000101010011
11011100100000000010011000100111
11001101010000000010111100000111
10010111010000000010000100000111
00001001110010111000110111010011
00010110110000000010001000100111
10100100000000000010100010000111
10011001011000000010001000100111
00000100011100000010110000100111
00000000010110000000011111010011
00001010010000000010100100000111
00001001101011111000010101010011
00010010010000000010110000000111
00000000110000101000011011010011
00001001101011100000101101010011
00000000111111110000011001010011
10000101001000000010010000100111
01101010011000000010101000100111
10110111100000000010011110000111
00001001101110000000011001010011
10001111011100000010011000100111
00000000100100100000111001010011
00010101000100000010010000100111
00000001000011110000100011010011
00001000101101011000111111010011
01100010111100000010111000100111
10110000100000000010110010000111
00001001001111100000000111010011
00111100000000000010111100000111
00001001010101111000110111010011
00101100100000000010101000100111
00000000110001010000100111010011
00000001110100000010000000100111
11010011001000000010111000100111
01101001000000000010111110000111
01100100011100000010010000100111
00001001111101101000000101010011
00000000100000010000100011010011
00001000101101111000101111010011
00001001100010100000011101010011
10000111101100000010000000100111
00001000111101110000010111010011
10000000000100000010011000100111
00000000101110011000011011010011
00000000001110011000011001010011
00001001001001000000101111010011
10010101110100000010000000100111
01110111100000000010010000000111
10100110011100000010110000100111
00000000101010001000100101010011
00010111000000000010111010000111
00001001001010110000111111010011
00000001110101111000111101010011
00001001110011001000000111010011
10100001000000000010100000000111
01010100110000000010100110000111
00010001100000000010010000000111
00001110111100000010111000100111
11011100100000000010000010000111
00000001110000101000100011010011
00001000011100100000100011010011
00001000111011011000101101010011
00000000111101001000111011010011
01111001010000000010110100000111
00000001110011101000000011010011
00001000001010011000010101010011
00000001011010110000010001010011
00001001101100010000101111010011
00100101100000000010011010000111
00000000001011000000000111010011
00000000101001101000101101010011
00000000011011010000000101010011
00000000011110110000001111010011
00000001110100100000110101010011
00000000001011110000011101010011
01011001010000000010011100000111
00000001001000011000011101010011
00001000011001011000110111010011
00000001010100110000010011010011
00001011111100000010000000100111
00001001001000000010001000100111
11010100000000000010000010000111
01110111101000000010010000100111
00000001010010111000001001010011
11001100001000000010100000100111
00111111110000000010110100000111
01011000010000000010010000100111
00001000010000000010011010000111
00100001100000000010100000100111
00000000111001000000110111010011
00000001111110111000111011010011
00110001000100000010100000100111
00001001010011001000010101010011
10011110010000000010011110000111
00001000111100101000011111010011
00000000110111101000110011010011
10010101110000000010011100000111
00000000000010001000011011010011
00000000100100101000001011010011
11011001110000000010110000100111
00001001001100100000011011010011
10110110011000000010111000100111
10111010000000000010111010000111
10110100000000000010010100000111
11100010010000000010000000100111
00101111010000000010001010000111
00000000010001100000111001010011
00001000110100000010110000100111
11011100010100000010100000100111
00100001001100000010110000100111
00000011000000000010111110000111
01001111010100000010100000100111
00111001000000000010111100000111
00000111000000000010010000100111
00001001101001101000110011010011
10001110000000000010011000100111
00000001111000110000100001010011
00001001111101100000000011010011
00000000111000111000110011010011
11101101100000000010000010000111
10000011011000000010101000100111
00001000011111011000100111010011
00000001110011011000010101010011
00101010010000000010100110000111
00101001010000000010101000000111
10100011100000000010110100000111
00001000001100010000011111010011
00001101100000000010100010000111
00000001101101101000001011010011
00001001100000011000010111010011
00001000101110101000100101010011
00000001111110011000110101010011
10001010010000000010111110000111
00001000001110000000100111010011
00001001101001011000001001010011
01001110010000000010100010000111
11000001101100000010000000100111
10111011000000000010001100000111
01001110000000000010110110000111
10101100100100000010100000100111
11010010111100000010000000100111
00000001000110010000000011010011
00101111001100000010101000100111
00000001110011000000000101010011
10111010001000000010111000100111
00000001011110111000100101010011
00001000010101101000101101010011
00000001101110101000011011010011
00000000000110001000100011010011
11110000100000000010001110000111
11011110101100000010001000100111
11110110000000000010001000100111
00110110000000000010011000100111
00001000011011100000111111010011
00001000000001110000111001010011
00001000111011000000101011010011
01010011010100000010100000100111
00000001000010010000010001010011
00001000010100111000011011010011
00001000001000110000100101010011
10101110000100000010000000100111
00001001011000100000010001010011
00000001000000000000000111010011
00001001111011011000101111010011
10111101010000000010110000000111
01101101100000000010101000100111
00001001110111100000101111010011
00010101011000000010000000100111
00001110001100000010101000100111
00000000111100100000011001010011
00001001011101010000001111010011
00001000101110100000010111010011
00001000100110001000100011010011
00000000000101001000100101010011
00010010010000000010001100000111
00000000100010110000110001010011
01101100010000000010110010000111
10111111010000000010011110000111
10101101110100000010110000100111
00001001000000101000111011010011
00001011111100000010000000100111
00001001100100001000110111010011
00000000111000110000100011010011
01110011010000000010111100000111
01111101010000000010011110000111
00000001100000011000111111010011
10001101000100000010011000100111
00001000010111010000000111010011
00000001010110001000011001010011
00000001111000000000101101010011
00001001000100010000101111010011
10000010010000000010101000100111
00001000010100101000111001010011
00000000001010011000101111010011
00000000111111111000111111010011
00110110111000000010100000100111
00001000100011011000000111010011
00110000100000000010000100000111
01111110010000000010101000000111
00001000001111100000010101010011
00000000100011011000001111010011
00000000110011010000001001010011
00001101100100000010011000100111
00000001110000001000010101010011
10101010010000000010001110000111
10010000010000000010100100000111
10111110100000000010000000100111
10100011010000000010110000100111
01100110110000000010001110000111
01100110101100000010100000100111
11010101000000000010110100000111
00000001001000011000000101010011
00001001110010010000111001010011
00000000001110001000100011010011
00000001100011110000000101010011
00101000001100000010011000100111
00000000001111101000101011010011
00001001110100001000100111010011
00001001101001010000010101010011
00000000100110000000111011010011
00000001010100101000001111010011
11100010010000000010100100000111
10001000000000000010100100000111
00000001100100010000101101010011
00000001000111101000100111010011
00001000111001111000110101010011
11111001010000000010001110000111
00001000000011101000011111010011
11001101101100000010000000100111
11001001010000000010011110000111
00101100110000000010110010000111
11000011100100000010100000100111
00010001111000000010110000100111
00000001011010100000011001010011
01001001010000000010111000000111
00000001100101011000111101010011
00000110110000000010111010000111
10000011010000000010011100000111
00000000110111001000001011010011
00101000100000000010100110000111
00001001011101101000111111010011
00001000110000010000011101010011
11000010110000000010010000100111
10011101100100000010010000100111
00001000001101001000000011010011
00000001100100101000010001010011
11110111000000000010011000100111
01001111000000000010100000000111
00000000110000100000100001010011
10001001011100000010010000100111
01010100100000000010111010000111
01111001100000000010101000000111
00001001010000010000111011010011
00000000110101001000100001010011
10011101001000000010010000100111
10110000011100000010011000100111
10011010010000000010110010000111
00000000101011010000110011010011
10101001010000000010001100000111
11101110010000000010010110000111
00001000000010000000100101010011
00001000100111111000010001010011
00000000010101000000101011010011
01011101110000000010001100000111
10101000101100000010100000100111
00000001111001100000011001010011
00000001011000000000110101010011
00000000000001011000111001010011
00001000010000000000101101010011
01010010111100000010110000100111
00000001111000111000111001010011
00000001100001000000011001010011
00110001010000000010100000000111
00001001100001100000011001010011
01101001001100000010010000100111
00000000111000000000010011010011
01101110111000000010100000100111
10011010010000000010100000000111
11101110110000000010011110000111
01001110100000000010001110000111
01000100000000000010011010000111
00000000100111101000011001010011
11011110100000000010110010000111
10101101110000000010011000100111
00001111000000000010001000100111
01010101110000000010010000000111
00000001110111100000001111010011
01111000110000000010001000100111
00000000001000100000110111010011
11111010100000000010010000000111
00000001111010100000110001010011
01111101000000000010111010000111
00001000110100000010110000100111
10100010010000000010110010000111
00000000100000111000011111010011
00111011110000000010010000100111
00001001100001011000111101010011
11111000100000000010001000100111
00001001010010111000001101010011
00001001010110111000100101010011
00101000000000000010000010000111
00001000110000111000010011010011
10111000101000000010000000100111
01110101100000000010100000000111
00000000110100100000101101010011
01001111101000000010011000100111
01101111100000000010010000100111
11100010001000000010010000100111
00000000110010100000000111010011
11101101100000000010010010000111
00000001110110000000001011010011
10100110011100000010011000100111
00001000010111111000011111010011
00100010100000000010001110000111
00000001100000001000110111010011
00001001100010011000101011010011
00001000110011011000001011010011
00000000100001000000011111010011
00000000000110000000010011010011
00000001010010111000001001010011
00001001000000001000110011010011
00110011110000000010100110000111
00101010100000000010000110000111
00000001110010110000100001010011
00001001011101100000101101010011
00000000110100111000011111010011
00000001011010011000101111010011
11100010010000000010001000100111
00000000000001000000111101010011
00001000110001111000000011010011
01100010000000000010001100000111
00001000101110011000101111010011
00000000010011110000101001010011
10100000100000000010101010000111
11110011100000000010111110000111
01100001010000000010011000100111
00001001111000010000101111010011
00000001111100001000000011010011
01011100110000000010101010000111
10011110010000000010100100000111
00001001000111000000001011010011
10100000011000000010001000100111
00111110000000000010001000000111
00001000111111110000011111010011
00000000010001000000100111010011
00001000111101101000101111010011
00000000011010001000100111010011
00001000011000001000100001010011
00000000010110001000100011010011
11000000010000000010010000000111
10000100000000000010010010000111
00001001100101100000110111010011
00001001011000110000010111010011
00001001111001111000011101010011
00001010110000000010100000000111
00101100000000000010100000000111
00000001110101000000101111010011
00000001101100111000001111010011
11110000111000000010101000100111
00000000011000111000010111010011
01111011100000000010000000100111
00000000000100011000110101010011
00000000001000011000101101010011
00000000100001110000101011010011
00001001010001111000001011010011
00111001100000000010110010000111
00000000000001001000100101010011
00000001110111001000001101010011
00000000111100000000010011010011
10111100100100000010001000100111
00001011101000000010001000100111
00001001101010110000001101010011
10010100100000000010000100000111
10101100000000000010100000000111
00010101111100000010110000100111
01100000010000000010111010000111
11011100110000000010110000100111
00000001000100011000111001010011
00001000011110110000111101010011
00001001110110101000101101010011
10010100001100000010010000100111
10011010000000000010001100000111
10111010010000000010001010000111
11001011110000000010001000000111
00101100110000000010010100000111
01001110110000000010100000100111
11110010100100000010011000100111
01010010100000000010101000100111
01111000010000000010101100000111
00111000000000000010100110000111
00000000100111111000011111010011
00101100110000000010010100000111
10101000111000000010110000100111
10110101100000000010110000000111
10111000110000000010010010000111
10001001001000000010001000100111
00001000100010010000011011010011
00001001001001100000001001010011
00010111000000000010011010000111
00000001101101010000001111010011
01111101101100000010101000100111
00001000011000000000101101010011
00001001001101101000110111010011
00000001110100001000011111010011
11011111110000000010001110000111
01100101110000000010001000000111
00000000100101011000100001010011
01101010001100000010110000100111
00011110000000000010101110000111
00001000001011100000101111010011
00100000110000000010000010000111
11100000100000000010010000000111
00000001100001110000011011010011
00101010000000000010000110000111
00000001010001111000100111010011
00001001111000000000010111010011
01111111000000000010011100000111
00001001000001001000111101010011
00001000110111010000011001010011
00001001100010010000010001010011
00000001001100001000111101010011
10110000100000000010101100000111
00001001100011100000001001010011
00001001111001000000011011010011
11111111101000000010100000100111
00000001110010001000101001010011
00110000111100000010001000100111
00000000101000100000011101010011
00000001010010110000101001010011
01010000100000000010100000100111
00001000001110010000001001010011
00001001001110001000000101010011
11110011110000000010111000100111
10101010110000000010000010000111
00000001101111011000001001010011
00001000010000111000010101010011
00001001101111000000000111010011
00001001001011110000001001010011
00000001000011111000101111010011
00001001011110100000111101010011
00001001100111100000100101010011
00000001111110110000100001010011
10000101111000000010111000100111
00001001111110001000000101010011
00001001010010011000011101010011
11011110100000000010001000100111
00001100101100000010011000100111
00110001110000000010011100000111
01101111110000000010011000100111
11001011100000000010110110000111
11010000100000000010011010000111
11010100000000000010001010000111
10001001110000000010101100000111
01000011110000000010010110000111
11111101100000000010100110000111
00001001001110110000111011010011
01010111010100000010111000100111
00000000001100100000101011010011
11111010010100000010111000100111
00001000100100011000111011010011
11000111000100000010101000100111
11110000000000000010000110000111
00011111110000000010110110000111
00001001101101101000001001010011
00011001000000000010100100000111
00001001001010001000110111010011
01011010010000000010100010000111
01101101100100000010100000100111
00001000101001011000001101010011
00110010110100000010110000100111
00001000000011100000100011010011
00000000101111100000011011010011
00001000001000000000000111010011
10100011001000000010111000100111
10001011110000000010100110000111
10001111110000000010100100000111
00000001000110011000110011010011
00111001100000000010100010000111
00000000000001111000001111010011
10101000100000000010001110000111
00001000111110010000100011010011
00000001000110001000110101010011
01010110110000000010010100000111
10010101110000000010010000000111
00010001110000000010101010000111
00000001101111100000010011010011
00001001110111111000100001010011
00001001011000111000111101010011
11000011100000000010000000100111
00111010110100000010111000100111
00000001010001110000000101010011
00001000101111101000011011010011
00001001101000001000010001010011
00111001101000000010100000100111
00000001010110101000000101010011
01000001000100000010111000100111
00001001101100111000110111010011
00000000111100001000111011010011
00001001010010100000000111010011
01101111101000000010000000100111
10100100010000000010001000000111
01010111100000000010001000000111
00001001110110100000001001010011
00001000101100001000101001010011
00000000111011000000001001010011
00000001111101100000100111010011
00000001010110000000011111010011
00000000111010001000001011010011
00001001010000111000001001010011
11100010011100000010111000100111
11111010010000000010001010000111
00001000000000000010100000000111
00001001110000010000101111010011
10011101111100000010011000100111
01010000011000000010100000100111
11101011001000000010001000100111
10000110000000000010100110000111
11001111000000000010011110000111
00001001000001010000010001010011
00010001110000000010100010000111
00001001100101001000011111010011
00001001011010001000101111010011
00001001010011010000110011010011
11110101011100000010000000100111
00000001100100100000011011010011
00100100000000000010011100000111
10011000010100000010111000100111
00001000100000110000010101010011
00000001001100000000111111010011
00001000110000000010101010000111
01010111001000000010111000100111
01100110010000000010001000100111
10111101001100000010010000100111
01000011011000000010010000100111
11101000110000000010110100000111
10010111111100000010001000100111
00001001010010110000010111010011
00001110100100000010111000100111
00000000011000101000001101010011
11010000000100000010011000100111
00001000100000011000100011010011
11100010101000000010101000100111
00000001001001110000100001010011
00001001111101000000011011010011
00000000011111111000001101010011
00001001010101011000011001010011
00001001110011011000110101010011
10110100110000000010100000000111
11111000010100000010111000100111
00111000010000000010001000100111
11100010000100000010010000100111
00001001000111101000011001010011
01101100000100000010110000100111
11010011001100000010101000100111
00100110010100000010110000100111
10011001000000000010001110000111
00010001000000000010001100000111
01000001010000000010000010000111
00001001101111000000111001010011
10011111010100000010011000100111
00000001010110101000110011010011
00001000100011100000100001010011
00000001101110000000100001010011
11010010100000000010110000000111
00001000011000111000101101010011
00001001010011101000100111010011
00000001110111101000000111010011
10010000100100000010110000100111
10100110010000000010011010000111
01111000111100000010011000100111
00001001010011000000001101010011
01011111100000000010001010000111
00000001001011100000011011010011
00001001101100110000100001010011
00001001000000000000110011010011
01101000011000000010010000100111
00001000000100001000110101010011
10001000110000000010011110000111
00001001101011011000010001010011
00000001110000000000101111010011
00001000000001110000100101010011
00000000100100100000001011010011
00001001011011101000111011010011
10110111000000000010110100000111
00001000010111000000010001010011
00000001100110011000111001010011
00001001101111101000101101010011
00001000001110110000011011010011
00111010110100000010000000100111
10000101101000000010111000100111
01101010010000000010001000000111
00000001110111100000001111010011
11000000100000000010010110000111
00000001110100011000001001010011
11110110101100000010111000100111
00000000000000000010000000100111
00011010010000000010000110000111
11011000010000000010001110000111
00111111000000000010011100000111
01110111010000000010111000000111
10101110110000000010001010000111
00001000011101111000001101010011
11010000011000000010111000100111
00000001001011001000100001010011
10101110010000000010110110000111
00001001110110011000101011010011
00001001011111010000100111010011
00001001001101110000010111010011
00100011011100000010100000100111
00100100011000000010101000100111
10011011000000000010110000000111
10110111001100000010111000100111
00001001101001011000011101010011
00000000100000011000100111010011
01110001010100000010000000100111
00000001010001001000100101010011
00111100110100000010100000100111
11001101010000000010001010000111
01011001001000000010111000100111
00001000110000011000111111010011
00111110000000000010010100000111
00001001101111101000011111010011
00000001100010000000100101010011
11001111000100000010010000100111
11010000010000000010000110000111
01010111100000000010111010000111
00001001100000001000110011010011
01100000001000000010000000100111
00000001100111110000111101010011
00011111010000000010000100000111
00001001111000101000001101010011
11111001110100000010000000100111
00000000110010111000011011010011
00001001010111001000010001010011
10100111110000000010100100000111
11000001001000000010100000100111
10011101000100000010010000100111
00000000110100111000111001010011
00001000000111101000011101010011
00000001110001101000011001010011
00000000111100010000100111010011
00000001001101000000011001010011
00111100010000000010001010000111
01000000100000000010110110000111
00001001111100000000010111010011
00000000000001010000100001010011
10101101000100000010100000100111
01111011001000000010010000100111
00000000011010011000011001010011
00000000011000100000101001010011
00000001111001011000110101010011
10111101110000000010100010000111
10110001110000000010100000100111
01110011111000000010110000100111
00001000110010100000110111010011
00001000101100110000010011010011
01011011101100000010000000100111
01010001000000000010000000100111
00011101110000000010111010000111
11101001010100000010110000100111
00000001110001001000101001010011
00101111110000000010100100000111
01010000000000000010000100000111
11101011110000000010001100000111
00100001100100000010110000100111
00000000010111111000110101010011
11111001010100000010111000100111
11101011010000000010010010000111
11111000110000000010101000100111
00001001111100011000010101010011
00010010100000000010101100000111
00000001011100111000101011010011
11000101110100000010000000100111
00100100110000000010000000100111
00000000010111101000011001010011
11110101000000000010100010000111
01000110111000000010000000100111
00001000010101010000010111010011
01011010111100000010101000100111
00001001110011011000001111010011
11111101110000000010101010000111
10101010100000000010101000000111
01110111101000000010111000100111
10010110110100000010100000100111
11100111000000000010001100000111
00001001100111110000011101010011
01000000110000000010011110000111
00001001110000010000010011010011
00000000101110011000100011010011
00111001111100000010111000100111
00000000001010100000000011010011
00001101100000000010010000100111
01101001101100000010001000100111
11011000000000000010001000000111
11101100110000000010101000100111
00001000110000010000010101010011
10101100110000000010000110000111
01101011100100000010101000100111
00001001100011110000000111010011
00000000011111011000100111010011
00000001110011000000110001010011
00110101110000000010000110000111
00000001101001001000101101010011
00001111100000000010001000100111
00000001101110111000110011010011
11011111100000000010110110000111
01110000110000000010110000100111
00000001000011110000111011010011
00011001110000000010101100000111
00001001010010001000010011010011
11000010011000000010101000100111
00001000000101101000101011010011
00101110110000000010010000100111
11011010110100000010010000100111
00001000101100100000101011010011
10011100100000000010011010000111
00001001010001000000010001010011
11110100110000000010000110000111
00011101101100000010101000100111
11110010000000000010100000000111
00001001100101001000011101010011
11110111110100000010100000100111
00000000011010100000111011010011
00000001111001111000101001010011
10101100100000000010001000100111
00001001111000010000011111010011
00000000100111101000000011010011
11000111010000000010001000100111
00001000010000000000110001010011
00000000110001001000000111010011
00001001110100110000101111010011
00001001011100011000011011010011
00001001000001110000000011010011
00100011110100000010111000100111
01011000100000000010010100000111
00001000010101111000110111010011
11110110000000000010010100000111
00000001110100010000101101010011
00001000111100011000110101010011
10001000110000000010001110000111
00000000111011110000001111010011
00001000101000111000010101010011
00001001110100100000110101010011
00101101000000000010110100000111
10010101000000000010110110000111
00001000011001000000000011010011
11010100000000000010000010000111
00000000110010101000100011010011
00001001111100110000010001010011
00001001010101010000100101010011
00000001101000110000101001010011
00000000100010111000101111010011
11111100010000000010111000100111
00000000111100001000100001010011
01100101110000000010000000100111
11101111010000000010101100000111
11100011100100000010011000100111
00000000010000011000100001010011
10011000110000000010100110000111
11000101100000000010001100000111
11110100110000000010111110000111
01101101001100000010001000100111
00001000011100011000001101010011
01100110000000000010111100000111
00001000011010000000100111010011
00000001110010011000101001010011
00000001011000011000101111010011
00001000101110001000010111010011
01001010110000000010000010000111
01000001100000000010001100000111
10001100000000000010110010000111
00001000100111011000010011010011
10101111000000000010101000100111
00010010010100000010110000100111
00000001011011100000110101010011
00000011110000000010001000000111
00000001111011010000001111010011
00001001100011010000011001010011
00001000000101111000000011010011
00000000000001010000000011010011
00001000011111100000101101010011
00001000001011101000010001010011
00001001101010101000110011010011
00001001110111110000001101010011
10111000011000000010011000100111
00001001101011101000110111010011
00000001011110100000011011010011
10000110100000000010101000100111
00000001000010010000011101010011
10110011100000000010110010000111
00001001101110111000111011010011
00000000010010000000100101010011
00000001001001100000000011010011
10111011110000000010001000100111
00000001010001000000000111010011
00001001011011010000011001010011
11101000010100000010111000100111
00001001100101010000000101010011
00001000111100111000111011010011
00000001100001011000000111010011
00000001010110011000001011010011
00001001001111100000010001010011
01010010100000000010011110000111
11110101100000000010111010000111
00000001000001100000100001010011
00000101100000000010011000100111
00010001010100000010111000100111
00110100110000000010000000100111
10110001000000000010101000100111
00001001011001111000110101010011
11010000111100000010100000100111
00000000010011101000101001010011
11110000110000000010011000100111
00001001011010100000010101010011
10100111100000000010101100000111
11101100010100000010111000100111
00010001100100000010101000100111
00001001001011111000101101010011
00000001100010010000001011010011
01111101010000000010111010000111
00101110110000000010110010000111
00001001111001010000010001010011
01010000010000000010010100000111
00000000011001110000101001010011
10101110110000000010100010000111
01000000011100000010110000100111
00001111001000000010111000100111
11001001110000000010001010000111
01100111010000000010111110000111
10011110000000000010011100000111
00001000010110011000010011010011
10100011010000000010001100000111
00001010000000000010101100000111
00000000101111101000001011010011
00001001101110100000011101010011
00101011111100000010111000100111
00000000010001000000011101010011
00001000110000000010011000000111
00000000001100001000111011010011
10111001000000000010001010000111
11000100010000000010000000100111
00000110011100000010001000100111
00000000001110110000110101010011
10011111100000000010110000000111
00001001110110010000111001010011
01111001110000000010101110000111
10110010101000000010110000100111
01110011110000000010010000000111
11001001010100000010010000100111
01111101010000000010110010000111
01100011101100000010100000100111
00000001001110001000110011010011
11100001000000000010100110000111
00001001000000011000110111010011
00001000010011110000100111010011
00101001000000000010111110000111
00000000000001110000110011010011
11100001011000000010001000100111
00001001010001100000011011010011
00000001110110111000110001010011
00001001111011100000001101010011
10001110010000000010111000100111
11000100000100000010101000100111
10110001101000000010100000100111
00001011011100000010000000100111
00000000111100100000100001010011
00111000000000000010011110000111
00000000010110000000100101010011
00001000110101010000100011010011
11000001111100000010101000100111
00000001110111101000100111010011
01111000111100000010110000100111
00001000100011000000111001010011
10100000010000000010010100000111
00001011010000000010000000100111
00000000011110000000111111010011
00001000110000000010001110000111
00000001100111001000101101010011
01110110101000000010110000100111
00001001100010010000101011010011
01100000011100000010111000100111
00001000001010011000101011010011
01110110100000000010010000100111
11110100100100000010001000100111
00110100010000000010000010000111
10100010110000000010110100000111
01000011010000000010000010000111
00000011000000000010101000100111
00110010100000000010011000000111
00001001101010111000101101010011
00000001010111100000100001010011
10100110000000000010111000100111
01111111101000000010011000100111
10111010000000000010111010000111
01010100110000000010100110000111
01111000100000000010011110000111
00000000010100101000001111010011
00001001101011011000110111010011
00000000011010010000001101010011
01110101000100000010111000100111
00000000010011111000111101010011
00000001100010000000111011010011
00000000101001011000010101010011
00001000000000110000001001010011
00001000111010000000000011010011
01000110100000000010100110000111
00000000101000010000111101010011
00000000010110101000010001010011
00001001100000000010011010000111
00001000111001111000011101010011
01000100110000000010010100000111
00001000101111111000101001010011
00000001110101110000001011010011
10000100100000000010010000100111
01001011010100000010101000100111
00001001010010111000100001010011
00000000101010100000010101010011
01110010100100000010000000100111
00001000111000010000100001010011
00000001001011001000011101010011
00000000000000000000000001110011
00000000000100100010000100000110
00100101111001000001001101011101
00000000000001101000011010111000
01000010111111100011111001111100
00000000010011011110011111101000
00001000111100100111100101100010
00000000000110011100010111010100
10110010011110010011111110101010
00000000000100011010000111101001
10010111100011010001110110010011
00000000010100010110001010011100
01100101110011010001110110011101
00000000000001110111001001010000
00000111010110101101101111001001
00000000010001101001110000011001
01000111000001111011100101101111
00000000011010100101110110001011
11111000100011111011110100110001
00000000000100101001001010101100
01110000110000000001110100100001
00000000011001111111000001010011
10011101100001100100010100111001
00000000010100110100110111001100
10101011001111101010001110010101
00000000011111101101001010100010
00101101001000001111111001011111
00000000000100001101001100000101
10111000101001110101001111100011
00000000001110010001101110111011
11100000010111010110111101110001
00000000000101000111101010010100
00000111001000111001000001011001
00000000011000011110110000100110
00101111101001001000011111111000
00000000010100111100000101001111
00000110111111010101111011110101
00000000011101001110110110001111
10000101011000010100011100100001
00000000000001100101110101001000
10000110001101001101011011110001
00000000010001000001101001111001
00010001010100000000001111000100
00000000000110011011010011110100
00000001111001010110011001000110
00000000010011011011011100110111
01100001010110001001110100001111
00000000011001100101110100111001
01100111011011000010010011001010
00000000000010111011001110011011
10110001011001000011010100011000
00000000011110100110110001100011
11011011001110111000101000001111
00000000010101011101101100111101
01101001101111011001010100011001
00000000010010001101100101110001
10111001111110001100000111001111
00000000011101101100111100010011
01100100100100100001010100010111
00000000000011110010001101011001
11010000001010111011001111111000
00000000001010000101100010111001
01101111111010100110011010101110
00000000000101101101101101111000
00110001011011101110100001111001
00000000010001011000011100111110
10011001001111101101101110110001
00000000001000110010010111110101
10001111001000101011111110011100
00000000011001101101110001001100
00010100011110111000101101110000
00000000001110010111000111011000
11111000001111111111000110110011
00000000010001011001001011101010
11001111110001010010011111111110
00000000001101111001100111111000
11100111011000100011011000111010
00000000000100001001001101111101
00110000011011101101111110001100
00000000001010000000111001101000
11010100101111001101010011100011
00000000000100110100101010110011
10000000010111000100001110111000
00000000011111011101011110011101
00010100111010011110110001010010
00000000010011101000011100101110
00101010000001011011101000111011
00000000010000011101111011101101
00000111101000001011111111001011
00000000001101010111110100001100
00100101110110110100100010101110
00000000010101010101000001000000
01111000011000010111000011010110
00000000010101110111110001100100
11111001011110110000111010001001
00000000010011101001110000001111
01101000111100111100101100101011
00000000000001101000110111001010
00000010100101100101000111000010
00000000001100011011100000101111
10011100100010110100010010100001
00000000000011000000111100001100
11101101100001101010100001010000
00000000010111110101001100001101
11010111011001100100000000011011
00000000011011111101111011001101
01001111010110100110001010000110
00000000001011010000100000111011
01010100100111010011011100000011
00000000010000110000010100011100
00110110110101010111111100011011
00000000000110011011000000000010
11000100101111001001011000110101
00000000010100100011101000100100
10010011100001011111010101101010
00000000011111101111000001110100
00101001100101001101001100111110
00000000011011000001001101111100
10010111101000011111111011011110
00000000001001001001001000101010
11000100100011010101011100101000
00000000001001000000110111111011
00011111111010000110011101100101
00000000010000101010011101001000
11010110011001010100000011001011
00000000011011100001010101110001
00100010101010000100010111011100
00000000011111000111010001000100
11100001010100001100000010010110
00000000001101111001011011011110
00001100011000100000101000001100
00000000000000111100110111110110
01000010001110100110100110010001
00000000001010011101111010111010
11010001001101100010101011111111
00000000010101110011000110111101
01110000110000011000101110011011
00000000000011110001001010011010
01101101011111101011100010111100
00000000010111000110111110111111
01011000000111110110011101101101
00000000010000110100000001011110
11110000101111010011111110010100
00000000010001111000110001010010
00001111111111111111001001101000
00000000010000010110110111110010
00000010000011110101111011110011
00000000000111100000010101111100
01011100011010110110001011011011
00000000000110001010011111100101
11011100111000110011001111100000
00000000010011001010100110100100
01000010110110000111101011001101
00000000010110110001110011001100
11000001110111100000001000100001
00000000000000011100000101010111
11011111101010010111101111000101
00000000010100010111111010110010
01011011000001101001011001010111
00000000001101001000110100110011
10110011101001000101110010000101
00000000001010011000010011000111
11011010111010110011001111000010
00000000010101000010110101010000
01010101001001110111011010100011
00000000001100001001101011001001
01010001001001000011100111010101
00000000000111111101011000101000
01010000110101101011100101010011
00000000010101011001001011100011
10010011101011011110110000000011
00000000000111111000001000111110
11011011011111111101000100010010
00000000001110101011100000000010
00011111011100111011000011011000
00000000010111010100011000100011
11010001010101111010100111000100
00000000010011101010011111101101
01001101010010000110101011000001
00000000011101000011000101001101
01111011011101110110101101110000
00000000010110110101000000110011
00010100101001110110101100001000
00000000010000110100110100001001
11010111000010111001110010101010
00000000011100110110101101001000
10111110110010000001011111011101
00000000000001111111111110101001
00100001100010100010101111100000
00000000000011110010001101110010
00011001010010101011111110111000
00000000011001011101110100110111
01100101001001101101111000101001
00000000001001101101011011111000
10000111010100111110000010011000
00000000000110101001110100100111
00010011101011101000011011111110
00000000001011110011110110001101
10001100010100111001110111001010
00000000010000100001110001110110
10100110110100101100000110010011
00000000011001010111001001001001
10000110011111111001001010011000
00000000011111100010000101110100
01000111100100110010100111110001
00000000011100111110101101110101
01011001100101010111110000101101
00000000010101101000011101010101
10111011000101011001001010110110
00000000011111001000100011111011
11000000100100100011101000011101
00000000011111101110100010101001
11100001010110001100110000110100
00000000010001011001011100000000
11100101011011000001000111011010
00000000000001011100100110011110
10001010011000011000010101111100
00000000010010001100101111100010
01001101011111010101000101111111
00000000001101100000101001010001
00001100011100010111111100000110
00000000000101001100110101101100
00110000110100011100001100100000
00000000010010001101110010011111
11111001011001110110001100111001
00000000000101100001001011101000
00110111010010110011110001101010
00000000000010001000010100001111
00111110011000000100000111100001
00000000011110011011000101111101
10100100010111100101101101010001
00000000001011110010111000000001
11001111000100111100110110111001
00000000010110010100100001100000
11100111100100011100000001111001
00000000010000011101100110101110
11001010000101001000100101110011
00000000001110000011010110101011
10011111000011100010001000101111
00000000001001010101001101000011
11011101010111101001101001001000
00000000011010010011001000110011
00010110101100111111101011001100
00000000001110001001011011010011
00001101100010111010101101110001
00000000010111000000100101111011
10101001001101000000001001111000
00000000000111111001001110001111
10101100111101101110101001111011
00000000000011111100111100111011
10100100100101011110001100000101
00000000000110101110100111000001
11010110001101000010010010100001
00000000000001101111111111000111
11100001100011010010101000100010
00000000000001110110110101101101
11000001111000010011100110100011
00000000010001001101001100001000
01100000101111011000100101011111
00000000010000101000000100100011
11100001111111101011100101100110
00000000011000011111111100011011
11000100000001001111000010000101
00000000010000110010101011010100
10101101001111010010000110111100
00000000010000110001011110001010
00100010011000000111101110101010
00000000011010110110110110010110
00000000011111101100110011010100
00000000011001011110000100100110
11110101100110001100101001100111
00000000001011111001001110000010
11110001100000011011001111101000
00000000010100011001100000111110
11011001111110000101111110010010
00000000001110101000110110010010
10011100010100101001010110111110
00000000001001010110000001111100
11011110101111100110010110010010
00000000010101101000001001011001
11010100011000011110100110010001
00000000000101010100001101011010
00011011010001011111101000101011
00000000011001100100111111001110
00000111001011101011001110010101
00000000001001111011110100101000
00000101110110100101110000000011
00000000010100010110011011001100
10100011000101100111100010001011
00000000001000000100011001110011
10001000001111101111111110110000
00000000000011111111011011110111
10111110101010011010100000101000
00000000000100110101100001111011
11100001111001001110100101011110
00000000001010000101001100101111
00001101111100110100000010000001
00000000001110010100010011101011
11001101001101011111101011000110
00000000000010011000111001001001
00110010111110110011101100100110
00000000011010101010000100010100
01010100001101111001100111011010
00000000010111010101101000111101
10100111011110100111100111011011
00000000000100001000011001101000
10001101101000011101100110000101
00000000000000000000010010110111
00010111001100011110010111111110
00000000011000011010111111100111
00111011010001011100000000010000
00000000010000100111110001000011
01011001001100000100011010100110
00000000000101000101000101000100
00110000010110111110110100000101
00000000010111010000011100100001
11111111001010111011101110011101
00000000010011101111000001010101
11110000100001101001011011110100
00000000000111101001101110011101
10101001100001110010100010011100
00000000011000010111011110011001
00110010101010111100100010010101
00000000011001000101010010111100
01101101110111110010010100001101
00000000010111111110100001100001
11100110101001111110010010101011
00000000000101000011101100101101
01001110111010110111111100010110
00000000001101010101100110111101
10110111101000101010101100010000
00000000001101110001111111010011
01110001010111111110000001010000
00000000000010100101011101000001
00011110110000001101011010111100
00000000001010100110101100000000
00110010010111100110001010011001
00000000010111011111110000011001
00011101100101100000000011011111
00000000001000010010001101010011
01011101110000100111000111000101
00000000011101010011000101010111
10000011010100111011110100111001
00000000011100000010111100100111
11111001000001110000101111001011
00000000010000000111011001001011
11011000010110000111111000101000
00000000001010011000100000100001
00111000111011110011111000010110
00000000000000000101001100100100
00101110100001011111100111001000
00000000011111010010110101110101
00100100000001101001110000100111
00000000000011000000111101000101
00011010110110111010100100000101
00000000011100101111111100101101
01001100000001110110010011101101
00000000001000000101101110000001
10110010010110010101110111010100
00000000011010001100101011010011
01100001100101000111001000110110
00000000000010100100111011010010
01011110101101000001001000000000
00000000001111110111011101000101
10001101010001000110100110100001
00000000000110101011100110100101
00010011100011110101100010111111
00000000010110111001011011010111
01000110100010111001110000001101
00000000000011110011001011011101
10010011110111000010010100111100
00000000011001010001101010101000
11110110011100111010011011000101
00000000000101101110011111001010
01111010100011101011001011101110
00000000000110010011010100000000
00001010110011100000101111000011
00000000001101100011011110110111
10111101000011100111010101010111
00000000001001010011110000111001
11001000101010110111111101100101
00000000011010101000100111010010
10000001101000000001100001011110
00000000010000101010101011101100
00110110011011001010110010110101
00000000011001111001001100101001
10011101101001100011010100011100
00000000001000100100010000100111
01001100101110001001100101110101
00000000010100101011011110101011
01010101000000001001011010100011
00000000010011110100010000100010
01111111011001100011011010011001
00000000001100110110000010010010
11010100011100001101000000011001
00000000001110100100000100000001
00100010010100111011101010000001
00000000010110001001101110010100
00111001111011000000010000101100
00000000010010101010111110100011
11000110111100101111001011000111
00000000001111100100111111010010
00111110010110000110000110111001
00000000011111110110111100111001
10111010100111101001111011010011
00000000001101011001111000101001
00001101011111110000011111111101
00000000000111010000111000111010
11000000011111100011000001010000
00000000010011001000001001000101
10100011010011001100110111011110
00000000000111110011001000100000
11101011101110111111101111011001
00000000010011011001111100100001
10110111001110110001011101000011
00000000000010011101110010100001
11001000110100101011100101010011
00000000010100110101110001111001
10010110100111000011011100101010
00000000000101000001111110101000
00000001010100010010100011111111
00000000011000111100101011111111
10001011001100100001111111111101
00000000010001001010110000101111
11011101011110111111001100110010
00000000000111110000001111100001
00010000100001110010011100000101
00000000011011011001111111100000
00011100000100100010101111110010
00000000011111001111100111111000
01101101010110001011111010111110
00000000000011100010000000000101
01111101010110110101001110111000
00000000011111111111011111111010
11101011011011100111000101001011
00000000000001111111010001001001
11000111011111001101100000000001
00000000011000010011010001000001
00110101010101110010010101000111
00000000010110100100111011101011
10111111000011101100010110101100
00000000001010100110101001111110
10011001101100110100110110010100
00000000010001000101111100001000
00100001101111001111100000111000
00000000000000001010001000010101
11011000010010101110001111010111
00000000011101110011100111111011
01110001000110011010100110001110
00000000001001101101100010011000
11001101110101100101101011111001
00000000000111000010011101101100
10111000000101000001001110011110
00000000010110010011011011001101
10100110011100110110011101100110
00000000010101110111101111110000
01010111111001000011001110100110
00000000011101001110000001011011
11010010000010010000101000001100
00000000000100110010111101011000
01101111011100011001011111110100
00000000001100001101011101010000
00101000101000110111100101010110
00000000010000111100000110001111
00111100011011001011001111011011
00000000000010011000110110000010
01001011001011100000100010100000
00000000010010001100001001010110
11101110110101000001011000111000
00000000010001101001000100000101
01110001101111111100110101011011
00000000001000001101101111000000
11010000101000001010101001111111
00000000001000100101010111001000
01100101001100100010110000101000
00000000000111011000111001011101
00111001111001111000101101011001
00000000000101100001001111011011
10011011110110100110000010010010
00000000010111111101001011010001
01001000101000100101101011110110
00000000011010100101110010101101
00010010100000100110111110000100
00000000010000101011001111110100
11100111011111011110110100100111
00000000010111110101111110000100
00101111001101001011001100110011
00000000001101001000011010110001
00011001110010111111011011110101
00000000011110111010110011101011
01100100010011011011101001001100
00000000000001001111010000001100
10101100110111010010100111110001
00000000001111110001111001101110
00011101001000010001000010101001
00000000001001101110111001000000
10011100111111111011000110111110
00000000011000101101011100101110
11101100001011001101010011110010
00000000000110100001111010101101
00110111000111111111010111110110
00000000011110011100011011110110
01011011110100011100101000000101
00000000001111010100100010001100
11111101010011010111010111010101
00000000011011101100101011011000
00000111011101000011000001110000
00000000000101010000101101101011
00101001111001111101001001000000
00000000000000111101110110000001
11111110000011000001010100011010
00000000011010101111010001011101
10001111101011110110101101100111
00000000001011010011100100110100
11001111010011000110000010110100
00000000011001101011100001000010
11110001000001001110101100000100
00000000000111101011001101001110
00101111100110001100001000000010
00000000010010000011000110101000
00001001100011100001001000011000
00000000000110010111100100111110
11001011000001100001101100011100
00000000010111000010100001111001
10010001110111111110110000001100
00000000001100011111010101100011
00101111110000010011100101000101
00000000011101010011111101100100
10010111000011010001011111110110
00000000010001100010111100100011
01010100010111011111000011111010
00000000010010010110100010001011
10010110101100100000100101110010
00000000000100110010110010000110
10011001111011001110100000010110
00000000001000101010101001010001
11001101101000011111001111110101
00000000000100100010100001101110
00111110110101001010100111000101
00000000010111110100101111001101
00010111111011010101111111111111
00000000011111101100100101111011
11010101010010111011101011010110
00000000011111010100111001011001
01110101111111011010100001010001
00000000001010111111000000100000
11000011101000010110100011000011
00000000011010101101110101110101
11000000001101101001001111011010
00000000011000011110010101011110
11100110011100100000101011011111
00000000000100101100110101010111
11110110101101011011100000000001
00000000010001010011100100010001
01010100101010011101011111101001
00000000000100110111010000011001
10000011101110000011000101011101
00000000010010110000100111000000
10001100110110000110101011001000
00000000001010110100110010000010
00100011000000000100101011101010
00000000011010101101011100011111
10111001111001101000001110111100
00000000000010101100011100111001
00110101100011100110110110101100
00000000000110011110000001111110
00111110101010011100111110001010
00000000001001110101010111110000
00100100101100010100110001001010
00000000010000000000010100111011
00000001001100000000110010000100
00000000011100010111001001000101
10001101010000011100001100001101
00000000011100110010011101000011
00101110110101010001010110000101
00000000011001011110011111101011
10001011000010110010010000000111
00000000010110111111110011111001
10101001000011000100100001111011
00000000000001100111000101110011
10101101011100110100001111000011
00000000011001100010011111011110
11111010110111110000000110100000
00000000010101111011110100101010
00010010101100100001100011010001
00000000000101011010101011001110
00011011111000101111001001010100
00000000010011111111111001010011
00101000000100111011011011000111
00000000000000010100111100100101
11110010100011100111100000111011
00000000010110000000100001101011
10110110101000111101100100110011
00000000011010100000111111100010
00111001011011110011110000101101
00000000001000001111010101001010
00111111010111001011110011111010
00000000011111100101010011001100
01010111010110110111100101011001
00000000011010010101100011001111
01111011010011101111101110010110
00000000000100100000001011010001
11101101010001001110011011000011
00000000010011011000010010001110
01010010100001101100110001000010
00000000000111001101010110010000
00010101110001001010111110011010
00000000010010011011101000101100
00110010110101010100001010001111
00000000011010101111111011100111
11000000011101111011100011001010
00000000001000111011010011010111
00011111010001001100000101101000
00000000010111001101101111010001
10011100001110010111001110111010
00000000000111010111110110011011
10101110001100001010110001100010
00000000000101110110101111000011
10010111011000001010010111100110
00000000001010111011110111001000
11110100000101001100011111000011
00000000011111100011010010011111
01100000110001100101101000101110
00000000001011001110100111111100
00111101010110111100101101001101
00000000000001100110000000100110
00010001010000110010000100111001
00000000010111111100101010000100
01110001110111100010010000011011
00000000001010111011011100000101
10111000010010100100000100001111
00000000000001101111011101100000
00000101001011000000110010100000
00000000010101110011010101010111
00011100001000010100100111111110
00000000011001101001011000010101
10010001010010110111010100010100
00000000011000100100000001111100
11101110011011000001101011101011
00000000000001100011010000110001
00111001010111101011101111110000
00000000011110110000011110110011
11110001110000010010111111000100
00000000010111010010110101010001
01011011000110110000010101000100
00000000011001100101101000101011
11110011101011101101111011111000
00000000011011100011100100011010
01010000010010011100000101010111
00000000010000000110001011001110
10100111110110111100111011111101
00000000010111100010000101111010
11011010010100001110110011001100
00000000001001111101000101000111
10001011111111100100101001011101
00000000010111100000110000010000
11100101110100011101111100011100
00000000010010000000011101010111
11001010000011101110111101100001
00000000000110100010101101101000
11101001011110011010111001011110
00000000001011001000001011100001
00100000101111001111100110010111
00000000010000001110110111111101
10011011101100100001110110110111
00000000010000001101000010000100
00110001001111011110111001110011
00000000010001111111111011101101
10001101110111001010011111100011
00000000010111100010011111001000
01101101010001101101000110100000
00000000010111000111000001101010
00111101010011011010010111001100
00000000001011101000111110010000
00111001110001100010111100010101
00000000011110111011100110101000
10000001001001110101100101011101
00000000011010010101111010000001
10010111001101110011111000001110
00000000001100011000110010000000
11000011001010100001000110001010
00000000010001011101100111010011
11011010011001110000110010111001
00000000010101111001010000011001
10001011100001100110110010101010
00000000010011100111000100100010
00110000100000000111001101010010
00000000000000011001111000101111
11011001011100010011010001000110
00000000011000111101000101001001
00000100100110111000111010100101
00000000000111110000000000011000
10100011110101100110111010100000
00000000010001100011101101111011
11100011101110111011100000010110
00000000011110100000111110000001
11010010000011010011101100001000
00000000000100100110000000000011
00011100010111001010110010110110
00000000010001110100100011110010
11110000110111000110001000000111
00000000011100010001010010111000
10001100100101011101011110110001
00000000000100101101011011001100
01000001000001100111011011100101
00000000010001100101010100111001
00001101001000101000000001111001
00000000011111010100101111110001
10001110101110000011110111010001
00000000000100101111010000110010
00001110000100111110101101111100
00000000000100100100011010101000
00001001111111011010001111010000
00000000011111100100110111000000
11000110111101100001110110100100
00000000011100000110001001000111
11010010101011001101011111101011
00000000010010010011110101110101
00010101011011010101101001010001
00000000001111101110001101100011
11001001111001100100100110001010
00000000010110110001101011100001
00110010100110101110011000011001
00000000011000011111000100100100
01110101100000101000001010111000
00000000011110101011011110110100
10100001111101111111101100101000
00000000001001100000010111011000
00001011100000000101001000011001
00000000001101001011000101110001
11011001111111110111000011110101
00000000001100111111000111100111
11100000000001110111110010010110
00000000001000010000111111101100
01100110101010001000011010000000
00000000001010000100110010100000
01011001111110011010110110110011
00000000010100101001101010110100
10000010010011010001110110001001
00000000010001100110100100010101
01110000101100100100110000000011
00000000011111110010010111101100
01011000010101011100100011100110
00000000011011101100101010001000
11011110101110011110110111011011
00000000010010111100001000101011
11000001010001000011010000100110
00000000010110110011010011111100
11111110010100010010111100011001
00000000000011110110010001110000
00100100010001010001010010110011
00000000011001110010000100110000
00001110011111100010010001111101
00000000001010001100100011011100
10001110000101110010101111110011
00000000001110111011011100100010
00010011111100100011000100101110
00000000000000100111111111000001
00110101111001001011010110000000
00000000001000110000111111000011
00011000100111000111110000101101
00000000011110110001011001110110
10000010110010100101001110110000
00000000001000001001011011010111
01111100010101110000000011110011
00000000011000110011101010100010
01011110011011100111110011111011
00000000001110100110010010010101
10111110101111110101110000111110
00000000010001111000010100110111
01000100100111110101010010000101
00000000010000101000101011110011
11111101101010100010110011010000
00000000011001010001000000010100
01010001111101111110011101001000
00000000001101010100101001101000
10111101011101001111110101100110
00000000000010010110000011101100
11110010110101011100101100101001
00000000000010000101001110000011
01001100010111111111100111101110
00000000011010000010001001000101
10110111001111101000011001111111
00000000000100011111000000010000
00001111101110111010110100000001
00000000011001011101101010000111
01000011010011101111110010000100
00000000010001100100010101111001
01110001110010100101100101001010
00000000001111011110000011011100
10001010000101011011111100010000
00000000000100010001101110010111
11100111000101111011101010110111
00000000000011011010000010011010
10110001100100101101100000001101
00000000000111000011111010100100
11110011000001111010011001101100
00000000011000101011011000101011
11000001111000101100000011011011
00000000000010000010100101001111
01110110010011010100001000111011
00000000011110011000101000000000
01011110011010110010111101100001
00000000000100010101100010101010
10010001100110001010010111011110
00000000001111101101100010011100
10010110011101100011000111100110
00000000001010001110100110000100
11100000001110010100101001101011
00000000010010001100111100110110
10111110011101110010111110001111
00000000010011100101111111000101
01101111000011000100001100111110
00000000010010010101100101110110
10000111011001000011011100110110
00000000011010110010101100011100
01100010100111011101101010101101
00000000011110110011010110100110
01100010001101011111100011000101
00000000001100001100111100000110
01011010010001001111001111100110
00000000011100100001001111000100
01101100011110100010010101101000
00000000001011010011110100110000
01100100011111010010000001110011
00000000000011000111101000100110
00001010111011100110101100101001
00000000000101001110101000101001
01001011000011110010101101001000
00000000001111101000000000010011
01111011010101011011100111110011
00000000010110100000000001111011
00011010100110001100111111011000
00000000000010111110010100000001
01000010101110010000110100001111
00000000001100111110100110101111
10011001000101111101110110001001
00000000011001101000001010001000
00111000110100111101101010011010
00000000011010001000010000110110
01001010101011010100100111111000
00000000011101101101011100001110
11011110111110001111011111010001
00000000010011101011100010111000
01101010000010111111010000101111
00000000011100101100000010010010
11000110001100111010001100101011
00000000000011010000101011100000
01010111000110010011101100111111
00000000000100110000101001111011
11110100000011001011101011100101
00000000010011011101010100011011
10001010100001100101000111100001
00000000010001000010010110101100
10001001011001111111101100110010
00000000001111101010000000001000
00010110100001010011011100011111
00000000000010100011100110011011
11011100000110100111111101100001
00000000001101100001111111100011
01101111110011010101010111111011
00000000001001111010000111101101
01000110001001111010001010011011
00000000000010100101111110011010
01100011100111000100101111101100
00000000010110011111000010101010
10110101100110000110010011110111
00000000011000110010110100110101
11110011101010001110011000000100
00000000010010010010011101101011
01011111000000100110010101110110
00000000001110000010011010101001
00111111110111110111001100001101
00000000010101001000001011101010
11101001001110111011111111001110
00000000000111100011001100100100
10111001000100101010011101001111
00000000010000000110101010111010
00011011100001001010111011111000
00000000000100100011110000111011
11001111101101011111100101101101
00000000010011001001011110101010
11110000100111010111111010011100
00000000011011101110001000011010
10100111100000110001011100011111
00000000001101010110010101110011
11111101110001111000001011100101
00000000000111111110011001111010
01010110101000001110000101001110
00000000000001101000111111110001
11000000110101000011100000011100
00000000000101011001100010001010
10101111000111011111001001000011
00000000000001100010011001010101
01101000111011001010101010110011
00000000000000001000100000101100
01011111111011010101000000100111
00000000011110010100001000101101
01011010001011110010001111111000
00000000001010001000110010001000
10100001010011011110000100010010
00000000000110010101100011001000
00011100001110011010000101011111
00000000010010011010011100100000
00001100110100101101011011000111
00000000000101110101000100000101
10110011100011011000110101001101
00000000011011011100101110111111
11110110001000110000100111001100
00000000011101101101000000001011
10000011010001011010010101110001
00000000011100100111100000100111
10100101011010010001111101011110
00000000000110000100010010000001
01101001011100001010011110101010
00000000010000010111001001101001
10110110011110011100101111101010
00000000001111100100001011111010
00100100101000111000010100110100
00000000001011101111100111001000
10001010011101110100110011110001
00000000011010011001101100101100
00010101110101101111010111100100
00000000000011000010110100010000
00101110010111111010110101101111
00000000001100011100000010111100
00100001101001110111110011011001
00000000000010011101111011010000
10110001000010100011000001010101
00000000011100110100111101111011
10100110011110011110110010101000
00000000010111001100111101011100
00011011111001111110000010000110
00000000001111100010100000100111
00000000011000000000001010011111
00000000011101101010000100100110
00101110000010111100111101110011
00000000010010100101100001000101
01001110101010110111001000100101
00000000000110010001110010011110
11011100110111011000101001100011
00000000000011111111111000111010
01100001010111111110100101101110
00000000011011101101011000001111
11101111101111100111011100001011
00000000001100000100110000100001
11101110101010110110010100011011
00000000011110000010111100111001
11100100101011010110100101011111
00000000001010000100101010001001
11111010111111010010001110001101
00000000010111010110001111101000
10001000000101001101000111101101
00000000011000000001001001011101
10101000110100111010001000100010
00000000010100010000001001110110
11000100011010010011011000000011
00000000010010011011110001100101
10011001101011111011010011001110
00000000011001110110100110111111
01101011011000011110111111101011
00000000000010010111111000010100
00000110110101001100000100000110
00000000010010111101100111011100
11001100100110110100100100100011
00000000000100110010010111011101
11110100010111010100010000000000
00000000010010100001100111000111
01110111101110111001011010111101
00000000001101010001111011001101
01110010111110100010100010001000
00000000011011110110000101011100
11011111111001110011000101100101
00000000000110011000111000000110
11110110111000010011011100001111
00000000011110000000111000001111
10011001100001001001001111010010
00000000001000100001100101001100
11101111010101010011000100101101
00000000011111010111010010011001
10100011110101101000001001001011
00000000011101010010001101010110
11110101011010110111010000001100
00000000001111010100110110111110
10010100000010100111010101110100
00000000010110011011110001011010
11110000001101101100010100011001
00000000001101000111110110101110
10101011010001110001100111010101
00000000000001100011110010111011
00100101101100101011010000011110
00000000000000010010001010100101
10011010110010101010010110100000
00000000001001010100011011110010
00110110010100011101101010100011
00000000011111111101101101001111
01010010110000101011110101011100
00000000001100110111100111011010
10110010100101010100010111110110
00000000010101010010001000001010
01000110111110010010110011111010
00000000010110110010110111101001
10101111000000001010100011110000
00000000001111011011011010000101
01101000000100001011011100101101
00000000011101101000100010111010
00010101100000011000001110101111
00000000010110101101000010010000
11111011101110110101010010001000
00000000011111111000101101111101
00011111100110011101111101110001
00000000011101101011110110110110
10010000111101111101001111110100
00000000000000101110000111111010
11110101011010000000001011010001
00000000010110001001001011111000
00101001101110011010100010111101
00000000001110110001101101110001
11011000000011000010011100111010
00000000011011000100100111111111
00100010111100111110101110111000
00000000010011011010101110000111
00001010111010101010001100101010
00000000011110110001010101011111
00000001010110010010111100001010
