01111111110000000000000000010011
01111111110000000000000000010011
01111111110000000000000000010011
01001010100000000010000010000111
00000001110101011000011011010011
01110111110000000010001000000111
00100011100000000010011100000111
00011000110000000010000110000111
00001101100000000010000100000111
00001000011010011000100001010011
00001000011100011000110001010011
01101101110100000010010000100111
10110101100000000010011000100111
11011000100000000010101000100111
00000001111010100000010101010011
00000000100111001000110001010011
00111000110000000010110010000111
00001000110000000000001011010011
00000001101100100000001011010011
00001000011010111000110011010011
00000000110011011000111001010011
00000000110110001000101011010011
00011001110000000010110000000111
01000110111000000010001000100111
00001000111010000000011111010011
00001000000000010000000101010011
00000001100000000000110011010011
00000000111011100000011111010011
01011100100000000010001000000111
11001111100000000010111100000111
11000111100000000010000000100111
00001001000110101000111001010011
10010000011100000010010000100111
00000000111010110000001001010011
00000000110110111000011011010011
00000000101100110000111011010011
11100010000000000010110100000111
00000000001000101000110101010011
00000001010000000010001000000111
10111001001100000010011000100111
00001001110001000000101111010011
00000001100010111000100011010011
00110110000000000010101010000111
00000001011000110000100111010011
01000011010000000010111110000111
00000000101011001000010111010011
00001000000011101000010111010011
00000000100101011000011001010011
11111101011000000010111000100111
00001001100000101000101011010011
00001000101001110000001101010011
01010010110000000010001110000111
11101010000000000010000100000111
11001001110000000010110000000111
00011001100000000010000010000111
00001000101000100000011001010011
00001001111100000010001000100111
00100001110000000010011100000111
00000001111000001000010001010011
00010010000000000010100010000111
10101010100000000010110000000111
00000001100110110000010101010011
00001001001001101000000101010011
11000100111100000010110000100111
01100001000000000010010000100111
10000101001100000010001000100111
01110111010000000010000110000111
01000101110000000010001000100111
00001000001101011000111111010011
00001001101100011000110101010011
11000111010000000010111000000111
00001001111101011000110111010011
00001001001111111000100011010011
00001001100000100000000111010011
00001001011000111000100111010011
11111010000000000010101000100111
00000001001101010000001001010011
10100000100000000010010110000111
01110100000000000010010000000111
00000000011001011000011101010011
01101011010000000010100010000111
01000010110100000010001000100111
00100010010000000010011110000111
10000011000000000010010010000111
00001001000111010000101011010011
10011101111000000010111000100111
01110010110000000010101100000111
01011011100000000010001010000111
00000001110101111000011101010011
01111110010000000010100000000111
11100111110000000010011010000111
01000110000000000010100000000111
00000000001111110000110011010011
00001001011101100000011011010011
00001001001110010000100001010011
00001000000011010000010001010011
11101001110000000010010000000111
00001000101000000010010000100111
00000000010001000000110101010011
00001001111111110000000111010011
10110001101000000010110000100111
10001111110000000010000010000111
00000000101000101000110011010011
00110110000000000010100100000111
00000001000111010000000011010011
01010000010100000010110000100111
10110001011100000010100000100111
00000000101000111000100111010011
00000000101111100000011011010011
00001001111000011000100111010011
00001000000010101000100011010011
00001001101010000000010111010011
10111000000000000010100000000111
11100100011100000010101000100111
00010110110000000010111000000111
00001000010111001000101001010011
00000000101010000000100101010011
00000000110110100000110111010011
11010101011100000010001000100111
00010101011100000010001000100111
00001000011011111000101101010011
00101000111100000010011000100111
00000001110000001000100011010011
10101110000000000010100110000111
00000001110110010000110011010011
11110011111000000010010000100111
00001000010110110000000011010011
00000000101001010000110111010011
10101110110000000010110110000111
01111010010000000010011000100111
00001001111101101000100011010011
01010100000000000010011010000111
00001000010110100000011111010011
10011100101000000010100000100111
00000001010000000010000000100111
00001000111100101000010011010011
10111001110000000010101000000111
00000000111001001000100101010011
00001001101010001000111001010011
00001001000000110000100011010011
00001001101010100000010111010011
00001001000000010000100111010011
10001111100000000010111010000111
00001001100111010000010001010011
10001111101100000010110000100111
00001001011000101000011011010011
00001000000100000000101011010011
00000001101101111000010001010011
00001001100101100000110011010011
11000001001000000010110000100111
01110011100100000010101000100111
01100000011100000010001000100111
00000111110000000010101000100111
00000001101001001000101011010011
00001000010010010000011011010011
00000001010010101000100011010011
00001001001101011000110101010011
01000011100000000010010100000111
00001000000111011000001111010011
10011000000100000010011000100111
01111101010000000010100000000111
10110010010000000010111010000111
00001001101110000000110011010011
00000001011011110000100101010011
00001000011110011000110111010011
00000001100000110000111011010011
00001001000111000000010101010011
01001011111000000010000000100111
10001100010000000010011110000111
01011000011000000010001000100111
00000000110101000000000111010011
00001000011011001000001011010011
01101101000000000010010100000111
10110000011100000010111000100111
11001110110000000010001110000111
00000000110101111000011011010011
11110001010100000010110000100111
01001110100000000010011110000111
00001000100000110000101011010011
00110110100100000010010000100111
10001111101000000010111000100111
00000001111110011000110111010011
00000000111111101000100101010011
00000000100000001000011001010011
00001001000111111000010001010011
10001101100000000010000100000111
00000000110101101000001011010011
00000000010000001000111101010011
00000000101000110000010001010011
00000001101000000010010000100111
00001000101000110000110101010011
00001001111001010000100111010011
00000001101111000000101111010011
10001111000000000010100000000111
11000001000000000010001010000111
00000000000101000000011001010011
01000000011000000010100000100111
01001010010000000010010000000111
00001001011111011000011101010011
00001000100101100000110011010011
00001001101000100000110101010011
11101100001100000010110000100111
00110110111000000010001000100111
00001001010000100000100011010011
00100110000000000010101010000111
00000001100111101000111011010011
00001001011010001000000101010011
00001000001011000000001111010011
00110110010000000010010000000111
00001001111110110000101001010011
00000001000110110000001111010011
00000001110100111000001001010011
10100111100000000010000100000111
01100111100000000010101010000111
01001010000000000010011010000111
00001000011000000000111011010011
11001011100000000010011000000111
11110010110000000010110110000111
00000000100111011000011001010011
00001000001000011000111111010011
01111101000000000010011110000111
10110000000100000010100000100111
10101111000000000010010000100111
00001001111011111000111111010011
00001001001100010000000111010011
00001000100001111000111001010011
01011010000000000010011010000111
01011110000000000010011110000111
00000000000100000000110001010011
00111000111000000010101000100111
00000000001100100000011101010011
00000001100100011000011101010011
00000000100100011000101001010011
00001101000000000010111000100111
00111011100000000010101110000111
01111000000000000010011000000111
00000000111100101000111111010011
00000000011000110000011111010011
01111110000000000010110000000111
00001000111001110000111001010011
00000001001000110000010001010011
00000001011001011000111101010011
00000001101110001000001011010011
00001001111101011000010001010011
00001000001000011000111011010011
00000001100101110000010101010011
00001001010000001000011001010011
11101000110000000010001010000111
00000001100001000000011111010011
00000001100101100000100101010011
00001001110001000000001011010011
00000001110101111000111111010011
10010110000100000010110000100111
01100101010000000010001000100111
00000010100000000010011010000111
00000000000010011000111011010011
00001000111010111000010111010011
01011101000000000010100000000111
00000000001110000000111111010011
00000000011111100000111001010011
01111010010000000010010110000111
00001000000010110000110001010011
00000000000001101000000111010011
00100000011000000010110000100111
11011010100000000010001100000111
01101100110000000010001000100111
00100110010000000010101000100111
00001000101100111000100101010011
00001001110110100000110101010011
00100110110000000010010000100111
11011100100000000010001000100111
00001001111001000000000011010011
00001000011000111000100101010011
00001000011101111000100111010011
00001000001000000000111101010011
00111110010100000010110000100111
00001000010000111000000011010011
00000000110011001000100001010011
00000000011001111000111001010011
00001000010101011000101011010011
00000000011010010000010011010011
11100101111000000010001000100111
11001110110000000010101000100111
11101101000000000010101010000111
00001001010110010000110111010011
00001001101010001000011011010011
11100100000000000010000110000111
00001100110000000010100000100111
00001001101110111000011001010011
01001101010000000010001100000111
10111111100000000010001010000111
00000000000100110000111101010011
00010101010000000010001110000111
00001000000001001000111101010011
00000001001100000000101101010011
00000000110011001000001101010011
00001000010011111000111101010011
00001000010110101000000101010011
00001001110111100000011111010011
11111001010000000010110000000111
00110000101000000010110000100111
10010001110000000010111000100111
00001000111010110000111001010011
00001000100100110000110101010011
00000000100001101000110011010011
00001011110100000010111000100111
00100010000000000010011000000111
00001001111100000010111000100111
00001001110000000000001101010011
00011110010000000010000010000111
00000110010000000010010000100111
00001001010100000000010001010011
00001001001111111000010011010011
00000001001111101000100101010011
01100100100100000010001000100111
00000001100011000000010101010011
00001000101010110000001011010011
00001000100001010000000111010011
00001000000101101000111101010011
01110001100000000010010000000111
00000001110011101000100011010011
00000001000110111000000101010011
00001001101101101000011011010011
11101000110000000010011010000111
10100011000000000010101000100111
00001000110111110000001101010011
00001000000110101000011001010011
00110110111100000010010000100111
10111000110000000010110110000111
00000001110100110000100011010011
00000001011000100000110001010011
00001000110000010000010001010011
00001000011100000000110111010011
10110110110000000010001110000111
00000001101011100000110001010011
00000001100111111000000011010011
00010010011000000010011000100111
11011100100000000010101010000111
00100111111100000010111000100111
00001001011100100000000101010011
10001111000000000010100010000111
00000001101110000000101001010011
10001111000100000010000000100111
00000000100000111000111111010011
01011011010000000010111010000111
00001000001110110000100111010011
00001001111010111000010101010011
00001001111111001000001101010011
01000100000100000010011000100111
00001000101100110000001011010011
00000001010011000000010001010011
00000000101010100000111011010011
00001001100010101000010001010011
00000001110000010000010011010011
01100010101000000010110000100111
00000001101001010000011011010011
00010011001100000010001000100111
11101001100000000010110000000111
00001000111000010000011101010011
00000001101110101000001001010011
00000001000110010000101101010011
00000001110110010000011011010011
11110101011100000010111000100111
00001001110011100000101101010011
01111010010000000010000000100111
00000001010111100000000011010011
01111110100000000010001010000111
00000000010001101000110001010011
00000001001111010000100001010011
00001011000000000010111110000111
00000001101000001000100011010011
01110101100000000010100010000111
01101101000100000010110000100111
01111010100100000010000000100111
10011110010100000010101000100111
00110001010000000010110000100111
01011011110000000010110000000111
00001000110100110000110101010011
00110110001000000010001000100111
00100011100000000010101000000111
01001001110000000010110110000111
00001000101100001000011001010011
00001000010001011000001101010011
00100101110100000010101000100111
00001000011011111000011001010011
00001000010100101000001111010011
01110001010000000010001100000111
00001000111111000000110101010011
00000001101010011000001111010011
01101011010100000010110000100111
10110101110000000010010000000111
10001110010000000010000010000111
00101010110000000010110100000111
01000101000000000010101100000111
00010000010100000010010000100111
00000000111001101000001011010011
00000001101001011000011111010011
00011000111000000010110000100111
00100111100000000010111100000111
11001111100000000010100010000111
00001000110101010000100101010011
10000001000000000010011010000111
10110101100000000010110000100111
00000000111100110000110101010011
10110110000000000010001000000111
10100110110000000010001000100111
10100010101000000010100000100111
00001001111010011000000111010011
00000001011000110000100111010011
00101000110000000010110110000111
11001111100000000010100100000111
11000001100000000010100110000111
10001101100000000010010000000111
11011110100000000010010110000111
11100000110000000010011010000111
01011001110000000010110000100111
00000001110001010000001011010011
00001000110011111000101001010011
01010101000000000010000100000111
00000000110011101000010001010011
00000000111011101000111111010011
00001001000000110000101011010011
01100010100000000010110000000111
00001110011000000010000000100111
01010010111000000010000000100111
10110000011000000010000000100111
11111011011000000010100000100111
00001000100111010000100011010011
00000000100110100000111001010011
01111110001100000010100000100111
11111000110000000010001000000111
00001001100100010000110001010011
00000000000100001000100111010011
10110001000000000010000010000111
01110101011100000010011000100111
11111101010000000010111110000111
00000001011000000000111101010011
10101010011100000010010000100111
00111111111000000010100000100111
10011001011000000010000000100111
10100100101000000010101000100111
00000101100000000010111000100111
10000111110000000010011000000111
11011001010000000010100000100111
00001000010011111000000111010011
01101011000100000010000000100111
00001000001111111000001011010011
10011110000000000010111000100111
00000000110110001000110001010011
00011111000000000010110100000111
00001001000001110000011011010011
00000001010010101000000101010011
00101110100000000010111100000111
00001000011001010000100111010011
00000001010110101000010001010011
00001111000000000010010100000111
00000000110100111000100111010011
00001000101111100000100101010011
00001000010101111000101011010011
00001001111000011000100001010011
10100000000000000010011100000111
00000000010011110000000111010011
00001001110010101000010111010011
00001001000011011000010111010011
00001001000001010000110011010011
11000101010000000010110110000111
11011100001000000010011000100111
00000000111001101000100111010011
00001000110101001000010111010011
00100010101100000010111000100111
00000000000010001000110101010011
00000001100011000000011111010011
00001001101101101000110101010011
10010001110000000010001100000111
00000000011100010000100101010011
10010010000000000010110000100111
00001000011110100000101001010011
00000001101010100000100001010011
01111001001000000010011000100111
01011010101000000010011000100111
00001001011000010000101101010011
00001000001010000000101011010011
11011100000000000010101000000111
00001000001010100000111001010011
00000000010010111000011111010011
10110100000000000010001100000111
10101111010100000010010000100111
11010001011000000010001000100111
00001000101010100000110001010011
00000000011001000000111111010011
11101110110000000010111100000111
11010010000100000010000000100111
00000000110100101000010101010011
00000001110111011000100011010011
01011100110000000010100000100111
00000000101110001000111001010011
00000001110011110000011001010011
10011001000100000010000000100111
00001001110010011000001001010011
00000001111101111000111111010011
00000001100110010000101011010011
10100010100000000010001110000111
00011111001000000010011000100111
00001001001000110000101111010011
10011100000000000010111110000111
00001001100100100000110001010011
00000001010011100000100101010011
00000000110111110000001011010011
10011010010000000010111110000111
00001000001000110000110011010011
11100110110000000010010010000111
00000001001100010000111111010011
00000000001111011000000111010011
00010011010100000010000000100111
00111110100000000010011000100111
00000001110110001000001001010011
00001001000010000000101001010011
00001000111100100000011011010011
00001001010111101000001111010011
00000000000001001000001011010011
00001001011010110000100011010011
11011101000000000010001000100111
00000001100000000010111100000111
01101010100000000010000000100111
01111110001100000010100000100111
00001001111010101000100011010011
00001000001100101000111101010011
11111001001100000010001000100111
00000000010111001000010011010011
00001001000110010000001101010011
11010010010000000010011110000111
00000000000001000000010011010011
10001111101100000010111000100111
00000001011000001000011001010011
10011110100000000010111100000111
01111011000000000010011010000111
01101001100000000010011100000111
00001000100100000000010111010011
00000001011101101000100011010011
00001000111101001000010111010011
00011011011100000010111000100111
01011110001100000010011000100111
00000000001001010000101101010011
00000001011110001000001111010011
00001000000001111000100101010011
11110110010000000010101100000111
00000001000000111000000111010011
10101000110000000010001000000111
00001000110110010000000111010011
00000000010011010000101111010011
00001000100110010000110111010011
00001001010010000000101101010011
00000000001000111000001111010011
11010010010000000010100110000111
11001010000100000010100000100111
00010111000000000010111100000111
01001111000000000010011000000111
00000000100010010000101001010011
01110010010000000010001000100111
01100001000100000010111000100111
11001001001000000010110000100111
10000111001100000010111000100111
11011010010000000010010000000111
10111101000000000010011000000111
01011100100000000010000100000111
00001000001110001000111001010011
01100100101100000010011000100111
00001001011101110000110101010011
11110010110100000010100000100111
00001001110100110000101101010011
11011001000000000010101000100111
00001000111001000000100101010011
00000001011011000000101101010011
00000001110010001000001011010011
00001001010000000000000111010011
00000001010111010000011111010011
00001000110011011000101011010011
11001001010100000010111000100111
00000000001001110000001001010011
00001001111111011000001001010011
11000111100000000010101000100111
01010111001000000010010000100111
00001000111101110000110101010011
00001000010001110000111111010011
00001000110001100000101011010011
00000000101111000000010111010011
10111000100000000010110100000111
00001000000011110000101001010011
10111101100000000010110000100111
10100111100000000010110000100111
01010010110000000010111010000111
10101011100000000010001000100111
00011001110000000010001000000111
01101101010000000010011100000111
00001001011010101000111001010011
01111111101100000010100000100111
00001001001101100000100001010011
10000101101100000010111000100111
10101111110000000010111100000111
00000001011010100000001011010011
00000001100111111000101101010011
11101010101100000010000000100111
01111000110000000010010110000111
00001000000010011000001111010011
10101011110000000010001000000111
01011001000100000010010000100111
00001000011001101000101111010011
00001111000000000010110000100111
00000010000000000010011010000111
11000001001100000010000000100111
00000001000111011000010001010011
01100010010000000010101000100111
00001000101011011000111111010011
00001001011000110000010101010011
10111010010000000010000000100111
00000000000111110000011011010011
01011011110000000010100000100111
00000000100111100000010011010011
00000000101111111000001101010011
00001001110101011000000111010011
00110000001100000010001000100111
10001011110100000010100000100111
11101001110000000010010110000111
00001000110111101000011111010011
00001000001101100000001001010011
01101001001100000010110000100111
00000000001111101000011101010011
01110111100000000010111010000111
11100100100100000010011000100111
00000000001100101000101011010011
00000001100100111000100111010011
00000010111000000010010000100111
00001001111010110000011111010011
01010010110100000010111000100111
00001000000000011000110101010011
01001110110100000010010000100111
10111110110000000010011100000111
00001000010100101000110111010011
01000011010000000010010100000111
00001001010011101000001111010011
10010101110000000010110100000111
10011101111100000010011000100111
00000001111100000000101011010011
00001001110101001000001111010011
01001001011000000010110000100111
11101101001100000010011000100111
00111100010000000010110010000111
00000000100000110000011011010011
11101010100000000010111000100111
01101101100000000010001110000111
00000001001000111000010111010011
10100001000000000010001110000111
00000001011100011000111001010011
10010010110000000010101000100111
00001000001011101000010111010011
00010111000000000010001000000111
11100001010100000010001000100111
00000001001010101000100101010011
00000000111000000010111000100111
00000000010111010000010001010011
00000000000101100000011101010011
00000000111001101000000111010011
10111000000000000010110100000111
01110110000000000010001000000111
00000001110001000000010001010011
00001001001011110000111101010011
00000000011000001000110001010011
00001001100101110000100101010011
00001000000110110000000111010011
00000001010111001000000101010011
01011111111100000010110000100111
00000001101101111000111101010011
00000000010011100000111011010011
00001000011100000000011011010011
10110001010000000010101000000111
00001001111011111000110011010011
00000000011111101000101101010011
00000001101100111000111111010011
10011011001000000010111000100111
01010110000000000010111010000111
10010101000000000010010000000111
00000000100000001000010001010011
00001001000011000000010111010011
10111011100000000010100100000111
00100100010000000010001100000111
10100000011000000010011000100111
11010000100000000010001010000111
00101011100000000010011100000111
00000001001010010000111011010011
00000001110001000000000011010011
00110000001000000010111000100111
00000000000001111000111111010011
00001000100110001000110101010011
00000000010000001000000111010011
00010111101100000010101000100111
01110101110000000010011000000111
11101111010000000010010110000111
00001000100100000000010111010011
01111010110000000010111000000111
11100011110000000010000110000111
00000001101101111000000011010011
00001000000001100000000111010011
00001001100001000000001001010011
11110011001100000010110000100111
00011111110000000010100010000111
00000000110100111000111101010011
10010000110000000010101100000111
00001001100000000000101101010011
10111100010100000010000000100111
00000000110100101000001011010011
00001001001001101000000011010011
00001000011010000000010111010011
10001011110000000010100000100111
11001010110000000010010000100111
00001001010100111000111011010011
10100101000000000010011100000111
00101010011100000010010000100111
00100111110100000010000000100111
11110100010100000010110000100111
10001111110000000010001100000111
00000001110010100000110111010011
00000100101000000010000000100111
00001001000000111000110001010011
11010001101000000010000000100111
00001001010110100000011111010011
00010010100000000010000010000111
00000000011110111000001001010011
00000110110000000010101110000111
00001000111100110000101111010011
00000001100001010000001101010011
00000100010100000010101000100111
00001001111100000000101111010011
00000001010110001000100101010011
10010100110100000010100000100111
11001010000100000010001000100111
00000000011100010000110101010011
00000000110000000010111100000111
00001101100000000010110000000111
00000000101001010000001111010011
00000001010000111000111011010011
00001000011010110000100001010011
00000000100011101000110111010011
00001001110100111000000011010011
00000001101110111000011101010011
10100100001100000010111000100111
11010000001100000010110000100111
00001001100111010000010011010011
00001001001010011000111101010011
00001000001010011000000111010011
11011010101100000010101000100111
00001001010001101000000011010011
00001001110100110000111111010011
00010011000000000010110010000111
11111001000000000010011000100111
00001000111110111000110011010011
11110101011000000010101000100111
00001000101000001000011101010011
00000000100101001000000111010011
00000001110101100000010111010011
01010010010100000010010000100111
00001000000101111000010111010011
00000000011101000000100011010011
00001000011110100000101101010011
00010110111000000010011000100111
00010111110000000010010000000111
01100101000000000010011110000111
00000000001111000000110001010011
11111001010100000010011000100111
00000000000011110000111011010011
00001001010011000000000111010011
00000000110000000010011100000111
00011100010000000010011000100111
01101001100000000010010110000111
01001010100000000010001010000111
00000000010001010000010001010011
00000010110000000010111010000111
01110001110000000010001110000111
00000000000010010000000111010011
10101111001000000010010000100111
00001000010110001000100001010011
11111001100000000010010000000111
01011011000000000010010110000111
00000001101010100000110001010011
10101100010100000010100000100111
01111001101000000010010000100111
01110111110000000010101100000111
00000001111110100000011001010011
00000000110011011000101001010011
00000001010100100000111011010011
00000000101011010000000011010011
00000000011100100000110111010011
10000100000100000010010000100111
01000010010100000010100000100111
01000100111100000010111000100111
00100110101000000010110000100111
00011111111100000010001000100111
00001000010111000000100111010011
00000001111100110000001001010011
10001110000100000010011000100111
01011100010000000010010110000111
10101001000100000010100000100111
11010011000000000010101010000111
10110100100100000010100000100111
00000001011111000000001101010011
00001001110111111000100011010011
00001000101010110000000111010011
01000010110000000010101010000111
00001001011111010000000111010011
00000001001110001000011111010011
01100101110000000010001100000111
00000000111111111000011111010011
01100111100000000010110000000111
00000001010000001000100001010011
00000001111100001000010111010011
10010111100000000010010000100111
00011101010000000010110110000111
00001001100011111000111111010011
01010000110000000010001010000111
00001001011001110000111111010011
01010001111000000010011000100111
00000000011111110000011101010011
00000001101000100000101011010011
10111110011100000010101000100111
10111011010000000010010000000111
00000001100111101000111101010011
00000001001110101000111111010011
00000001011011010000111101010011
00001000001011001000000011010011
00001111000000000010101110000111
00000001001011111000110001010011
00000001101110101000010111010011
00000000010011110000111001010011
00000000111111100000111111010011
00001001111100100000110011010011
00001000010111011000001011010011
10100110110000000010101010000111
10101010010000000010001100000111
00010001011100000010111000100111
00000001011101011000001001010011
11101010010000000010111010000111
10001101000100000010010000100111
01111001011000000010110000100111
10101111111100000010100000100111
00010011000000000010000110000111
00000000010101110000101011010011
00001001001000001000000111010011
01011010110000000010111000000111
00000011000100000010010000100111
01011011110000000010000100000111
01010101001100000010010000100111
00000001001010101000010111010011
00000000100011011000111111010011
00001010010000000010011100000111
00001001001010000000011001010011
10101101101100000010001000100111
11011111011000000010001000100111
00000001101100001000011011010011
00001001000010011000110111010011
00000000101001111000000111010011
00100010100000000010110110000111
00010010100100000010110000100111
00000000110111100000110101010011
00000001011011110000100101010011
01110000110000000010111000100111
00000001001001001000110101010011
00000001111010011000010001010011
00000000001111000000001111010011
01010100100000000010001000100111
11101100100000000010101100000111
00100111111100000010100000100111
00101100110000000010001000100111
00001001110111100000110011010011
00001001001001001000001101010011
00001111000100000010001000100111
01110101100000000010000100000111
00000001011010101000001011010011
00001000000111110000100111010011
11001001000000000010001000000111
00001000101100101000101111010011
00001001111000101000001011010011
01001001011000000010000000100111
00001000111000001000101101010011
00001000001000001000101101010011
10111010011100000010011000100111
00110101100100000010101000100111
11000000010100000010110000100111
00000001011001100000000101010011
00000001001100110000100111010011
01101001111000000010011000100111
00000001100000101000011101010011
00000001000111110000110111010011
00001000111010101000111011010011
00001000110110000000011101010011
00110100000000000010011000000111
00001000110111101000010111010011
11101111010000000010110010000111
00100011111000000010100000100111
10101101111000000010100000100111
10000101110000000010000100000111
00001001110100110000001011010011
01101001101000000010001000100111
10010101000000000010001000100111
00000001100011011000111011010011
00000000110011000000001111010011
01010100100000000010010010000111
11010011000000000010001010000111
00111111010000000010010010000111
01001001100000000010011110000111
11111111100000000010111110000111
11000010000000000010110000100111
01010111000000000010010100000111
00001001100001011000000101010011
00001001010010110000101101010011
10111101110100000010101000100111
00001001101000001000011111010011
00001001100011100000111011010011
10100010110000000010000000100111
01000011110000000010010100000111
00000001010101010000100111010011
01110101100000000010001110000111
00001001010011011000011101010011
00001001010100100000010111010011
11000010011100000010111000100111
00001000010001111000011001010011
00000001110010010000110111010011
11100101110000000010101000100111
11100110110000000010111100000111
00101000010000000010101110000111
01101101110000000010100010000111
10101001010000000010111110000111
00000001000100001000010111010011
00001000011110100000001101010011
00001000011011001000101011010011
00001000100101001000111001010011
00000001101000101000001111010011
00001000000011001000001011010011
00001000111000111000000011010011
01111110000000000010101100000111
00001000110110101000001001010011
00001000101111011000000111010011
11101100011000000010100000100111
00000001110010111000111111010011
11001010010000000010110000000111
10110001101100000010011000100111
10100000010000000010100000100111
11100100000100000010110000100111
00000001000001111000110011010011
00001000110001111000100111010011
00001001111111110000100011010011
00001001100111000000001011010011
00000001010100000000110001010011
01111000100000000010011000000111
10011111110000000010110100000111
10001001101100000010101000100111
11110111111100000010011000100111
00000000101011101000110111010011
00001001101100100000110011010011
11111001110000000010011000100111
10001001000100000010111000100111
00000001011100001000111111010011
00001000000000001000101011010011
00000001110001111000010001010011
00001001101111010000010111010011
10101001111000000010100000100111
00000001000000100000010111010011
00001000111010000000100011010011
00000000110001000000001111010011
01001011110000000010000010000111
01011001100000000010010100000111
10011000100000000010100010000111
00000000100001101000000101010011
00000000011110011000001101010011
11011010011000000010011000100111
00001001100111011000101011010011
00111010110000000010010000100111
00001001101111101000010111010011
00001001010100111000001001010011
00001000001000101000011011010011
00001001100101001000001011010011
01000011111100000010001000100111
10111101110000000010010010000111
01100101100100000010110000100111
00011101000000000010010100000111
00011110011100000010111000100111
00000001000101011000001101010011
01000011111100000010100000100111
01011110010000000010001100000111
00001100000000000010000110000111
01000011000000000010000110000111
11111101001000000010010000100111
01110000100000000010000110000111
01111001110000000010010000100111
11100010110000000010101100000111
00001000010000110000101101010011
10101100000100000010111000100111
00001001010101001000010111010011
00000000010011011000101111010011
00000000101111111000100011010011
11000111111100000010111000100111
01110100101000000010110000100111
01110010000000000010110010000111
10100010000100000010111000100111
00001000000001111000101011010011
00001001001111010000100001010011
10011000110000000010110010000111
00001000001001011000001001010011
00000001101010011000000111010011
00001000100000010000000101010011
00001001100010111000011111010011
11111010100100000010000000100111
01101010001100000010010000100111
00110010001000000010110000100111
00001000010011000000111001010011
00000001010001101000101011010011
11110001100000000010000000100111
00000000111000101000010011010011
00000000111111111000000011010011
00001001010100110000101111010011
01000110010100000010101000100111
10101101110100000010101000100111
01011010010000000010101100000111
00001100110100000010111000100111
00001001101101011000010011010011
00000000000000000000000001110011
00000000011110110111010011101001
01010010110110001011110001010111
00000000011011000100100110110001
10011100000100100111000010111000
00000000001101001110100010001101
10100110000001001110111011110110
00000000000001111111001010010000
01010010100101010011110000010000
00000000001010011111101011011000
11011000111111111101110010011011
00000000001001111001001000010111
10100110011101000000001000110111
00000000000110010000111100101001
10101001100110001001001101111111
00000000000001000101111111011011
00000001000100111011011001101000
00000000000101110110011101010001
01011101011001111110000101011100
00000000001110100100111011100011
01010101011001110011011100101011
00000000010101001010101000101010
01111000110000010011101110001011
00000000001000000101110101100001
00111001000010110000001010001011
00000000000001001101000010100011
10101000011000000110111101010010
00000000000001110010111010000111
01101101101001100001010101010111
00000000011001001011011010001010
00010101111010110000111101011000
00000000000010101110011110100011
10001011110100110100010010011100
00000000000010000001110010100100
01110011111100111000110000010000
00000000000110010101100000100001
11011101001101100101100000100110
00000000010001011110111110110111
11000111001000100011111100101001
00000000000000111000001010111100
00011101011001101110011101100000
00000000010111000000111011010111
10101110111110100100011001110000
00000000010010000010000010000101
10100101011010101101110011100011
00000000001110111101101101110100
11100101001110010111101010111101
00000000010100001011101010110110
00101101111001000000011111101011
00000000001101011011010001111011
00011101011010011001011110111100
00000000011000110110111011000101
10001001000011001111011111101111
00000000001110010001110011101100
11001001010101100110001101101110
00000000001001100110110000111011
00010110000001011111111011000000
00000000001111111110000000110001
00001110010111111000011000101101
00000000011001111010000010110101
10000110101101101111110011111010
00000000011000110011000100100110
00011101001101011011000001110011
00000000000010001000010111110110
01101001110101110101010110100010
00000000011000010001000100011100
01011011001011000101110100100001
00000000001110110100111111011110
01110001111110000110000001101001
00000000001100011101011101011000
10010100101000110100100010010110
00000000001001100101011011101011
00010101100101001010100111001100
00000000000110001001110100100010
00101011010011001110110010011001
00000000000011100010010110011111
11010011011011010110101101010010
00000000011111001100000110011111
11111101011010011010000101101101
00000000010011100100101110010100
11100001000001010101110010111010
00000000001011111011011111110111
10101100100101111101101101011100
00000000000100110111111001100101
11100000110101010010001000100111
00000000010011101011001111111000
01100010101101011001100000011100
00000000010101001010011101101110
00011111001100000101110101010001
00000000000001011101100110110111
01100010111010110111000010100110
00000000001011010111111111001111
11101001010001110010111000111110
00000000010111101100110011000100
01100010001010001110110100100111
00000000010101000111000101100011
10001010000101000110100010101000
00000000001011000000101000101111
01111111000110111110011010110001
00000000010010011011011110100000
00111101100101101100101001101101
00000000010000100101111100111111
10011000100001010010011001000111
00000000010111010100000100111010
00010011010000111110010000110110
00000000000111100101001111101011
00100110101000100111111011111010
00000000000100100110010110110010
01000010001001001111011110010000
00000000011000011110010011110000
11011101111000111111010011110000
00000000010000100001010010011011
00000100100100100111100001101010
00000000010011010010001110100000
10101101000010111010001010000111
00000000010100100100011001011101
01011001001110000011001111001011
00000000000010101101100001110000
11100100011111010100001111110000
00000000001100101011000010011100
01111100110110111010111011000100
00000000011100001101110010101000
10011011001011111111010110011000
00000000000111010101001100100110
10101100101101000010011111000010
00000000000000110011001001110010
10011111001010111001001110110000
00000000010000000100111100010100
00010111010011010001001010111110
00000000010100100001011110100000
10110110101101011001001111011111
00000000011100100100110011101011
00011100100000000101110101001110
00000000010001101001010011011010
00111100001001011010001000100100
00000000011000010110000011100001
10101011011001010001011010000110
00000000011000100000000100001001
11100011010111001100001111011101
00000000011111001110010100111011
00101000001000111010111111010001
00000000000111101010011101111101
10101010110010100101111001010110
00000000011010100001001011111011
10001001110110000101101100000111
00000000001001100011001011011111
01010001000011100111000110011100
00000000010011111110111100000110
11000101001000101101010011110010
00000000011011011101110001010111
10111100110010001011011000111001
00000000011111011011111000001111
10110101011000111110010100110000
00000000010111010100100000011111
11001000101110110101110110010000
00000000001001010011011110100001
00011011001101100100001001110101
00000000011100010000011000100110
00100110000110101100000010000101
00000000000101110100110011111111
11101001111110110000010010101111
00000000011011101101011110101000
01000011111100100001100011101100
00000000010101101010011001101101
01111100111001110000010111010101
00000000000011010000110111111000
10010011111011111010111011010011
00000000001101101000011001000111
00110111110101000111000011111001
00000000000000101110100000111101
00111100111011100000101010001000
00000000011101101000100100000101
00100110010100100011110110010110
00000000011000100111110111101111
01110111001101100100010000101110
00000000010001001101101010010111
10001100110000111010000011100010
00000000000011001110100100111000
01110011100101011111011111010001
00000000010010111000001001100000
01111101000010011111101000011111
00000000000101110011110011011001
11000100101101011100010001100101
00000000000011001000010101010001
00111011000001111111000100110001
00000000000001010000010111011010
01000011111101110001110000000100
00000000010100010101110110001001
10110100101000011000111001111010
00000000000101011000010010000110
00010011010100011111001110111000
00000000000011101110001111000101
00001011100010101101100011111111
00000000001101110110011100001011
11100101010001000011000001010001
00000000011100000011011000010111
01101100101110011011110001010001
00000000011011001010001111011111
00100010011010110001101000010001
00000000010110000001000001111110
01110000110011111100010101000101
00000000000110110010101100010001
10010101110100100111011011111100
00000000011110000111001000100001
01111111010101000101001000111010
00000000000101010110000001100111
10101011110011001001001100010000
00000000010000110001100100101001
10000100100011011110101000001111
00000000011110011000000000010001
01101010000110111111101101111100
00000000010111111111000011011010
00011000100100100101111000000111
00000000010010001101101101000010
11101110110011000111001101111100
00000000001100000111001101001001
00111100101110010001111110110001
00000000010101111110000001111010
01000010011000110110110000001100
00000000010110001001111111010111
10111100001110110000100010110000
00000000011001110011110110010110
01011000001101100101001001011110
00000000000101111011110000101110
11110110011010001001110110110110
00000000011010100001110001101000
01001110101101100101101000010011
00000000000101100001011001111110
10001101000001111101101100000101
00000000010001010101100111110100
00111100100001110010101011101010
00000000000100101001111111001101
11010001101001001010110100000011
00000000010000011000001011111001
00010111100001100011001101111111
00000000000001011111001011001010
01010001000010111001110001100001
00000000011001000000110010101110
01110011101111010010010010000000
00000000011010110011111111101100
10110010110010111111001011110010
00000000001111110000111101001110
01011101001110001011111000100011
00000000000011100001001110101100
11001110010100011010001010111101
00000000000110010100000110110110
11111101000110011001100000010101
00000000000111001100001110101010
01001000001011011111111100111111
00000000001001100011100111111111
11010001010110000111101001110111
00000000000110111010011011001010
10010101000000001010000001100110
00000000001101001100110000100010
10011011110010111010010110000101
00000000000101100010010000100100
11001010001000110011110000100110
00000000011000110111001010011010
10110110101111101010101010100010
00000000011111100000010011101111
00101011000011101110010000111101
00000000001100101001110110110110
11010100111010111010101101001111
00000000010011101010110101010010
00000000100011000011110000000000
00000000011000111110110101111110
01010011011000100010000100101110
00000000001111110110101010101001
00111011010010110010011011010011
00000000010111000101011001011010
10101110101100111010001111011110
00000000000111010111100110010000
01001110111110100000101000101100
00000000001100010111001001001110
01011001001111000011000111110010
00000000001100001001111111101110
10101100001000000011101001001000
00000000010011100010000001010001
01011000010001110100101011100011
00000000011100100111011110110011
00011110010110100110111100101100
00000000000010110101000111110010
10011000100100111011111011011111
00000000011101000001011101110011
10111011101000001000010100011011
00000000001100010001101101100110
01101110111111100011010000011101
00000000011011110110100010001110
11010101010110011001011011000011
00000000001111010010011100000001
11000111011111010110111011110110
00000000000010100001100000101110
10001001100001010010001010011010
00000000001011010001110100001000
00011110000010101001101101000110
00000000001000111010101100001110
11010010011111001100110010000011
00000000001100011011001011110100
11110100100010011111010010010100
00000000010000011001101111101101
10010101100110111111111111100001
00000000010000110011110111000100
10010010100010010011010010001101
00000000011010011010010001111101
00110000101101100010101010011010
00000000001011101000101111001101
00101101100001011000100111011000
00000000011011100111101110101011
10000110100010001000110000101101
00000000011100000101101111110010
00001011011101000001000010001100
00000000011011101100010111001110
11111100001010011011101000000000
00000000011110010110111101010100
10100010011110101001011011001010
00000000010111101101111011100000
11100101111011101010010000100110
00000000000011000001000001100111
11000100000101101111111111001111
00000000010111001001110001011110
11011100110011111101010111100011
00000000001011100011100011111000
00011000011110101010101101011010
00000000000110110111001000110011
01000001010000011011111100000111
00000000010110111101001111101000
01100011000001111001011011000001
00000000010101110101011001110111
11010010101101111001000001000101
00000000010110100101011100001110
01110101100111010001110010111000
00000000000011000001101111100001
10011101000101001101100101001010
00000000010111000001100110110111
00011011100010001000111101000000
00000000000001010111001110111111
00100101001011110000111100010110
00000000011010110100100011100100
10110110011011011010011000110000
00000000001010011101111000100010
11110000101011110010101111111000
00000000000101001101010101011010
01010100000000110001001101110000
00000000011000000110010001101110
01100101111000101000100000101110
00000000010011101000111000111011
00111000111000100000001101000110
00000000011000101101110001100100
10000001110101011110001111011011
00000000010111010010001001001100
10000100110010011001011010001011
00000000001101000111110111100111
00011101000010000011001101111000
00000000001110011110000011111110
00111110101111100001110011111001
00000000001001001101111010110111
01000000000011000110111001000000
00000000000110100001011101100100
11100010001100011011101111110010
00000000000000011010010000100100
10010001010010111001001011111000
00000000000101111100000001100000
00110100000100111011100101010111
00000000001010101100011000111011
00101001111101010100111000100001
00000000011110111101010011010100
11110000000100011100100011011111
00000000011001100000111011010001
10010111010101110101100010101100
00000000010011011100110011111100
00001111111101011110101001000001
00000000010100001001001001011010
00010111010111011011010011110010
00000000001111111111010000001011
01010111001100111110101001101010
00000000001101110101011010101011
00011101111000011110001111111010
00000000011111011100010101100111
00001110011110100101000001010110
00000000000010001111101001011100
11110001011111011100000111101111
00000000001001010000100011111010
10110101001100111001110010010110
00000000001110111010011111101101
10110000001100000100001110101100
00000000010000111100100110101001
11001000100110010010100010010011
00000000001010100010011001111111
00110100101001101001001000011011
00000000011010001100001011100000
00100110111011100011110000000001
00000000000110100000011001001110
00110110001111000011010100001011
00000000010000010011010000001101
00001000011101001101001110110111
00000000010001100001110001101000
10000011111011011100101101111111
00000000001110001111101100101011
01000100010001001011000010011001
00000000010011100110011011001110
00000011000010000010010111011110
00000000010110110101110011111110
10110101111011000001101101100100
00000000000000001111010000001000
00111001111000000100111010110111
00000000001001110110110000011001
10110001100100101111101101110111
00000000010110011110010000011110
00100011000001111000101111101101
00000000010100100101000010001011
01100000110100100001011110110101
00000000010011100011010001100000
01000011111101111100110110011111
00000000000010111111001010101011
11101110000010100100000000001110
00000000001010110001111010110000
00011100110001101001111000110010
00000000010000001100001011010110
00101001110110010011011000111011
00000000000000111100010001000000
00110111111001100010110010000110
00000000001010001101010010111111
11000100010010110111111111001000
00000000001000111101001100011010
10011111101010111011011001010010
00000000011110011100000101001011
10000011110101001101000001000001
00000000001011000010100011100001
10000000101011010110010010011101
00000000010111101111100010001100
00100110011111010000100010110111
00000000001000000001000101101011
11100101011100010011101011101110
00000000000011101110010000011000
10101100010111010100000011000101
00000000010001010110100111100101
10110001100100001011010011001100
00000000011011001110110100000001
11011101101011101001110111011011
00000000011110101111111001001100
10010001010000111010110101010101
00000000001101000101001010010110
01111101011001011100010000110101
00000000001011001100010111101111
11110100001010101110110101100100
00000000010110000100101011000000
01101011101011101001011001110100
00000000000101001101000001001100
00010111010101100011010100011100
00000000011111011101001101010110
01110010111011001111101101100000
00000000000101000100010011100100
00000000110111000001011100001101
00000000011000100101000110011110
11101110110001100101101011100010
00000000001111000111101001100010
10110000111011111001111000011100
00000000011001100110101101101110
01010111010001101000011010011011
00000000011110011111010101110000
00101010111101001100101011110110
00000000000011110001001101110000
00101000101010100111001010101011
00000000011001010001101101111110
10101110011101010110000001100000
00000000011100011001100011111110
01000110110101000100011110100010
00000000011110011101101000111101
11000010111111001110110010111010
00000000011111111100010011110011
00101010001011101100100101001010
00000000010010101001011001010000
11111011110111111110010111011001
00000000001001010101100101100110
10010011001111100111011001000010
00000000001101101010110111001111
00000001111100111011111011111100
00000000011000100111100101011100
10110011000110000010000110100100
00000000000010111111111101111101
10111001110110000100001101100010
00000000011000010001001011010001
00011001011101001001111101111111
00000000010100101001010000100001
10101111010100111001100110011001
00000000011101001011110010100011
00011000101111101111101111010111
00000000010001001011000011001010
10111111001011011000111100111010
00000000010000111101100000101000
10100000100011011011001011110000
00000000000110011101001011111011
00000000110111011000110111100010
00000000011100010111111100110101
11101101000111001101001000100110
00000000011100001001100001101100
00111101101011010101100100010000
00000000010111010101010001111000
10110001110100100111010100001011
00000000001100010101101000110000
01001110111111101110111000101000
00000000001100010110010011000010
01111110011001111110010110000111
00000000011100001000100000011010
01000110000100110011101100100011
00000000010000110001100000110100
11001101110010001010011110001010
00000000000011011111000000001111
01010010101101110111011000011010
00000000000011000101000010011111
01001110100100011010011001110100
00000000001011000001010000011100
00100110010101001011011001001000
00000000001110101110000000000000
10000110101111000001010010110110
00000000011001001001110110100110
10010011010110000100000000100100
00000000001001101100001010010000
10100100101000000100100101110100
00000000000100111010000111101100
00000100010110111111000110100001
00000000000000101001000110111000
10101110110011101000011100110100
00000000000101011011000000100110
11001001011101010011000101110010
00000000001000101001110100010001
10000010000000000100000000101101
00000000000010100000010001111110
11001110010101100000001111110000
00000000011110010000101000110101
00001101001001011000101011101100
00000000001100001000010010101111
11000101111110011101110011010101
00000000001111010111111010010111
00111110110111000000010101000010
00000000011011110000110101110000
00101110000001101101111111010010
00000000001011101100001000111110
10011000110010100101101011011001
00000000011101111010111111101001
01001001111000110001101100111101
00000000001010100110010101001011
00001010100101110100111100111111
00000000010110001110000000010001
01100010100000101110111010011010
00000000010101001110111011101000
01111110011101101010100000011010
00000000010000000110100001001100
11110111001011111011011110101001
00000000000111001100010101000100
11111010000011101000100110100000
00000000000011001101010101110111
11100010010100111000010011100101
00000000011100101111111111010010
01011101000101000111101100000111
00000000000101100000000010011101
00100101001100010001100111111011
00000000001110001010010000111101
10011011011001011110001010100001
00000000011110001101111111101100
11010110011101110100011010001010
00000000001000101011000110110100
10001100101111000101101010110101
00000000011001011010010111111101
11000001100010010100001101011001
00000000010111110111001011000000
11000101011000011011011001011001
00000000010010010000111100000010
00100010010100101100100010100110
00000000001101010110111100001001
10100111011010110001101111111001
00000000011111111011001111010101
00111100100011101100011011011010
00000000011011001111011010110110
10101011001101010011101110111010
00000000001010111100011011000000
00110111010100111111001010010101
00000000000110010001110001111000
00000100100011110100011100110010
00000000011001111101111100000100
11010111011111011001011000010010
00000000010011110011011000011000
00110100100011010010110001101111
00000000001000111001110011111001
00000111111011101111011111111000
00000000011011010000011010110001
00111111010010111001011000000001
00000000011010011101101111100111
01111011100001111100101000010010
00000000011110011101010000110010
00011101000100110010011111110101
00000000010001010000010011110011
01111111000011110010100011001000
00000000001010011110010000111111
11000001100110001010001110001011
00000000011010111000100000100111
11100011010000100010010010010110
00000000000101100101111000010010
11101101000111001001100100101011
00000000010010100001010011111000
00010111001011110101110010111001
00000000011111000001000011110011
01101101101001011111110001001001
00000000011100000111110000110101
00000110000100001111101000001011
00000000010011010000100001110110
10110101011111010001101010111110
00000000011000010011001001010111
11110111001001101010001110010111
00000000001111011101000010001110
11011000111001000001001110101101
00000000000110101000000101010001
01000110111011110011011110011001
00000000000101000111111011110111
10101111101010101110111001111110
00000000010011100111011111001011
01100001001110011001100000010101
00000000000000101101010101001000
10001111010010011000111001011010
00000000011110111001000100100111
01110010011110001010000011110001
00000000001100110101010000011011
00101010001111101000010011101000
00000000001001110011010011011010
00011011011101101100001000111001
00000000001011000101001001110110
11101010101010001011100000010010
00000000011010100000001100010101
01001110100010010101111100001000
00000000000111010110100111000111
10100000111001101011101110000001
00000000010101011010000010001111
11000111010011111011010010101101
00000000000110110100110100010111
00110001010101001110101110111110
00000000011011001111111001001101
10011101100001010101101111010001
00000000000111011001001101011100
01110100110101101100001001101101
00000000000110110011000101001000
11011001000101110100000101110110
00000000011100010100100100001111
11001010111101111000000111100111
00000000001101111110110000111011
10111100010101101011101100010100
00000000011000101110001011100100
01011001100011100010001000011100
00000000000000000101000110101000
01011111111010011001000111100010
00000000010101110101111010001011
10111111010000010101011111111000
00000000010101110011110111100001
00000010110011111000001110101111
00000000011010111011101101010010
11011000011101100000100001000111
00000000010010101110101001111110
10001000110001001100101000110001
00000000010011001100100000010111
10101110001110110001111101100110
00000000011101101100001101100101
00110011110110011100111010111111
00000000011100001111110100010110
00001001100111001110110010111010
00000000000110011111110010001001
11001011011001010111101111100000
00000000001001100101111011000110
00000011110010110111000100100101
00000000011000000001010111101111
10101111110100111110001101011001
00000000001100010110001011111110
10101011100010100000001100000010
00000000001100100110001110011101
01111100111110011000111001001101
00000000011010101111111110011011
11100100111000110111111001111111
00000000011111111011011100000011
00011110011000001100001011111011
00000000010110110000100000000110
00011101000110011010011000101100
00000000000111011110000001000010
10110101010111100010010000111011
00000000010000010100101100010011
11101011001001101001001000001111
00000000011000000101000101001011
00000111100111100011011100101110
00000000011111101111000000011000
11011101001110011101111111100110
00000000011001000111101011101101
10011001010011001001010100111000
00000000001101111110101100110011
01101110101000000101100011000101
00000000000111000011000101000011
01100110011001101111000101101100
00000000010100010011000001101110
00110110100110100100111001101100
00000000001101011000100110010011
01000100010010111111100100011111
00000000000111111000011101001001
11110111001000110000111010111001
00000000001011111001111110001110
10000101110010010111101110110101
00000000000010010110000001011000
11010000010000010110101110010100
00000000000001011110101100111010
10000111001001111000010111111111
00000000011001110110011001100101
10100010010010100110001111010101
00000000010001000101011100010110
10000010110010111011100000011100
00000000000111001100101000000101
10000000110111110010010110101110
00000000010010111101011101010001
10001001001100100001001111100110
00000000010000101110100011111000
00100000110000000101001001000111
00000000010100010101000011010001
01110101101111101011000110100001
00000000001111001101101010010111
00111011010101000111000101101001
00000000001100001001110001101101
01011010011010100011111100000001
00000000011101111110100010110110
01000010011001001110011010110011
00000000011110110011011110001011
11110001111010111000110010010111
00000000011100011100001011101001
10011001110011111011100110101000
00000000000000010001100110001110
00100001000101010000011001010111
00000000001000011001110000011111
11010000011101110000101101111111
00000000011001101110110110011010
00000010011000011110111101001100
00000000001110100110110010011011
00111101011001001000010011111011
00000000011110101011001001000111
01001100010101011110001100001010
00000000010100010101110000110110
11000100001101000111111001000101
00000000010010000101110000110010
00100001001111101111111101001010
00000000001111011010101001011110
01010100010001100111110011001101
00000000011010010101000011111001
00000000011100011110100001101111
00000000001111110011110001010011
10011111011010100001001111111001
00000000001111111100011101110101
00100110001001111110010000000101
00000000000000000011010100001011
11111000010110010100100101000000
00000000000010001000101001101000
00001110011010011100000111111101
00000000011111111001111011101110
01110101001101001000100001111101
00000000001000011010110010011110
00010110000100101101010101111011
00000000000101101100100110001001
00100100110011001010000111111010
00000000001000001101100110111110
11010110000011001011011110111111
00000000010101011111010001011111
11010000010101101010000110111111
00000000011000111011000001100001
10000010111001010000011011110000
00000000011101001001101111110000
10011111111101101010001100101111
00000000001011001010111010101010
01100110110010100101111101111001
00000000000000101000111100010100
10000110100011111111101001110110
00000000001101001000101110010010
10000001100101010101000100000101
00000000000110110111011001001100
11001011111101111010001110110101
00000000001001100011111010110111
10110111101111101001100101100110
00000000000001000101110011011011
00111001001000100100111011010110
00000000011111101011110011111001
01011001001000110010100010000100
00000000000101100100100101100001
11011111010110010010100110011101
00000000011011010011001101111110
10000000011110010000101000010010
00000000000101001111101010110011
00110100011110010010000100110111
00000000011111100100110001000011
01110110101101110101010010100010
00000000010111000000011011001010
00111001101001010101101111010101
00000000010011001100000110111100
11100001000101110010001100011111
00000000001000010111100010111111
10011110011111001100100111011101
00000000001100111101100111100111
01000010101000100010100001011010
00000000011101110010101000111110
01001011111100000100001000100101
00000000010000111111111001011001
10100111011010100101001111010010
00000000011010100110001101110101
11100011010110010110111010001000
00000000011000100001010001111000
10000001110100100001000101010111
00000000000101011100111011101011
11001101001101010001101000111001
00000000010100000001101010101101
10110111011000001001111010110110
00000000000011001011110110011001
11111001100110010100101100100111
00000000001101101000011010001110
11110110110110001000101000010100
00000000010111111011000010100001
00000010101101100010001000100110
00000000010110011010110000001100
00000000010110001111111111110010
00000000011101011011010100000110
00101000101010111101100001111111
00000000010000001011110111011000
11001101100001001000100100010010
00000000000000100101011000000111
11010000110010101100101001111110
00000000010010000111001000000111
00011010011101110001101001011101
00000000000101010100010111110100
01001000101000101110000011100100
00000000000011100001111011010111
00101101110110110001010001010111
00000000011101011000011010110010
00101111100101000111011111000000
00000000001000111010100000101110
10111001011010010111011111000001
00000000010111000110010011001101
11100000010011011011110111001111
00000000011000101111001010010100
00011010111110001011100101110101
00000000010010100101000011000000
11111100001001110000101001100110
00000000001010100010000110101000
10011100011111000101010111001111
00000000010100011111111011001100
11010111100110110100100100010000
00000000011111111000000011001100
10010101000101011111110110011101
00000000001111101101110011000100
10110011111111010010100010011101
00000000000001010010011010010011
11001010100011100100101001011001
00000000011100111101111001000000
01001101100011101111100110111001
00000000011100001000000101100011
00000100001111100001000010111110
00000000011001110010010100011100
10101001010101101011111110011000
00000000000101101010011101000000
01010100001011010000101110110101
00000000001001111111010111000110
11001010010110001000100000110100
00000000001011100100000010110001
10101100100010100111101100101111
00000000010001000100110100110110
00110001101010011010001111000110
00000000011010111000101110100110
11001111000011000010100101101111
00000000000010101110111100011110
00111001101011001111001001101110
00000000011111010001100011000011
01101000100101110010111110101101
00000000011110000000100010011001
00111010110111000001000111010010
00000000001000001000100010011010
11100011101000111100010111011010
00000000001011010000011101010000
11011100111011100011010111100111
00000000000110010000011100101011
11001001001000010101111011101001
00000000011001101000000111000010
11110101101001100010000110000001
00000000001000001001111011100000
01000001001101000100101100110110
00000000001001100000100110100101
01011010011101110010011100011100
00000000011101111100011100100100
01011110010110110100000010000110
00000000000101000111100111000010
10100010110011111011100000111110
00000000010100100110011111000101
01001001110010001000110110101010
00000000011110101010100001101111
00001001110101110001100111011110
00000000011100010010000010011000
00010011000001110001100110001011
00000000000011001000110011100101
00011010011011111001010010001110
00000000011011110100011100000010
00010111000111111011010000001011
00000000011000100101111010110101
01100010001011111100101001001000
00000000000010101001001101000011
00001011000111100011100110101011
00000000000101101001010001000101
10001101001111010110110000110101
00000000010100011001110101100000
01010010010000001111101000100110
00000000011100110111100011001010
11010001100010011011100100010000
00000000010100100101110001001010
10001010010000011111000111011001
00000000011100101111101010100010
00010111001100010011010110111110
00000000011000101100110000011011
01100100011111110101111100101000
00000000001001110110000011010110
11010010101010111110001111011101
00000000010010101010100111010100
10111101000000111110111001001000
00000000000011010111100100111101
00010000111110110101001001101100
00000000010111101100001011010110
10000101011011100111100100000010
00000000001110010100000000100111
00100110000011111110111101001000
00000000001001111101011001011011
00111010011110101001100001110011
00000000011001101011111001111100
11101000101011010100110110010100
00000000011110111110001000001011
00100011110000011110100001010000
00000000000000000000000100111010
00110101101111001011110101000100
00000000010010000110111011110110
11101110000100111000011101101001
00000000010110001000101001001011
00001011110111101000011010111011
00000000010111011111101001001101
00001001010110010000110100101010
00000000000101001110010100000001
10001011011010000000000011101001
00000000000111010110001011011000
01010000010010011000111100010100
00000000011111010111111010100010
11111000100010001011111101010111
00000000010101100110010010010110
11101010110101101000100001011101
00000000011111011100101011001111
00010010101110100011100011000001
00000000011100000111001111101100
10110001100100001110111011111110
00000000010010001010000111010110
10000110111110001111011111001101
00000000011001110011101100010011
11010100001001010110100001100111
00000000001110111110101001101010
11000010010000010011001000001111
00000000001011101011011111100011
10010000001001000111011010000010
00000000001110110000001001101001
01101110001000111000001111011011
00000000001100110001110011000100
00111000000100010010101010111000
00000000001000000001101111011000
11111111011111001101101101100000
00000000000001011001010010110001
11001011010110100000101011011000
00000000011000110111110110010000
11110111110111100011100100110100
00000000010000111010110100110110
00011010111011010000000001101111
00000000000101110011111000111100
01001000100000110000101101100111
00000000010100111011001101110100
00011110100001101101110100100101
00000000001011011001001100000111
01011011111000110100111010010110
00000000000100011001110001101001
00011010011110010001001000010111
00000000011101011001001100111111
00101110111000100000111010110010
00000000001111110001110101100110
01101001101111111011011110101110
00000000001001100000010001111101
11000110110010100000110001110000
00000000001000001010010101100100
10010101110000011000110111000110
00000000000110011001000000111101
11001000011001100111000110110111
00000000000101000101011101111000
00100001100000111010001111001111
00000000011111011001011010111101
01011011010100100011100000000001
00000000000011010010011111100001
00111001111011000001001011000000
00000000010011001110000110010011
10010100011000000001110000011100
00000000001100110011110100111110
10111110000110100111011010000101
00000000001111101010100001100111
01101100110001111000010001001010
00000000001101011101100000001010
01011110111011110000001001100001
00000000011110000100110100111011
10110111110101011001111101000001
00000000011000110101010110101101
01000010001010111000010101011001
00000000010011100010000001011100
10111001111010000011010110101110
00000000011110100010011010001100
00100001111010111010001110100111
00000000011110111010101101000111
10010011100111001101000110110100
00000000011110111101111001011011
10010001100010100001011010000010
00000000010010111110111100001101
10000100101111001001010110110011
00000000001110011011000000101110
00110001010100110100110001111101
00000000011010110000110001100000
11010101111111111101000010001011
00000000010101111111010000010010
00111011001000101101001110100001
00000000011001101100001100010110
00001111010010100000011101011001
00000000001011001100010000010111
01010110100111111011001010010010
