01111111110000000000000000010011
01111111110000000000000000010011
01111111110000000000000000010011
10001111100100000010011000100111
01110010010000000010101100000111
00001000101000011000100001010011
11001001000000000010011110000111
00001000111100110000101111010011
01110100010100000010001000100111
10100001110000000010101000000111
00001000110000100000011011010011
10100010110000000010101010000111
11111001111100000010111000100111
00001000001000111000111001010011
00001001001010001000111101010011
11001101111000000010100000100111
00001011110000000010010000000111
00001000000000111000010101010011
00101001000000000010011100000111
10100111001000000010010000100111
00000001100101010000111011010011
00000000110001101000101101010011
00001000000010110000110001010011
00001001101110010000100101010011
11100110100000000010100010000111
01001010100100000010011000100111
00001000110001110000100111010011
01110110000000000010001000000111
01100000010000000010111110000111
00000000011010101000000101010011
00000001000111010000001111010011
11001111010000000010110010000111
00000000001010111000000101010011
11101001010000000010011110000111
00001001000101010000100111010011
10110011101000000010001000100111
00000000000011111000100111010011
01111110010000000010011000000111
01000011000000000010100000100111
00001011110000000010000010000111
00101101000000000010001110000111
00011111001100000010101000100111
00100010111000000010111000100111
00000000011010000000101111010011
00101100101000000010010000100111
00001000011001010000101011010011
00101100010000000010000110000111
10100100010100000010100000100111
10001010010000000010001000000111
00001000011110111000010011010011
00001000101100100000001111010011
01011110101000000010000000100111
00000000001011001000011101010011
11001001000100000010100000100111
00001001110010000000011011010011
00001001011011000000100111010011
01001001100000000010011000100111
11111110110000000010111000000111
00101000110000000010001100000111
00000001000100011000011001010011
10100000100000000010111010000111
00010010010100000010001000100111
00000001110111100000001011010011
00000000100110000000100001010011
00001000110000110000010101010011
10011101011000000010110000100111
00001011000000000010011110000111
00000001001110101000000101010011
00000001101100000000010011010011
10010110010000000010111110000111
10011110000000000010001100000111
11000001000000000010101000000111
00011011110000000010110010000111
00000000100001010000110111010011
00000000010111110000110001010011
00000001100010100000110101010011
00000000111011001000001011010011
00001000110010110000010101010011
11111011111000000010100000100111
10110100100100000010011000100111
00000000010010000000010001010011
00000001011110100000111101010011
00000000000001110000000101010011
11111100100000000010101010000111
01010101111100000010011000100111
00010111011100000010101000100111
10011000010000000010100110000111
10011101110000000010001010000111
00001000100110011000100011010011
00001000110100000000101001010011
00001000010111000000011011010011
01101011110000000010111000000111
00110111000000000010010110000111
10100011010100000010011000100111
01101100100000000010010000100111
00001001100100010000001001010011
00000001110110000000001011010011
00001000111111001000000111010011
01010011000000000010000010000111
00001001011101001000100111010011
00000001000111100000000011010011
00000000101011101000011011010011
10010111100000000010100100000111
00001001011111101000111001010011
10000010110000000010100000100111
00000001000011110000101111010011
00001001100111011000110101010011
10110100001100000010101000100111
10011101010000000010101000000111
10010110110100000010000000100111
01001010100000000010001000100111
11001001100000000010100110000111
11001101000000000010101100000111
01100010110000000010011100000111
10000010010000000010010000000111
11001011000000000010111110000111
01100110000100000010100000100111
00001001000111000000010001010011
00001000100110101000001111010011
10111100110000000010010100000111
00001001011110001000010001010011
00111000000000000010001000000111
00110101001100000010100000100111
00100001110000000010101000100111
10101010001100000010110000100111
00110000111100000010011000100111
00000000111110110000111001010011
10110111000000000010101100000111
01010111001000000010101000100111
00001001010110011000110101010011
01110011111100000010010000100111
01110111110100000010111000100111
01111011100000000010100000000111
10010001101100000010100000100111
01001101100000000010011100000111
11111111011000000010010000100111
00100101110000000010111000100111
00000001001111101000000111010011
00111110010000000010000000100111
00000000011001001000001101010011
00000000011100010000100001010011
00001001100100101000000101010011
11111001100000000010111110000111
00001000000111101000010011010011
00011110010000000010111100000111
00111011100000000010100010000111
00001000011111110000011011010011
00001001111100000000110001010011
00001001100010001000011011010011
10011000111100000010100000100111
00001001110010000000111101010011
11100110110100000010101000100111
00010000011100000010011000100111
00001000111001100000101001010011
00000001010011010000101011010011
00001000000001110000011001010011
00001001110111001000111011010011
00001000000101101000010111010011
00101101101100000010000000100111
00001000000001101000111111010011
00000000110111010000110011010011
01100001010100000010000000100111
00001001101101111000111001010011
01000111110000000010111110000111
10111010101100000010101000100111
00000001001110101000110101010011
00001001101000000000011001010011
00000001010111011000000101010011
00001001011100110000100111010011
01001011010000000010000000100111
00001001010010101000110011010011
00000000011011001000010101010011
00001000111001011000100011010011
00000000010001011000110111010011
00001111010000000010111110000111
10101000000100000010101000100111
00001001110001010000001001010011
11010001110000000010010010000111
00000000001110110000111001010011
00001000110011010000100111010011
00001001000001011000011011010011
11011101100000000010100100000111
00010100111100000010010000100111
01110111101000000010110000100111
00001000010000100000101001010011
00001000011011111000011011010011
00000000100100000000010101010011
00001000100110001000110001010011
00001000110011101000110011010011
10110110110000000010011110000111
00000000111010010000011101010011
00000001110100000000100111010011
00000001000110000000000111010011
10000101010000000010111000100111
00000000101110011000000111010011
00001000100100110000001101010011
00000001111001101000100011010011
00001001011001001000101101010011
00000000110101100000001001010011
00000001000100010000001011010011
00101000110000000010100000100111
01100011010000000010100010000111
00000000001100000000001011010011
01110011001100000010010000100111
00001000101011111000001101010011
00000000100001111000110101010011
00001001010100101000101101010011
01100011110000000010111000100111
11001010011100000010101000100111
00000000010101101000110111010011
11110100100000000010100000100111
01101101010100000010110000100111
00100110110000000010111010000111
00001000000100110000010101010011
01110101110000000010010100000111
00111101011100000010001000100111
00001000000011110000111001010011
00101010110000000010110010000111
00111110001100000010100000100111
00001000110111100000001011010011
00000000011100001000101011010011
01011011000100000010110000100111
00000000100100100000111011010011
00000000010000110000101011010011
10111100100000000010011100000111
00000001100111111000100111010011
11110110000100000010011000100111
00110100000000000010001010000111
00001001000111110000111011010011
00001000100010111000100101010011
00000001001001111000100101010011
00001001101101101000000101010011
01011110011000000010110000100111
11100101100000000010110100000111
00000001111110100000111001010011
11001110000000000010111000000111
11010111100000000010111110000111
01101100111000000010011000100111
00000000010001011000011001010011
01000110110000000010111110000111
00110110101000000010111000100111
00000000110111011000001011010011
10011000100000000010011110000111
01000111010000000010100000100111
01100110100000000010000010000111
00000000111010010000101111010011
00000001101111100000011011010011
00001000011011011000101001010011
10001010000000000010010010000111
00010001000100000010000000100111
00001001010011101000100001010011
11100000000100000010000000100111
00000001100110101000101011010011
00111100101000000010001000100111
00000000001101001000101111010011
00000001101001011000000111010011
00001000101111111000101111010011
01100010100100000010110000100111
11001111110000000010110000100111
00001001010110101000100111010011
11010010010000000010010000000111
01111110100000000010110110000111
00001000111110011000111001010011
00001001001110000000100011010011
00000000010101000000011101010011
00001001010010000000101011010011
10010001010000000010010000100111
00100110010000000010000110000111
10101000100000000010110000000111
00000000010110101000010111010011
11100110000000000010001110000111
00011000010100000010101000100111
00000000110000001000011011010011
01101000011000000010101000100111
01111110000000000010000110000111
00001001101010011000111001010011
00101110000000000010100110000111
11010001100000000010010100000111
00000001010000011000011011010011
00000001101111101000010001010011
10101010010000000010101000000111
11100100011000000010000000100111
00000000100011000000100101010011
01000101110000000010000100000111
01110010010000000010010000100111
00101010100000000010010000000111
00000000100011000000101011010011
11111100100000000010000110000111
00101010100000000010011000000111
00001000110101001000010011010011
00000000110001011000110011010011
00000000001010110000010101010011
11111000000000000010100100000111
00001000110100100000100001010011
01011100001000000010111000100111
00001001101101110000100011010011
10100011001000000010110000100111
00000000001010010000001001010011
00001111110100000010111000100111
00000001001010011000010111010011
00001110010100000010111000100111
00000001000000101000001011010011
00000000100101010000010101010011
00000001000011011000100101010011
01111001110000000010011110000111
00000000111100000000110001010011
00001001001000101000101101010011
11100101000000000010001000100111
01010001110000000010110110000111
11011110000000000010001110000111
10100010010000000010101000000111
00001000111100011000110001010011
00001000101000011000101111010011
00000001111010010000001001010011
00111111010000000010100000000111
11001101100000000010001000100111
10011111011100000010110000100111
11100110000000000010101000100111
00001001100101000000001101010011
00001001111000101000110111010011
01111100001000000010001000100111
00000001110111000000111011010011
00001000010101011000011111010011
00001000001001000000100011010011
11001000100000000010010010000111
00000001011110000000001001010011
11010110110000000010100100000111
00001000100110111000011001010011
11110010010100000010110000100111
00000001011000111000101001010011
00100101010000000010101110000111
11011101100000000010011100000111
11001000101100000010010000100111
00000100110000000010101010000111
00001000010111111000000111010011
00001001111100100000011101010011
00000100101100000010111000100111
11001011110000000010000000100111
11111011111000000010001000100111
00000001010001101000010001010011
01100000100000000010000000100111
00001001000000011000001011010011
00000001110110000000101111010011
00000000010000010000101001010011
11100100001100000010110000100111
01001000100000000010011000100111
00001001011101111000100111010011
00111011111000000010011000100111
10000100110100000010101000100111
00000000001110011000111001010011
00001000101001101000001001010011
00001001010110000000110101010011
00000001101111011000011011010011
00001001101101111000011011010011
01111101110000000010110000100111
00000001000011100000001111010011
00001000001001010000000101010011
00000000000010101000100101010011
00000000011100100000100001010011
00000001001111010000011011010011
00000000111010011000101001010011
00001000010001110000001111010011
00000001011001101000011001010011
00000110100100000010101000100111
00001000111110101000110001010011
00001000001100011000000101010011
00000000111111011000011011010011
00000000110000000000100111010011
00000001101010001000101111010011
01000000000000000010010000100111
10000100010000000010010110000111
10011000000100000010011000100111
00001001110100111000111001010011
00000000010011110000010001010011
00001000100000100000110101010011
00010001010000000010101000100111
00111101110000000010011000100111
00000001011101101000111011010011
01101110110000000010001010000111
00001001101101101000000011010011
00000001111010110000001101010011
00000001010100100000101011010011
00000001011000111000101101010011
00001001111110001000111011010011
10101100110000000010101000100111
00001000100110011000110001010011
00001000110001100000011111010011
11111000000100000010110000100111
00001000010001110000100011010011
01001111110000000010100010000111
01111001010000000010111100000111
00000011010000000010010000100111
01111000011000000010111000100111
00001001101110010000011001010011
11111110010000000010000010000111
00000000000011000000111111010011
00001001110110111000111011010011
11000011110000000010001010000111
10011110000000000010000010000111
00000000101100110000111001010011
00010111100000000010101000100111
00000000101110001000110001010011
00000000110001010000101011010011
00000000101010111000010111010011
01011101011100000010111000100111
00001001100100110000110101010011
00011110010000000010000110000111
00110111000000000010001000000111
11000111100000000010010110000111
00001000001010100000000111010011
10101101100100000010011000100111
00000001111000010000101001010011
10111111101100000010001000100111
00000001111100101000101001010011
00000001110100111000100101010011
00001001101110100000100101010011
00000001101111110000001001010011
00000001011111110000111011010011
01100011111000000010101000100111
00000000101111010000110001010011
00000001011001001000111011010011
01011100110000000010011110000111
01010011110000000010011010000111
00001001011001001000011011010011
00001000110000000000011001010011
00010110010100000010101000100111
10100110100000000010011000000111
11111001000000000010101100000111
00000000011001011000010101010011
11110100100000000010011100000111
01111000110100000010011000100111
00000001100100001000011001010011
00000100011100000010100000100111
00001001110101010000011001010011
00000001010011001000110001010011
00010000101100000010011000100111
11011111001000000010000000100111
00100111010100000010001000100111
00000001111000011000010001010011
01011110001000000010000000100111
01101100100000000010011100000111
00000001001111111000101101010011
01110111001100000010100000100111
00001000101001000000101011010011
00000000101011011000011001010011
01001010111000000010000000100111
00001001101101001000100101010011
00001000100100111000001111010011
00011101001000000010010000100111
00101010000000000010111000100111
00001001100101101000111101010011
00000001110100100000001011010011
11110110011100000010000000100111
10101010000000000010001100000111
00000000011011110000000011010011
00010110001000000010000000100111
00010101000000000010011000100111
01110110100000000010111110000111
01100000110000000010110010000111
00000001101010001000011101010011
10000010110000000010110110000111
00001000000110011000100101010011
00000001100110011000111011010011
00001000000000110000100111010011
00001000110000101000110011010011
01100101010000000010000100000111
00000000011100110000111001010011
11101100010000000010000100000111
11011011011000000010110000100111
00001001001001101000000101010011
00000001100100000010100000100111
10101111100000000010000000100111
00001000000111101000010111010011
10010001101000000010110000100111
01101100111000000010100000100111
00000000111010101000000111010011
01101010010000000010011100000111
00001001000101110000011101010011
10000100000000000010100010000111
01100011001100000010110000100111
11000010000100000010000000100111
00001000100101001000100111010011
00000000110101110000111101010011
00001001010111000000111001010011
11001010000000000010111000100111
00000001010001010000000101010011
00001000101010111000111111010011
00000001000101000000010001010011
10111111010000000010010000000111
00001000111001000000011101010011
01010101011000000010010000100111
11010000010000000010100000000111
00001001000011101000110011010011
00000000111011010000010001010011
00001000011011110000001011010011
00000000100111101000001001010011
00000111000000000010101000000111
01111110010100000010110000100111
00000000000011010000101101010011
00101100010000000010101000100111
00000000111001001000010111010011
00001000110110110000111001010011
00000001111100010000111111010011
00001000110101111000110001010011
00001001000010001000100001010011
00000001101001110000001101010011
00001000001000001000111001010011
00000001100010100000111001010011
00100000010000000010000000100111
00001000110001101000101101010011
00011100110100000010000000100111
01110001101000000010100000100111
00001000110110001000001101010011
00001000010000000010110100000111
00001001100011100000000101010011
00000000000000011000110001010011
00001000010001011000110111010011
00000000110001001000101011010011
10010001011000000010011000100111
01100100011000000010010000100111
00000001100000010000111101010011
00001001100000000010010100000111
11011011011000000010010000100111
11111100110000000010001000000111
11101100000000000010101000100111
00000001011011100000101011010011
01000100110000000010110000100111
00001001000110001000001101010011
11011011010000000010000110000111
00001000111110000000010111010011
00000001000100000000111101010011
00001000101100101000011101010011
11001111100000000010100110000111
10001110000000000010010110000111
00001001000000000010010000100111
00000001010001100000001111010011
11111001110000000010110000000111
00001000111011001000011001010011
00001000100011010000111011010011
11111011101000000010010000100111
00111111000000000010001110000111
00000001000001001000111111010011
11111100110000000010010000000111
11111001010000000010001000100111
00000001001100010000110101010011
11010000111100000010011000100111
10011111000000000010111000000111
10110110000000000010101000000111
00001000101111110000001011010011
11110001000000000010000000100111
01010010010100000010100000100111
00001101100000000010101100000111
10110011011100000010110000100111
00001001110101011000110111010011
11110001100000000010000100000111
00000010010000000010001000100111
00001001011001011000110011010011
00000000001110111000011011010011
01011101000000000010100110000111
10000111010000000010111100000111
00000001011110010000011101010011
00001000001001001000100101010011
00001001111100001000000111010011
00000001100000101000111011010011
10010001010000000010010010000111
00001011111000000010011000100111
01101000100000000010011000100111
00000000111110100000111001010011
00001000100001001000100001010011
10010000110000000010001000000111
00000000011100001000111101010011
00000000111110001000010101010011
00001001001111110000111001010011
00000001100111101000110011010011
00000001111111011000001011010011
00001001011011000000011101010011
01101101100000000010111100000111
11010000110000000010001110000111
00011111100100000010011000100111
00001000111000011000100111010011
00001110100000000010101000100111
00001011100000000010010000100111
10101100110100000010001000100111
10000010010000000010100000100111
01101101110000000010010000000111
10011010000000000010111100000111
00001000111010111000100011010011
01110000001100000010000000100111
00011011010000000010100100000111
00000000011111101000011111010011
00000001010010111000101101010011
00000001101100111000101101010011
01111001000100000010100000100111
01000000000000000010100010000111
00000001010010011000001111010011
00000000001101001000100011010011
11010011101000000010110000100111
00001000000101000000101111010011
11010010000000000010111010000111
00001000101111101000110011010011
00000001110100100000101001010011
11100110100000000010110110000111
00000001110001111000000111010011
00000100110000000010110010000111
00000001000110011000000101010011
00001000101000001000101011010011
10110001000000000010100010000111
00001000000010110000110011010011
00000001111001111000000011010011
00110001010000000010111010000111
11100000111000000010011000100111
00001001111000101000100111010011
10111110000000000010000110000111
10010011010000000010010000100111
11101000110100000010111000100111
00000000101100100000011101010011
00001000100001001000010101010011
10000110110000000010101010000111
11110111011100000010001000100111
00111000100000000010101000000111
00001001101011101000111111010011
00001001011111100000010101010011
00000001010001101000100011010011
10110111100000000010110000100111
00001001001001110000111111010011
10101100101000000010001000100111
11000101000000000010100100000111
00001001011011110000010101010011
00000001111100001000111001010011
00000000001011100000101101010011
11100101010000000010000010000111
00001001110000001000001001010011
01001101110000000010101110000111
00000000111011000000011011010011
10011110010000000010111100000111
00000001111110000000100101010011
01000100010000000010111100000111
00000000011101011000110101010011
00000000101100110000110011010011
00100010010100000010000000100111
10010011101000000010101000100111
00011110010000000010101010000111
00001000010110000000001111010011
00001001000101110000101111010011
00000000110010110000011001010011
00111010110100000010110000100111
00001110011000000010000000100111
00000000110111100000001101010011
10111111101000000010011000100111
01110100100100000010010000100111
00001000100101001000001111010011
00001000010110111000101111010011
00000001011101100000010011010011
00001000111001110000101001010011
00000000000001010000110101010011
00011101010000000010101000000111
00000000100010101000110011010011
00001000110100011000100101010011
10111001010000000010011000100111
00000001000000110000110101010011
00000001110100001000010101010011
11000000101100000010001000100111
00011000100000000010011110000111
11100110010100000010111000100111
10010111111100000010110000100111
11101011000000000010100000100111
00001100110000000010010000100111
10101001010000000010000110000111
00000001110011111000110101010011
00001000011010110000001011010011
11111011100000000010111000000111
00001001010010101000101111010011
10010010101000000010010000100111
00001000111001000000110001010011
10011101000100000010011000100111
00000001100011110000101111010011
01110011000100000010110000100111
00001000001001011000011011010011
10110001101000000010011000100111
10001111001100000010101000100111
00000000111111101000101111010011
00111111010100000010100000100111
00000000001000110000010111010011
11101100101100000010010000100111
01000110100000000010001000100111
00010100100000000010000010000111
00111110111100000010111000100111
00110011110000000010011000000111
01111110100100000010000000100111
00001001101110100000011101010011
00001000010010010000101001010011
00000001101100001000101111010011
00001001110101110000100101010011
11101011100100000010010000100111
00001101011100000010101000100111
00001001000010000000110011010011
11011101011100000010110000100111
01011111010000000010101000000111
00000000000010111000111011010011
00011000000000000010101100000111
11011010010100000010011000100111
00100110011100000010100000100111
00001001100100100000100111010011
01011111010000000010001100000111
10111000010100000010110000100111
00000001000101111000110011010011
00000001111001011000011011010011
00001000111011011000111011010011
00000001111010000000110001010011
00011100010100000010011000100111
00001000011111111000101101010011
00001000101001111000010101010011
10010111010000000010101000000111
00000001011101010000001011010011
11000011110000000010110000100111
10100011001100000010000000100111
00001000001011100000000111010011
00001001001101000000100111010011
11000110111000000010001000100111
11001111000000000010100110000111
10101001000000000010010100000111
00000001011010100000010011010011
00001101111100000010101000100111
01011010110000000010000000100111
00001001000010110000011101010011
00001000100100000010111000100111
11100111110000000010111100000111
00000001010101110000000101010011
00001000110101001000111011010011
00000011100000000010011000000111
00000001001110010000011101010011
00001000010111000000001111010011
00000000011110011000101101010011
11110101010000000010010000000111
01000000000000000010101000000111
00001001110100011000110111010011
00000001101011011000100111010011
00001001001001011000100011010011
11011000110000000010111110000111
11101101010000000010001010000111
11111001100000000010100110000111
01100000111000000010100000100111
00000001101011111000111011010011
10010100000000000010110010000111
00000000011111111000101011010011
00001000110000010000100001010011
10100110100000000010000110000111
00000000011111101000011011010011
00001001000010101000110101010011
11010110101000000010100000100111
00010100101100000010011000100111
00000000110001011000110101010011
00001000001000011000100111010011
00011100000100000010001000100111
11100010010100000010001000100111
00001001111011001000010011010011
01110100100000000010010110000111
00000001010101101000100111010011
00001000011001000000111101010011
10110000010000000010010110000111
00000000000100001000110001010011
10010011100000000010100000000111
00111100011100000010001000100111
00000000010011000000001111010011
11000010010000000010111010000111
00000000110010000000111111010011
10010010010000000010111000100111
01110010000000000010011010000111
00000000010011100000110111010011
00000001011010110000011101010011
00001001101100111000011001010011
01101010010000000010001110000111
00000000011000101000010001010011
10100011110000000010010000000111
00000000110101001000101011010011
00001001010100010000000101010011
00000000000101010000101011010011
00001000011110001000000011010011
00000000001000011000011101010011
00000000000100000000010011010011
00100010000000000010110100000111
01001101000000000010010000000111
00001000111101001000111001010011
00000000010111001000111111010011
00000001011111101000010001010011
00000000100001010000000111010011
11110010100000000010001110000111
01001111101000000010100000100111
11010010000000000010110110000111
00000000011110111000000101010011
00000001101100011000111011010011
00001000111111000000110011010011
00000001100111100000010011010011
00000001110011001000110101010011
00000001111000010000010111010011
00000000001000110000001001010011
01110000000000000010110110000111
00000000011100111000001101010011
10011110100000000010111000100111
01000100010000000010111100000111
00000001111111110000101111010011
00000001111010110000101111010011
00000000111011111000111101010011
01100011100000000010110000100111
11101101010000000010000100000111
10111111100000000010111110000111
00001011000000000010111110000111
00000001011111111000111111010011
00000001110001101000001001010011
00010010010000000010101000100111
01101000100000000010001000000111
01110010000000000010111000000111
11110101101000000010010000100111
00001000001010110000100011010011
00000000001011011000010011010011
00000001001010011000010101010011
00000001101101001000100111010011
10111001000000000010101000100111
00001001011011110000100001010011
00001101110000000010101000100111
11110010101100000010110000100111
11111001000000000010111110000111
01001011110100000010100000100111
01001110100000000010101000000111
10111101011100000010001000100111
00000000100100000000110011010011
10000010110000000010100000100111
00000001110011011000110011010011
01110111100000000010010100000111
11100111011000000010010000100111
10000010100100000010100000100111
00001000000111011000011111010011
10011110000000000010101100000111
00000001100101111000000111010011
10100101110000000010010000000111
10100000100100000010101000100111
11100101000000000010100000100111
00001000111100101000001001010011
10111110000000000010101000000111
00000000010010001000101011010011
10110001111000000010111000100111
11011101111000000010101000100111
10100000110000000010111100000111
00001000100111111000101111010011
00000010010000000010111100000111
00001000000001000000010011010011
00000000010010001000011101010011
00000011001100000010101000100111
00000000110000101000111111010011
00001001101010110000001101010011
00000000110001000000110111010011
00001001110111101000111001010011
10010101100000000010100110000111
00001000001101110000110001010011
10110111000000000010110010000111
00001001101101011000011101010011
00001001111100000010011000100111
00001001100111110000101011010011
00000000101000100000010101010011
10111101000000000010010000000111
00001001110010101000100011010011
01011000111100000010100000100111
10110011000000000010010100000111
00000001111110100000110101010011
00001001010110110000110011010011
00010100100000000010010100000111
00001000111100010000011111010011
11011100000100000010111000100111
01010010111000000010111000100111
00111101000000000010100000000111
00000000111110111000101111010011
00001000110010110000100001010011
10100110000100000010111000100111
00000000010110001000010001010011
00001000111011001000101111010011
00000000110001011000100101010011
01100101011000000010011000100111
00000001101101000000010011010011
00001001100101010000010001010011
00001001101100000000001001010011
00001000000011110000010111010011
11001001110000000010011000100111
00000001100011000000111011010011
00111011010000000010000100000111
00011101000100000010101000100111
00000000001011000000110001010011
10111010011100000010010000100111
00000000010001101000110001010011
00111110100000000010001000100111
00001000010101001000010101010011
10001000000000000010110110000111
00110110110000000010000100000111
00001000000011101000000011010011
10011101000100000010100000100111
01101010000000000010101100000111
10000010010000000010001000000111
01010110000000000010000100000111
01110111010000000010111000100111
00000000010011011000110011010011
00001000001110001000110001010011
00000000010010001000110001010011
00000001001110111000011011010011
01000110100100000010100000100111
01000000010000000010100010000111
00000001011111110000110001010011
00001000100100100000011111010011
00001001101000000000101111010011
01111100100100000010110000100111
01111001000000000010110100000111
00001001001010011000111011010011
01110000010000000010100100000111
10001111010000000010010110000111
11010111000000000010000110000111
00001000011110100000000111010011
10011010100000000010011100000111
10001001010100000010001000100111
10101011011100000010110000100111
00000000111000111000111111010011
00000001001101101000011101010011
00110001100100000010000000100111
00000001010110101000011011010011
00100010100100000010000000100111
00001001010011101000010111010011
01001100110000000010101010000111
00100011011100000010110000100111
00000001000110110000101111010011
00001000001000100000110011010011
01101001100000000010111010000111
00000000110000011000111011010011
00000000010101011000110101010011
00001001101110011000010011010011
00100000011000000010100000100111
00001000100101101000100101010011
11011011110000000010000110000111
10100010101100000010111000100111
00011011101000000010011000100111
10111110010000000010010110000111
10011001100000000010010110000111
00000000110111010000000101010011
01100011011100000010001000100111
00000000100010000000110101010011
00001001100010101000111101010011
10011011110000000010000010000111
00001000000001000000001011010011
00011001101000000010010000100111
00000001100111000000111001010011
00001001111000010000110001010011
01001100111100000010010000100111
00001000000101011000010001010011
10110010000000000010111100000111
10001000010000000010011110000111
00000000010100100000111011010011
01111011100000000010111000000111
01000010010100000010100000100111
01110001100000000010001110000111
00000001110100101000101111010011
00001000001001001000010111010011
11100010010100000010010000100111
00110110000000000010111110000111
11110111100100000010111000100111
10110111100000000010000010000111
11111001101000000010100000100111
01001001010000000010101000100111
00000001011100000010011000100111
00001001011011111000100111010011
00001001000000000010100000100111
00000000000010011000010101010011
00001001000101010000001111010011
00000001000010011000110101010011
00001011111000000010111000100111
10101100110100000010010000100111
00011100010000000010010000100111
11100011001100000010110000100111
11001000100000000010001100000111
00000001100101001000101001010011
00001001110000101000100101010011
00001000110011110000110001010011
10100101010000000010011000000111
00101011010000000010001010000111
00001001010000110000001101010011
00000000010010000000000111010011
00110010111000000010100000100111
00011110011000000010111000100111
00000000011101001000111001010011
00001001101010101000010001010011
11111001011100000010100000100111
10001011000000000010010000100111
00001000100000001000000011010011
10100111110000000010010000100111
00000000001101100000010011010011
10001100000000000010011110000111
00001000111111000000010001010011
11100001010000000010001000000111
00000001010111111000001111010011
00000001100010101000100111010011
00000000100010011000011001010011
10010001010000000010010000000111
00000001101110111000111111010011
11111000000000000010111010000111
11111111110000000010010000100111
00001000011001111000010101010011
00000000010010111000001011010011
00000000000011100000010111010011
10001001100000000010110110000111
11001100000000000010111000000111
00001001101000101000110101010011
00001001001110011000110001010011
11110111001000000010001000100111
01100011010000000010110000100111
00000000111001110000001001010011
00001010110000000010110010000111
00001000010010101000100101010011
00001001011101001000000111010011
00001000001011111000100001010011
01100000110000000010001000100111
00001000101010111000100111010011
00010110010000000010101110000111
01101100101100000010011000100111
10111111101100000010111000100111
00000001100110011000011111010011
00001001101101111000010001010011
11111101101100000010111000100111
00001000101100011000110001010011
00000000000000000000000001110011
00000000000010101011010101101010
11001010001101001010001111111111
00000000000111100111010101010000
11101001100111111001110111001010
00000000001111110010011010111101
00100011111000100100100110101000
00000000010110000101011100011000
00001001000001001110110011111010
00000000011011111010111001101000
11111010011000110101101110010000
00000000011000011000011000101111
01110111111101010010001111001110
00000000000011010010111010101001
01110110110101001100001000000101
00000000000001101111111101011111
10000011111000000100000100100101
00000000000000000110111101001111
11111101101100110000011101110000
01111010011000011011001000001100
11001111111001011011110001011011
00000000000000000000000000000000
10101011110110001011100101111101
00000000011000001100001111010001
11111100111010111001110000011111
00000000010010000101110100110010
10000011010001111000100111011001
00000000001100011111011101010101
11100011011001101011011111000010
00000000000100100000000100100000
00010011100001110000001011111010
01001001001101101010000001011000
00010100100010101111000110001000
00000000011011111001110111111110
00010100111001011001100010010111
00000000001010011000000011000001
01101011000001111010011011101011
00000000000011010011011100111001
01000100110000010111010001111111
00000000000000111110010011011100
11111010011000011011001000001100
00000000000101110010110101001100
00101100000111101110011100011101
00000000011111011100010011100011
00010000000010011101101101101010
00000000001101010111101100000010
10010011101001100110111100101100
00000000000111001011000001010010
01110010110111011101001001010000
00000000001100010101111101010011
01001111011001000101100100110111
00000000000110001000110001010100
11110100010001010011010110111011
00000000010110010000011001011100
11101110110110010110101011100111
00000000000011110110110100110100
00001011100101001101111001000001
00000000000000000000000000000000
10010011000010010011000011000001
01111010111000101000011011001101
01000001100110111011001001111100
00000000001000101000010010110110
00001100011100100010100000000110
00000000000110001011011000001100
01111010011000011011001000001100
11111011100011010000111101001000
11001111111110100100111010110010
00000000001110000001101110110110
01111010111000011011001000001100
00000000000111100010110011110111
00011000110111100100100111011100
00000000010100111000000111011000
00000000101100101010000110110111
00000000010010000010110110111111
00010001001000001111110010111111
11111010011000110101101110010010
11110010101000010100110010101000
01111011100011001101101000010111
11100111111000110100100110110100
00000000000010100010011111000101
01011010101111001000100001110000
00000000001101101000011000100000
00000010011000001100101100001101
00000000010111100011110110100011
01110000011100101100000101100101
00000000010011110100100101001100
01100011001111110001011001000011
00000000011110010100011000101101
00011111000011010000011011001110
00000000010111110001110110001110
00110000100011010001001001000011
00000000010010010100110101101111
11111011100011010000111101001000
00000000000010110001000101111110
01001000011100111011101011010100
00000000001111000010011000000110
11100010000011011010010111101001
10100000000110100010111110001001
00101001010101011001100110111100
00000000011000010110011010010010
11101000011000011111010010100100
00000000001000011000111000100000
00111010111000111111000011011001
00000000001101010010010011100010
10101100010000011001011111100010
00000000000101101011100000010110
11101100101110101000101011101111
00000000001001001010010101011110
10100111101101100001100011100010
00000000011111101100000000111001
00111101011101001011011001110011
00000000000001011100110110000100
10101000001010001000100010100010
11101011001111010101011001110101
01001001001101101010000001011000
00000000011011100100100101010110
00000000000000000000000000000000
00000000000100111110010100001001
11111010011000011011001000001100
00000000000011010111101010110111
11111001001100111100001000011100
00000000001100111001110110111001
10010100000101100011100010010001
00000000010110101010111011100100
01111010011000011011001000001100
01001111111110100100111010110010
10011001100010011101000111100111
00000000011010101110111110001110
01100011001111110001011001000011
00000000001010010110010101101110
10011110110100001000110000100000
11111010011000110101101110010000
01100010011100101101001101101000
00000000011101000111011101001011
01111011100011001101101000010111
00000000010111111110000111111000
01001101111100000110001101100111
00110111010000001101111000011100
00110000100010101110100010100100
00000000011100011110000101011011
10110010101011011000100101001010
01110000011100101100000101100101
00011110101111010111111010000010
00000000001000111010000010111000
11010000110001001110111000100101
00000000001111100011111001001010
00000000000000000000000000000000
00000000001110000000011110001111
10101011011010000111101101101010
00000000001010101000101001110010
01111110000011010101010111100001
00000000011101000001101111111011
11110110110011101000100100001010
00000000010001010100110001001011
10100001110101010111110010111001
00000000000110100001011011101010
00011100111001110100101100001011
11111100001010010110000000100010
00001010110101001011101111111101
00000000000000011100111100001110
01111110111000100100000101010010
00000000010000000100100110000110
11011011110001010110010000100110
00000000101011110100001000011101
11000100001100010100000100010000
00000000011011100110011011100011
10010010011110000100101100110000
00000000010101101010001010100011
11010100110001101000011111011110
00000000001001001111000010010100
10111110110000111010100011000010
00000000010011010011101100011001
10101100001000100000000101000101
00000000001110010001001001101111
11001101010010010110110100010011
11111010111000011011001000001100
01001001101101101010000001011000
01101000011100111100100110110111
01001000000100111111010011111010
00000000000000000000000000000000
10100100001010011000101011001111
00000000000000110011000000000011
01101000011100111100100110110111
00000000000101011110010101001000
11111010011101011101111100011111
00000000010000100111111010100001
11010110100111010110110001100110
00000000001001011101010010010000
00011000010000101101100010110100
00000000001101110011001001001001
11001110111011010110100001011101
00000000000101001111110010111000
01111100100011111110011010110000
11111100000011001111010010110000
10100111111011000010011010001111
00000000000110111100011011011000
01000000111110110000100101011011
11111011001010001101101100101010
01100101001100001101101101111111
00000000000000000000000000000000
00010000001011111010010010110101
00000000010010111101010111110000
00111100100100100100001011000101
00000000001000100101101001011100
01101000011100111100100110110111
00000000011000111100000000010001
01100111100010100111011101101101
00000000000001000110001001011011
00010001100110110000101011100001
00000000000000000000000000000000
00100000100001110000110010010111
10101001010101011001100110111100
01000010110010000110000000011001
00000000000101111010000101110000
11100010011001100111100101101111
00000000011101011101110110000101
00001101110001001001001000001100
00000000010010011100011001110101
11001001001101101010000001011000
00000000001100001010100011101101
00000000000000000000000000000000
00000000010010011000100000111011
00111001111111000111111011111010
00000000001000011011001010011011
11011100101100110000010011101000
00000000001110110001001010000101
01010001010101110001010001001111
11110010101000010100110010101000
01111011001010000111000011001010
00000000001100001100110010000100
10000101000010110000000110101011
00000000010000100111010101010001
00011001100100011000100111111000
00000000001100010111110111111101
11111010010001100001011001010010
11011100101110011110111110101111
11101000000001110010001111101010
00000000001001101000000101001110
10101110111011100100101110111011
01010010111011000110101110001001
10110100000100110001110010010011
00000000001110000011110111111000
01100111110000101001010010010011
00000000001001010001111001001010
10111110000001110001010101111001
00000000000100010000001101101111
00101100001000100000000101000101
01111010111000011011001000001100
11101000001000100100110111110101
11111010011000110101101110010010
01101100010110011001011010110011
00000000000110011010111001101111
11110110110001000000111100101011
01101011000001111010011011101011
00000100100111110110010001001110
11101110110110010110101011100111
01001011000001011001010110010100
00000000010011100000011011001101
10010100100100100100000001000000
00000000000111111010101011111010
10010001111110110000010111110111
00000000010101010010010100110110
11111010011000011011001000001100
00000000010011111001110010011110
00001101001101010011100001101100
00000000011001110000101110010100
01111010110010010010010111101011
00000000011101000011010001011011
00001000101011010001000101111011
00000000001010111011101111100101
11111001010110110010111101000110
00000000000101010110111100111001
10111001101101100101111110011110
00000000011100101010000101011110
11010100000111110111101101100001
00000000000110001011101011011110
00001001001101101010000100100011
00000000000010101010001000000000
10011100000110001110110010111101
11001111111110100100111010110010
10011101011101011111000101000010
00000000010101110010011000111011
00101100001111111110110110011000
00000000001000111111101011111010
00100110100101011011001010001000
00000000001010000100001010101001
10011110011110011111001100010001
00000000011001100110011011110111
01101101101101010100011001100100
00000000000000000000000000000000
01001111111110100100111010110010
00000000011100111100000010010100
00100111100011010100110011111110
00000000011110100011010011100010
01000101111011001001110101010110
00000000000000000111000100001110
11111110111001011100110110011111
00000000010010110000101001000001
00000000000111011111110011011101
00110111010000001101111000011100
00101010101001000101101111010100
00000000000000000000000000000000
11110101011011010000110110000010
00110111010000001101111000011100
10011000011000111011111110111101
00000000000100011100111011010000
00000000000000000000000000000000
00000000001100010010011110011101
10111001101000001001100011011100
00000000001001001101110011001001
01100100100111010100111010110110
00000000000000111111111000101010
00100010001010110000001100111000
00000000010110010010100000000011
01010010111100000101010011000100
00000000010100101000000101111011
01100100100111010100111010110110
00000000000100001100011111011011
11001001100001011000101111000000
00000000001000001110111001110100
11011111100000010100100000100111
00000000001111000010111000110000
10010101010000101011000110010010
00000000001101110111000101110100
11000000111010000011110011110110
00000000001011001001010111000000
11011000101111011000011101101000
00000000010110100100001101110101
00001010000000011111101011010011
00000000011010001110101100000101
01110011111110111111000111011110
00000000001111100001101001100011
01100100100111010100111010110110
00000000000110000111100001101100
10110000100111101011010111001000
00000000010010110100110000101100
01001101000011100111000111110011
00000000001111111111100100111111
11010011000011111101101000111001
00000000010101100000111001101000
10000100110110100011101101010000
00000000010100011010000111011010
10111011110000010110111101111100
00000000011111011101000001101111
00101110111100001100101110011001
00000000010011000011111100111001
11011011110001010110010000100110
00000000000001010010011000011101
11111010010001111011101000001000
00000000001011010010001001111111
00001110110000101001101100101001
00000000011111010111111001110011
01010110001110111010000101100110
00000000001101101110011010101011
10110110011100101100000011110110
00000000011010010000011100111111
11110000110010011000011100111001
00000000000010100010011110011010
10010000110010001100001100001011
00000000001000010011101000011010
11111011100011010000111101001000
01111011001010000111000011001010
00011101010000101001001111000101
00000000001110010010111011111111
01010000011111000100011101110010
00000000011001110001001111110000
10010111010000000011111110110001
00000000001101101011111010110111
11110111010000110101001110111100
00000000000001111101101001001010
01110101111111000101000101101101
11111011001010001101101100101010
01001111111110100100111010110010
11111100001010010110000000100010
11111010111000011011001000001100
00000000001111010110011000111100
11000111010000000011000011010010
00000000011100011000110010011111
01111000010010100000100101000101
00000000001010010011001011111110
11000100011111000000001001000111
00000000000000110101111011001011
10100000000110100010111110001001
00000000000101010110000111110100
10011011111101010110010101000010
01100100011001101101111011000001
01101000001001000100001001111111
00000000001110011000101011101111
11011011000111110001110101100001
00000000010101001101100001011010
11000100010110101100001111011010
00000000000000000000000000000000
01111010011000011011001000001100
00000000010011110111010101110010
01001101111100111010111100101011
00000000001110110100110000101110
11110110110011101001000010100000
00000000011101100011100111100010
00000000000010100011010111100111
00000000000000000000000000000000
00011111101101100010011111011100
00000000011011100001001101000100
11111011001010001101101100101010
00000000011010011011111000000011
11111010111000011011001000001100
00000000000010111010001010011010
10000000001100110111101101001100
00000000011001100101001011111100
01010010111011000110101110001001
00000000011000011101110101111111
01101111000011100101011101100110
00000000000000000000000000000000
10000011000000010000001001100010
01111010111000101000011011001101
00110111101101001100101000110111
00000000010011100011101010111011
11100001010011010111001111111001
00000000010110111100100010000101
10110111111001101001000000001001
00000000011001001001010001111000
11101010110010000000110010001010
01101000011100111100100110110111
00011001011111000110110000000011
00000000010110100001101111000011
00000000101000001110100000000101
00000000000110001010001010110100
10000000010001100001110000100110
00000000010110010111111000001011
11000110011111110000000011111011
00000000001110111111101101111011
01101001110001011110010101001010
00000000011110100100000100010110
11111100001010010110000000100010
00000000011110011110011101000001
01110001000001111101101010010011
00000000000000000000000000000000
00010011011100001110111000110111
00000000001010011010000010001011
10011000100011001000000001010111
00000000001111010000101101000101
10110101110011110011110111000010
00000000001100100001111001101111
00110101001101000100000111010110
00000000010110000110111011010000
01101010101010100001100111101010
00000000011101100100101000100111
01110110110101001100001000000101
00000000011010111010101100010001
11101101010001010110100111101111
00000000000110111000000011111011
00111001111110010101110110000111
00000000001011100110000010111101
11011001011111011100011000000000
00000000000110110110000001010111
10010101101000011000101110011111
00000000001000101111010001011010
00011001100100011000100111111000
00000000001111110010000010010011
10010101101000110110011110010011
00000000001111010011100100001011
01001111111110100100111010110010
00000000000000111011101100001110
11000111001101010001100000010011
00000000001000111110101000100101
11111100001010010110000000100010
00000000001010110111101000000100
10110111010010010010110100010000
00000000010110100011001001110001
10011101101011100111011101011011
00000000000000010011010111011101
11111010011000011011001000001100
01111010011000011011001000001100
11010011111100001000101110101110
00000000101011110100001000011101
00101000100101110101111001010010
00000000001000100001110011111111
00011100111111010100011100111011
11011001101110001010001000011000
10110010101011011000100101001010
11100011011010111000001111111100
10101011010111101101111110100011
00000000001000111001001100111100
01111010111000011011001000001100
00000000011111101101100111011101
11111010111000011011001000001100
00000000000000000000000000000000
10111000011101111111100111000011
00110111010000001101111000011100
00000000000111111111110011010100
00000000001111101010011010111000
00000000000000000000000000000000
00000000000010100110111101010101
00001000101011010001000101111011
00000000000001100000100010111011
11101110101111010000101100101111
00000000011111011000100010001101
00110111010000001101111000011100
00000000011111100011011111011100
10100100110101100100011101010011
00000000000001111101010111101100
10101110010001010100111110110110
01101011000001111010011011101011
00100110010011001000000111100000
00000000010101000101001010010010
11110110110011101000100100001010
00000000000011001101110111100110
11110101010010101011101001001111
00000000011011011101111010100010
01110000011010001001000101100100
00000000011100001010011101010001
01110010001011100001101011001101
00000000011100100011010010010000
10000111101111111101110000011010
01111010111000011011001000001100
11111010011000011011001000001100
00000000001110110000010001100101
10000111010011000011100011110001
00000000001011010101010101110011
01101111000111001001100111000000
00000000011111100011011111011100
11111010011000011011001000001100
00000000011011000100000011111101
10001011000011100001000100100101
11111010111000110101101110010000
01110101111111110111101011001101
00000000001000010011011000100000
00001110110011110101110111100001
00000000011010000010000101000111
11010011111011100000000111000110
00000000011010111101111101110001
11111010011000011011001000001100
00000000001000111101111001110100
10001011001001000001010000100000
01101101101101010100011001100100
00001001000111101110101010011010
00000000011111110111111111101111
11110111000000111001010000011001
00000000001011101001000111111000
11100011011010111000001111111100
11010000011111000100011101110010
01110000001100000000010001111000
00000000001011111101001110101110
00011101010001110000011000001011
00000000000111111111110011010100
01110110110101001100001000000101
00000000000000000000000000000000
11111010011000011011001000001100
00000000010101001011111000001000
10010010111111110111011111110100
11111011100011010000111101001000
10101100100011101001000011111100
00000000001100110011010100011010
00000000000000000000000000000000
00000000001100011111011101010101
00101001010101011001100110111100
00000000010011101110111001010001
10100000001000001001010110001100
01100101001100001101101101111111
10111001110100111010101101001000
00000000011010100001011111101010
11111011101010010100010110001001
00000000000111101101100110111100
00101001001111010001111111010100
10101101010001111100011010001100
11100100011001101101111011000001
00000000000100000000100100011111
00000000000000000000000000000000
00000000010010101011001000101010
01110011001011100011010101101010
00000000011110101011011010110111
00000000011001110110000001111000
00000000011111100011011111011100
00110010001101001100111100100001
01111010111000011011001000001100
00000000000111111011101000001010
00000000010110011110100010101101
01001110111101111110110010110101
00100110100101011011001010001000
01100000110101100011010110110101
11111010011000011011001000001100
11100111001101101011101100110100
00000000001101100011011110111001
11001001110011111100001111011000
00000000000000000000000000000000
11100101110111101110110000100101
00000000011100011011110110000111
00110110111010010111001110001111
11111100001010010110000000100010
00010110010100011110100111011101
00000000010011010100110000010100
00001000000000110010010011001111
00000000001001111100101101011110
00101001010101011001100110111100
11111100001010010110000000100010
11100100110101110100000000000000
00000000001111100100101111011001
01101011010100001011110000011011
00000000000100101011110011010001
00000000000000000000000000000000
00000000001000010011100110110110
00000010101111101110001010011111
00000000001010100111111110110000
10101010011011010101011010001000
00000000001010111011101111100101
11011100001100000101011000100100
00000000000101000101001000010010
10001001010000010001100110111100
00000000000000010111100000101101
00000000000000000000000000000000
00000000000111110011101011100101
10110100101000101100110111110001
01111010111000011011001000001100
01010001111101101001110000011100
00000000011110110001011100010001
10011101001111100000111101100001
00000000011100010010110111101010
10011001001000111001010011010011
01110000011100101100000101100101
10111100010110110110100011000011
00000000001000011101010110001110
01110110010110101010011110010001
00000000001010111000100100110111
11111010011000011011001000001100
00101001010101011001100110111100
00000000010110000101011100011000
01111011001010000111000011001010
00011000011110000110111110010001
01001001001101101010000001011000
11010100011001011011001000001110
00000000011010001110110100001000
10110110000101011110011000011110
00000000001011110001110010011001
01111010100010011010010110110000
01110110110101001100001000000101
01001100000010100111001010010001
00000000000010100011100101001001
01010001111100010000010101010100
11110000011011010001011100110010
11010000011111000100011101110010
00000000001000101101110100111011
11010100001011101111110111010010
00000000000000100001110101000101
01111100000110110100010100000001
01100011001111110001011001000011
00000001001100110010011111100101
00000000010111101100110101000010
01001001001101101010000001011000
00000000010001011111001100011001
10100000100001001010101111011011
00000000011011101011100100100011
01011010011100111111111101110000
00000000011101101110000011111100
10101100001000100000000101000101
00000010111101000100010110000001
01010100111000000110101100110010
00000000001101000110101010110000
10000111111110001001110010000001
00000000011110001001000011011110
10010000010100011100011000011010
00000000011110001001111101010101
11011110011110001010111000010110
00101001010101011001100110111100
10000011001110100111111001000000
11111011001010010100010110001001
10100110100100100000000100111001
00000000000101110110000101001010
00000000000000000000000000000000
00000000001101001011000010011010
00100101010101100011101001101100
00000000010010001100000111100111
00100000100001000010101001101000
00000000000100011011101110110011
01000101000011111001011000100101
00000000000001100010111010111000
01101100001100010111111101000011
00000000010000010100111000001110
01010100011010111000010011010110
00000000001011100010010010110010
00001111110001111010100011011000
00000000010001110110000100000000
01101000011100111100100110110111
00000000010100110001001001010000
11001011011001001000100110101111
00000000011101000010000111111100
01111110001111011000101111001011
00000000000000000000000000000000
11001111111110100100111010110010
00000000000000110110111000100010
00000000000000000000000000000000
00000000001111100110010100111101
10110111010010010010110100010000
11010000011111000100011101110010
10101001111101110000001110111000
00000000001110001100001000100001
01101101101101010100011001100100
00000000011001000001101011000111
11101001110101001111001100110101
00000000000000011011100110010001
10101000001101110001010100011001
00000000011011110101001011100100
01010001100010100001011101010001
00000000000001000100111100111000
00010011100001110000001011111010
00000000010000001101110111111001
11100111011000100111001011110110
00101001010101011001100110111100
01101010011111010010011001100100
00000000010010001110001110110100
10101000000110010011100110001001
00000000010000000001000000100011
00010011011110101001111000101111
00000000000100001101000001111001
01010110010100001110010000111110
00000000010100001010001011101000
11111010011000011011000111101110
00000000010010111010000000110110
01101010010011000100110110000001
00000000000100001000001111000011
00011100011111100011010101001010
00000000000110101110011100010001
10000000001100001100110011000111
00000000010110111110001100110000
00100111100011010100110011111110
00000000010111011011111001001101
00000111011001011111001101110011
00000000001010110000111001000011
10001101110000111101001110110011
00000000001110110010001101110010
10100111111101101111010000101100
00000000001010111110111100101011
00100011000100001010010000111111
00000000010111110001110001001100
11011100011101100100011110100001
00000000000100011000101111010001
11110100100011111110001001001100
00000000010011110100111110101100
11101011010000010010010110011100
00000000011101001000010011110011
00101101101100101011111001010010
00000000011010011010111000111100
01110111110110001010111000111101
00000000001100001111010110010110
11101010101011000001111010010100
00000000000000000101000100110010
01101011011100101011100000110110
00110111010000001101111000011100
10000110101001001000000100000011
00000000001100110101001011100101
11111011100011010000111101001000
00000000000001101101010000111011
10011000001110111000101010110001
11001111111110100100111010110010
00111011100010001100101101010111
11111010011000011011001000001100
01110010011010110011011000000111
00000000001101111011001110001000
01111110110111111111001100011001
00000000000101000111101100101110
11110100100011111110001001001100
01111010011000011011001000001100
01100010110010010100110001110110
00000000000010111110111011000101
00000000001011110001110010011001
00000000011010011101010110010000
11100001001100001010101100110011
10110100101010001000101100011111
10110111001111100101111110100100
00000000000010001010101101010010
00000000000000000000000000000000
00000000001001100000011110100101
00110001101101111001110011100111
00000000010011001000000001001111
01010101010011110100111111011101
00000000000101111100011001110110
11010011011010111111010010110011
00000000001111101111011110100101
00110010011010110010101100101010
00000000011100101010110100101100
01111010011000011011001000001100
00000000010111000110010111011110
10010101001011000000111110101111
00000000001111011101000000110011
01111010110001000000110010101111
00000000001011000000001001000000
00001110010110110000011011010100
00000000011010011001110010110110
11011101110010110100001100011100
00000000011001001111011011000011
01111011011000011011001000001100
00000000001011111100000010000000
01010001000110001101001100110110
00000000011100011100101101101100
11101011011000101010010110001010
00000000000100001010011001001111
01001001001101101010000001011000
00000000010100101101001010000111
01000101100010000010100010111000
00000000010111100111101010101101
01010100110010101011000100101101
00000000011101000110000000010010
11001100100101101010110000111101
01111011001011010010111011011000
11100111011010011101000101101110
00101100001000100000000101000101
01010100010001010010101111011100
00000000010011000101111010110010
00110111010010010010110100010000
00110111010010010010110100010000
00111010011110001001000101101000
00000000000000000000000000000000
11011011110010000101101001000011
00000000000001010011100010010000
00110011000000110011111010001110
00000000011111010111001010001111
00010011101000000111011000010110
00000000011011110101101011101010
11001001001101101010000001011000
00000000010011001010110001001010
01101111001110111101111000110000
00000000000010011100100010100011
01101100001100010111111101000011
00000000000101111001100000110010
00111000011101011001001000011101
00000000011100000001010001111111
00001010000111110101010010011001
00000000011111010000111111001111
01111010111000101000011011001101
00000000000101111001000001110000
10100011101100000001001000011111
00000000001010010100110010001001
00001100111001111101101001100100
00000000000110111001110101000111
11110011111011000000100010001000
00000000001010000000111100100011
00111001100011001111101011001011
00000000000011000100001101111011
11001001111100100001100001101101
00000000010010000011110110011010
10111100100000101010001000101000
00000000010111111101111110100000
11000011010101001011010011000010
00000000011110011111011100110111
01110110110101001100001011011110
00000000010010111001011000001101
10111011011110110110111010010111
01001111111110100100111010110010
00100000001000001000110010001100
00000000011010001111011010110010
01010000011111000100011101110010
00000000011110010100011000101101
10000101011111111001110110111111
00000000000110001111010100101000
01000111011100010011101001000010
00000000000100000101111011101100
01011001101110001010001000011000
00000000011110111010010100000011
10011001001111001110001000100101
00000000001001100010100101111100
01010011101110011111001101110100
10010100100001110111110100000100
00010111100110101110110101000100
00000000000111100000011101001111
00010011000110100001110111101011
00000000010101101110001100000001
10001001001111100010110001110100
00000000001111111000101100010110
01111100000110110010101001101001
00000000001001100011100110101001
10010010100010010011001011110011
00000000001011000001100100100101
00000000000100001000001111000011
00000000010111000100101001011111
01001001000001111001111000111010
00000000011010101110100001011110
10000111110000100000101101101100
00000000000000100110101000010000
00000000000111111011101000001010
00000000000111100011111000110111
01111111000110101101001010011011
00000000010001001011001100000100
00100110000011001111111100000100
00000000001111000010111000110000
00001001001100101000001001110010
00000000000001001010001101101111
00101000100010001010101000001001
01101000011100111100100110110111
00000000000000000000000000000000
00000000011110011011011001101010
10010101000000000000010000111110
00000000000111101101101100000011
11001010110000000011111011000101
00000000011010111001011000101000
00000000000010100011010111100111
00000000000001110000011001011011
01111011001011010010111011011000
01100101101100001101101101111111
00001111101100110011001111000010
00000000000101100110101000101110
01010010111011000110101110001001
00000000001110100010101001110110
11110110011001010100110000001101
00000000010110000001000111110110
00000011101001001001101110010000
01110110110011101001000010100000
10000000111100001100001111010110
00000000010100000000101110011110
01101010100101101001111011110111
00000000000010111011101111101000
01110000011100101100000101100101
01100011001111110001011001000011
00010000000111000111110101001011
00000000010100001110111011010001
01111010011000110101101110010000
11111010011000011011001000001100
01010101111010111000100111100111
00000000011101111011101110000111
00110011000000000111010111100010
00000000001001010101111110011010
11110001110011001111010100110010
00000000000001101111100010110001
10100000000110100010111110001001
00000000000101111010110000111001
00000000101011110100001000011101
00000000000011011011001010001000
11010010001001001110101001001001
00000000000010110011001100011011
00101000101011000001111111110111
00000000010100110001000011111011
01000000111011101001010111000010
00000000011111100011011111011100
10001110100000000000010111001101
00000000000010100011010111100111
10010001001000111101001111110011
00000000000010010111100010000000
01110110110011101001000010100000
00000000010010010000011111010001
10111000010011000111011010100011
00000000000100011101111010000001
11001011011101111101100010110010
00000000001100001101001010101000
10110000011001011111011101011110
00000000011100110001110000010111
00111101010100011011100111101101
00000000010000110111000110110010
00110111010010010010110100010000
11110110110011101000100100001010
01111010111000011011001000001100
00000000011000100000101001110101
11101100001100010111111101000011
00000000011100011100101101101100
11100110111000010101101101010101
00000000011010001011001001100001
00001010010001100110000011011000
00000000001101100000011111000110
11100010101011101101110110000110
00000000001110001011101000110010
00100011000010100100010111001110
00000000010001111000001101010001
11111010011000110101101110010000
00000000010111100001010101010101
11011100001101111001100011001011
00000000011101001011011010001011
01111010111000011011001000001100
00000000011010111111101111100010
00101111110100100001001010010011
00000000001110101010111111011100
10101101010001111100011010001100
00000000001000100111011100010001
01111010011000011011001000001100
00000000001011010000001101000010
00101101011010110011010001110111
00000000001101111010111000100101
11101011001111010101011001110101
00000000011001000110110101100010
01101100110001011110100111110000
00000000000000000000000000000000
00000000001110000001101110110110
00000000000010010010001101110101
11100010101101000110101001111110
00000000001111101010101000010110
00101101110010100100110011000010
00000000000100011000101111010001
00100111001101010100110110101111
00000000000001101101000001011000
11100001001110111101111110000111
00000000011101100001100011011110
00000000000000000000000000000000
00000000000010010011111000000010
11101100001100010111111101000011
00101100001000100000000101000101
01001010111110110001110101101111
00000000010111001011101101011111
10100111111010110101011010001001
11111010011000011011001000001100
01101000011100101110001011011000
00000000000010111011101111101000
11101110001111011101101001010111
01111010111000011011001000001100
00010110101111100000011010100111
00000000001111001011010110111110
11101110100011101010110111011011
00000000010010110111010011111010
00000000110011100110100111010011
00000000010100000101000011100101
10001110011011010001101111011100
00000000000011101110100001111010
01100101111010110011011011000110
00000000001011111100000010000000
01111110100111110000110001001111
00000000000000000100000111010110
01111001000010001110010001100001
00000000000100100000010100100111
01001001001101101010000001011000
00000000010001111110111100110110
11111100001101110111101101000010
00000000001110001001001111011010
10101011100111101011011001010110
00000000000101010111011011001101
10101111111110010100010000000010
00000000001001111010000011010100
11111010011000011011001000001100
00000000010110110100000001010010
01101101010011000010011111101110
00000000000101100110010111110000
10011011011111111100100110101000
