01111111110000000000000000010011
01111111110000000000000000010011
01111111110000000000000000010011
01001101100000000000010100010011
10011100010000000010100000000011
00000001111111100001100100110011
00001000101011100000111101010011
00110001110000000010001100000011
01000000111111000000111100110011
10111001100000000010100100000011
11110101010000000010010100000011
10111010000100000010000000100011
00000001110110111001100010110011
00000000110101001101011100110011
00000000101100010010100010110011
01000001110001010000111100110011
10100001110011011001100001010011
00000001100001110000000111010011
00111000110000000010100000000111
01010000010000000000100100010011
00000001100010001010010000110011
11100000000001010000000111010011
00000001101100010101010100110011
01000000011111001000111010110011
11100000000011110000101011010011
10100000101110001001110011010011
10011101100000000010001010000111
10100000100010110001100111010011
00000001101000110000100011010011
00000001010011101000101110110011
00000000101010111101000100110011
00000000101110000001001100110011
01100010101000000010000000100011
10100000000000101001110001010011
10101010100000000000101010010011
11101010000100000010110000100011
11110101110000000010011010000111
10011101100000000010000010000111
11100000000000100000001011010011
00001001000001010000111011010011
01110010000000000010010110000111
01011010100100000010011000100011
11100000000011100000010111010011
10100001001010111001001011010011
10011101010000000010001010000011
00000001001101000000011010110011
00001001001111001000100111010011
00000000111011011010001010110011
11100000000000001000011101010011
00000001001000000101100110110011
11010110010000000010100010000111
00000001010100011101000100110011
00000010110000000010010000100111
00000001110001000010001000110011
00000001011000100000110101010011
11100000000001000000101011010011
10110111000000000010010100000011
10000100110000000010110000100111
00000001101000010000100000110011
10100000001111110001011011010011
00000000010010000101100100110011
00000000000011011001010110110011
00000000010011010000010101010011
00000001111010000010101010110011
00001001101010010000000011010011
00001000011100100000110111010011
11110110000000000010101010000011
00000001100100010010000010110011
01000001110001101000111110110011
10100000100100101001111011010011
11111000010000000000010000010011
10100000111000101001110111010011
00101011010000000010110010000111
01000001000001111000010100110011
10110010000000000010110100000011
01010000010100000010111000100011
00100100110000000010011000100011
00001010010000000000010110010011
00001000110011001000111101010011
01111000100000000010010010000111
00000000111110101010000110110011
00000000101110001000111001010011
11110010010000000010101100000111
01011010100000000010001000000011
11100000000001011000000101010011
01110111100000000010111000000011
11100000000000010000100001010011
00010101000000000000101100010011
01000000100011111000111000110011
01100111001000000010111000100111
00110111010100000010011000100011
10000100010000000010101000100011
10100000110000001001111001010011
01001100110100000010101000100111
00111111001100000010001000100011
00010110010000000010110110000011
00000000111100000010010000100011
01000000110101000000111110110011
10100001000001011001110101010011
00000010010000000010000110000111
01000000111010100000010010110011
11100000000000001000101011010011
00000000010010000101011110110011
11110101000100000010010000100011
11100000000011110000101011010011
00000001001010110000101101010011
11010110000000000010111010000111
00000000011100010000011011010011
00001000100100100000011111010011
00001000100011001000001101010011
00000001111100111000101110110011
00000000100000100001110100110011
00000001011000001001011000110011
00000001000000100001010000110011
00000000001101011101111110110011
10100000010011000001001011010011
11010111000000000010011000100011
10111110110000000010001110000111
01111110000000000010101110000111
01000000000001111000010010110011
10100000110110110001111011010011
10100001100110010001011111010011
11101111000000000010111000100111
00000001111111010101010100110011
00000001001100011001010100110011
00000001110011011001010010110011
00000001011111101001001110110011
10100001010000101001011101010011
00001000010101011000101111010011
11100000000001110000011011010011
00000001000101101000010001010011
11100000000001000000000011010011
11000000010000000010000010000111
00000001000111100010110100110011
11000100011100000010000000100111
11100000000010110000110101010011
00000001100110001101100110110011
00001000110001110000110101010011
00000000110001001101001110110011
10000010001000000010110000100011
00000001100000100010101000110011
01101001000000000010001000000011
00000000100010100000100001010011
11100000000000100000111101010011
00000000100100010000001101010011
11100000000000100000110111010011
11100000000000010000001111010011
10100110110000000010010000000011
01111010100000000010011100000111
00000001010011010010101110110011
00000001110001010000101110110011
00000001111101000101001010110011
00100111000000000010100000100011
01011011000000000010011010000111
00000001100000111000111101010011
00000000000111100101010100110011
10100000011000110001010001010011
01111100010000000010100000000011
00000001000011000000011000110011
00000000000010100010000110110011
01000001111111111000100000110011
10011010000000000010001000000111
11100000000010101000010111010011
00001001000000000010110000000011
00000000110100100010001110110011
11001101001100000010110000100111
00110001100000000010000100000111
00000000010101010001101110110011
11100000000010100000101111010011
10100001111111000001100001010011
11011110000000000010011010000111
11100101010000000010100110000011
01000000101011101000101100110011
10000111100000000010001110000011
00000000111101000000010001010011
00000000100010101000110011010011
00000000100110111000001001010011
10100000000100100001111001010011
00000000110010001010011000110011
01000000011111101000110010110011
11001110000000000010110010000111
01000000100010111000001100110011
00001001100111010000101011010011
00111001010000000010000100000111
00000000010111001000001011010011
01000001111010100000000010110011
00000001001001101000010101010011
10100001110000010001100111010011
10011010000000000010101000000011
00000001010011000001100100110011
00000000111100010000010001010011
11110000100000000010010000100111
00000000011010110001011110110011
00100110000000000010001100000011
01110000101100000010011000100111
11101001110000000010000010000011
10100001101100000001010011010011
00000000000100000000110110110011
00000000111000111000110100110011
00000001010001110101001000110011
10000101001000000010101000100011
00000001111010011000001001010011
00000000101001100000001010110011
10011111110000000010000000100011
11110000100000000000101010010011
00000000000101101101101110110011
01000000111011010000101010110011
00000000100110111000000101010011
11101001000000000010011010000111
00000000010010001000000101010011
00110101101000000010011000100111
10111000000100000010111000100011
10100101000000000010101010000011
10010110100000000010110110000011
00110001000100000010000000100111
11010110000000000000010100010011
01110101010000000010000100000111
01000000011100100000101110110011
11100000000011000000110001010011
00000000000101111010010110110011
11011011110000000000101000010011
11110011010000000010111100000111
01000000010000101000101100110011
00001000000001110000001111010011
00001001110111111000000011010011
00001001001101111000110111010011
00000001001111110000001001010011
11001110110000000010011000100111
00011100000000000000001010010011
00000000110011000101011000110011
11101010110000000010010000100111
00000000011101100101110010110011
11011010110000000010100000000111
01110100001000000010111000100011
00000000100110010000101101010011
01000000111110100000001100110011
00100000110000000010000010000011
11001100100100000010101000100011
01000001010000111000011110110011
00010100101100000010101000100011
11100000000011011000011001010011
01010100110000000000000100010011
11000011111000000010001000100111
00001000100110100000011111010011
00000000001101010000001101010011
01000000110111010000101100110011
01000001110101011000000010110011
00000001001100111001001110110011
01000001110001110000011010110011
01000111011000000010101000100011
00000000001000010000000110110011
11100000000000011000010111010011
00000000001010111001101000110011
00001001100000000010101110000111
10110110110000000010000000100011
10100000000100101001000101010011
01110000110000000010010010000011
11011110010000000010000000100111
00010100110000000010110010000011
00000000110110000010000110110011
10111100010000000000010110010011
10100001101010111001100001010011
00000000110110110000011001010011
00000110100000000000101000010011
00000001100000100000110100110011
00011001010000000010011000100011
01000001100010101000110010110011
10100001011110101001011011010011
00000000011101000000010101010011
01000000111110010000010100110011
11111110000000000010011100000011
00000000010100010010010100110011
10110100000000000010011000000011
11100000000001111000001001010011
00111011000000000010100000000111
00000000000101011101000010110011
00000001110100101000011000110011
00000001001101110001000110110011
00001110001000000010010000100011
00000000100010111000110100110011
00101101100100000010101000100011
00000000000010100000010010110011
00001001110001001000101101010011
10110100110000000000101100010011
00000000101000111010100100110011
11110010111100000010011000100111
00000001010010010101001110110011
00000000100011101000100100110011
11100000000001001000010101010011
00000000000101011001001100110011
00000000001110000000010101010011
10100001010100000001111011010011
11110010000000000010010000100011
11100000000010111000111111010011
11010011000000000010100000100011
00000001000000000000101000110011
01101001110100000010101000100011
10100001110000101001011101010011
00000001000011101000101001010011
11010010101000000010011000100011
10000011110000000010010100000011
01000000000101000000000100110011
00001001111110101000011001010011
10100000011010101001000011010011
11100000000001111000010111010011
00000000100101001000111010110011
10100000110010011001100001010011
10010011110000000010101000000111
11110001000000000000011010010011
10100001010100101001100101010011
00000000100001011010110000110011
00100110010000000010001000000111
00001001011011100000010001010011
00000000100101100010001110110011
00000000001010100000000100110011
11011011110000000010110100000111
01000100001000000010000000100011
01000001111001000000110110110011
10100001111010010001011011010011
01110011011100000010111000100111
11000000010000000010000010000111
10011000000000000000101100010011
00000001100111101101101100110011
00000001110001001000011000110011
00000001101001111000110100110011
00100101011100000010000000100011
00000001100111001000011001010011
00000001101100100000010011010011
11110110010000000010010100000011
01000001000000100000010000110011
00000000011100000010011010110011
11100000000010110000000011010011
10010100010100000010100000100111
00001000101011011000101001010011
00000001110101000000010111010011
00000000011111101000001101010011
11100111010000000000111010010011
00000000010111110001110100110011
01000000010101111000010010110011
00001111110000000010010010000011
01000001101010111000011010110011
10100100011000000010001000100111
00000111010100000010100000100111
01010011101100000010010000100111
00000001010110100001001100110011
01000000001011000000000100110011
00000000111110101010101010110011
00000001101110100000011100110011
10100000111100100001101111010011
00000000011111000101010000110011
11111111010000000010101000100011
01000000100000000000110000110011
00000001000111000010111000110011
00001001100101110000000111010011
11100000000010111000111011010011
10100000000000000010111100000111
11101100010000000010001010000011
10010011010000000000000110010011
00011110111100000010111000100111
00000000010001100101000100110011
11100000000010001000111111010011
11100000000001001000110011010011
00000000100000011000100110110011
00110011000000000010101110000011
00001001111010001000111001010011
00001001101100111000111011010011
10110011010000000000010000010011
11100000000010010000001011010011
11001000000000000000100100010011
01000000011001000000110100110011
00000000111010011000110010110011
00111011110000000000111110010011
11110010010000000010000000100011
00000001101111111001011100110011
01101000000000000010011000000111
01100011100000000010100100000111
00000001110011000101010010110011
00000001010010111000011100110011
10100001110111000001100011010011
00000000110110100000110010110011
00000000000011111101010010110011
01110101110000000000000100010011
00001001001010110000110101010011
00000000011001011001000010110011
01000000110110011000001100110011
11100000000010010000010111010011
00001001000000100000111011010011
01111110010100000010010000100011
00000001000010000001001010110011
11111100101100000010100000100111
00000000110111011101011010110011
00000000110011101001011000110011
00000001000011110001100000110011
11100110010000000000001010010011
10001010100000000010101000000011
00000001111010111010111110110011
00000000101110110101010110110011
11100000000011111000101001010011
11100000000000100000101001010011
10010100110000000000101000010011
00000001110100101001011100110011
10100001111101111001110111010011
11100000000001101000101011010011
00000000011101111000100011010011
11111000010000000000100000010011
10100001101101011001111001010011
10010100000000000010010100000111
10100000110100110001111011010011
01001000000000000010011010000011
00000000111011101101001100110011
11100000000010100000100011010011
10101010100000000010011000000111
00000000110100101101001110110011
00000000110000011010100010110011
10100000011111101001011011010011
00000000101000000000010001010011
00000001010110101000110110110011
00000001111010010101100100110011
01111001001100000010010000100111
01011110000000000000100100010011
11100101010000000010010110000111
10100001100000100001101101010011
10100001110011111001110011010011
11100000000000000000011101010011
11000110000000000010000110000011
00000000111010111000000010110011
11100000000010011000101111010011
01000000000101101000101010110011
00000000100110110010000010110011
01000011110000000010010110000111
00001001111111110000100101010011
00000001100110100001100010110011
00100111100000000010100000100111
11101011000000000010111110000111
10100011100100000010001000100011
00000000011010111010000010110011
00001000100010111000100111010011
00000000001110011000101010110011
01111111000000000010110000000111
00011111110000000000111000010011
00000000010011110101011010110011
00100011110000000010000100000011
00000001100100100010110010110011
00000001011111100010010010110011
00001001011100111000100011010011
00000000111010111010110000110011
10100001011010010001101111010011
00101001001000000010011000100011
10110011110000000010010000000111
00000001000100010000101100110011
00000001111001010101101000110011
00000001000100101000111111010011
00000001110011111010000100110011
00000001001011001000001111010011
00000000111000111000111010110011
01000000101011001000110110110011
10100000100111000001000111010011
00001001110000111000111011010011
11000100110000000010000110000011
11100000000000110000111001010011
00000000010101011010010010110011
11101101101100000010000000100011
10100000111110110001001001010011
00000001001010100001001110110011
00011011010100000010110000100011
00000001110000001001011110110011
00000000101011101000001010110011
00000001010000010001010110110011
10100001100101101001100011010011
00000001011000101000110010110011
00000000100011011000011001010011
00000000001100100001111010110011
10111010000000000000101100010011
01011011111100000010110000100011
01010011110000000010111100000011
11100101110000000010111010000111
01000000110110000000011100110011
10100000110110110001001101010011
00110100000000000000100100010011
00001000001100000010111000100011
00001000011111010000011011010011
01001010011000000010110000100111
10100000010100110001001001010011
00000001011100000001111100110011
01011000100100000010010000100011
00001000111111011000001101010011
00001001101110000000001001010011
00000000111101010000011111010011
00000000000011100001001000110011
00100000100000000010100100000011
10101010110000000010100010000111
10100001001110110001111011010011
00000001111010100000011000110011
11001000110000000010010000100111
10100001111001111001110001010011
10100000100111010001001001010011
10111000110000000010100010000111
00000001000100101101001100110011
01111010000000000010111000100011
01101111010000000000001000010011
01000101000000000010000010000111
00001001100111110000000011010011
00000000100101010010101100110011
01000010101100000010101000100011
11100000000010101000101111010011
11100000000000011000110011010011
00011101010000000000011000010011
00000001111011000010110000110011
00000000001010101010001110110011
11100000000010101000011011010011
10100000110001000001010111010011
11011001001000000010100000100011
10100110011100000010110000100111
00101101000000000000101010010011
00000000100100001010000110110011
01000000110011011000101000110011
01000011001100000010010000100111
01000001110110001000010010110011
01100110010000000000010110010011
00000000101001101000111110110011
00000000110010101001101000110011
00000000011011111101111010110011
00000000010111011001000100110011
00110110100000000000111110010011
00001000011011011000111101010011
00000001100001011000100000110011
00101101010000000010011010000111
11100000000000101000010011010011
00000000111011000000110100110011
11001101110000000010111000100011
11101101100000000000101100010011
00000001111100110010000110110011
00000001100110011010101010110011
00000001101011010010110000110011
00000000010000101010101010110011
00000001011101100101010010110011
11100000000010110000011011010011
11100000000001011000110111010011
10111110110000000010101110000011
00000000101101111101111000110011
00000001111100110000100011010011
00000000011000011000111011010011
00010010000000000000001100010011
00010000100100000010011000100111
10010111100000000000001110010011
00000101110100000010010000100111
10011110000000000000111000010011
00000001001000001000110010110011
11100000000011011000010101010011
00000001111100000000000010110011
00000000100011011010000010110011
10100010001000000010110000100111
00001000011010011000010001010011
00011110110000000010111110000111
01011010010000000010001000100011
00000001101110101101101110110011
00111011001100000010111000100011
10100000110101101001111111010011
01000001100010010000011000110011
10001010000000000010010010000111
00000000101001110000000010110011
00001000011111010000101111010011
11111110001000000010101000100011
00000001001110000101101010110011
01000000001011011000100010110011
00000110110000000010101010000011
00001000100000000010101010000011
00000001011010011001000010110011
00000000100000011000110101010011
11100000000001010000111011010011
00000001110000000000001000110011
00000000011010001000100000110011
00000001001010110101110100110011
01000000101111011000101100110011
00000000111111011101101000110011
01000001101000110000110110110011
10100000110000111001000111010011
00000000110001100101100010110011
01010001000000000010101010000011
00000001011111011101111000110011
00000001100100010010000010110011
01000001010111011000110110110011
11100000000001100000111111010011
00000001110111000000100101010011
00000000010100101000000101010011
00000000010101110010110010110011
00000001011010011001100000110011
00001001011010101000001011010011
10100000011101101001101101010011
00000001110001110000111100110011
01110010110000000010001000000111
00000001011101101000110101010011
01100101110000000010011000000011
01000000110110010000111100110011
10110001110000000010010000000011
00000001010111000000011011010011
00000000001101101001101010110011
00000001010001100000101010110011
00000000111001001101011110110011
00000010001100000010000000100111
10100000001001000001111001010011
01101011100000000010111110000011
00000000110011011000101100110011
11111010100000000010111000100011
11100000000011101000101001010011
00000000100111010001110010110011
00000001010110101101100010110011
00000001010110001000000010110011
00110100010000000010111100000011
00000001110111101101110000110011
00000001111101100000101101010011
00100011000000000010111000000111
00001001111101010000111011010011
10110010111100000010111000100011
00011101100000000010100110000111
00000000100001011000111001010011
00000000101111010101101010110011
01010110000000000000011010010011
00010001010000000010101100000111
00000001000110011001110000110011
10100001000100011001100001010011
00000000001101100000100100110011
00000000001000001001110100110011
11100000000011001000111111010011
00101001001000000010110000100011
00000000110001010000111001010011
11001011000000000010010000000111
00001001111001011000111011010011
00000001011101100001111110110011
00000001011011110000110110110011
00000001101110110000001100110011
01000001000000000000010010110011
00000001110111010000110011010011
00000000111001101010101010110011
00000001101001101000010111010011
00000001101011000101011110110011
11000001010000000000101110010011
00001000001101100000010101010011
00000001101010011001010110110011
00000000110000010000000111010011
00000000010010010101001100110011
11001001011100000010100000100111
11100000000000100000111011010011
00000001010001010101111010110011
01000001000111110000111010110011
01000001101010010000111010110011
00000000101110111101100010110011
00000001000001111000001100110011
00000000100001000000101001010011
00000000010101101000011110110011
00001000100111111000111101010011
11100000000010111000110001010011
11100000000001001000000101010011
01000001111111000000100110110011
11011010110000000010111100000011
01001001010000000000100010010011
01001011000000000010110100000111
11100110000000000010100110000011
00000001111010111000011101010011
00000000110111010010111110110011
00000001100001100000100111010011
11100000000011111000011001010011
11001010110000000010110110000011
00000000011000110101111100110011
01101010010000000010011000100111
00000000011100110001010000110011
01000000111011000000111100110011
00001000110100111000011001010011
11111000111000000010101000100011
11010001011100000010010000100111
00001001000001011000010101010011
00000001110000001010011000110011
11010000100000000000100010010011
00000001001001100001010110110011
00000001101011011000110010110011
00000001111111011000101010110011
10001100100000000010100100000111
00000000010110001001100000110011
00000000110001000001100010110011
00000000101101010101001000110011
00000001100111001000000011010011
00000001001001010000010110110011
00000000000110001101010110110011
10001110000000000010101000000111
01010001100000000000010000010011
00000001110110000101101110110011
00000001100000000010000010000111
00000000101011100000011100110011
00110010000000000000010010010011
10010011110000000010011000100011
00001001010100000000011001010011
00000001011111000101011110110011
01000000010111000000010010110011
11110111101100000010011000100011
00000001110000110101000110110011
00000000011011010000011101010011
00000001001000010010011110110011
11100011001100000010110000100111
00010101111100000010100000100011
00100010011100000010000000100011
01000001110000111000001000110011
10100000000100101001011001010011
00000001110110000001110100110011
11100000000001100000011011010011
11000111000000000010101110000011
00110100011000000010111000100011
00000000010111111101110000110011
10101010011000000010010000100011
01000000000111000000011000110011
00001010001100000010010000100111
00000001001011000101010100110011
00010011110000000000000110010011
00000000001111011001011010110011
00000001000101010101110000110011
00000000000011010000101110110011
01000000111011001000110010110011
00110100110000000010000000100111
00000001010001111000000101010011
11100000000010111000101101010011
00100010011100000010010000100011
10111010000100000010111000100011
00011111011100000010010000100011
00000001001111110000011001010011
00001001101001110000110011010011
00000000101100100010101100110011
01000110100000000010001000100111
01010000110000000000000100010011
01000001101001111000100000110011
10100100010000000010101100000111
10100001100001110001011101010011
00000000001000101010001010110011
00000001101001100000011110110011
00000001000100010000110100110011
01000000010101110000101100110011
10100001101011001001000011010011
11101011100000000010011100000011
00000000011010010010101000110011
00000001110111111010010010110011
00111101101100000010101000100011
00000000111010000001010110110011
00000001010110001010001110110011
00101011001100000010100000100111
10010011110000000010000010000011
00000000001111110101001010110011
11001000111000000010000000100111
10100001011010100001001111010011
01111000010000000010001100000111
00000000000110011000010010110011
00000000100101011000000010110011
01000001000111110000001110110011
00000000011011100000100000110011
00000001110001100000010101010011
11000110110000000000101010010011
01111011110000000000000100010011
01000000100010000000011000110011
00111010000000000010111000100011
10011010110000000010000110000011
00100010110000000010110000100011
10100000111110100001100111010011
01000000010110010000110100110011
10001110110000000000101000010011
10100000010101010001011111010011
00001001011000000000011101010011
11100000000000000000111011010011
00000000101011001010001100110011
00001001000001110000011001010011
00000001110010010101110100110011
01000000111010100000000100110011
00010011010100000010001000100111
00000001101110001000101011010011
00000001110110001010001000110011
10100000010111000001110101010011
11001000111000000010111000100011
10101100011000000010011000100011
11100000000010000000100111010011
11100000000011110000110001010011
01000000110001111000110100110011
01111001000000000010101000000111
10001011000000000010110000100011
00101010110000000010100000000011
01000001110101010000010010110011
11100000000010010000010001010011
00000001111001011000100100110011
00001000100111100000101111010011
00000000000000010000011000110011
10100001010000011001101011010011
01000000000000000000101000010011
00000001011011001000101001010011
00001000001001000000100011010011
10111001000000000010111110000011
11000010100000000000010110010011
00000000101010001000111000110011
11110000100100000010111000100011
00111011010000000010111000100111
00000001000101111010011010110011
11110000010000000000100100010011
10100001010100100001011011010011
01001001100000000010010000000111
10101010011100000010010000100011
11100000000010000000100011010011
11111011000000000010011110000011
01111001010000000000100100010011
11000011000000000010110000100011
11011011100000000000000110010011
00000000000010011000000111010011
11100000000001000000101111010011
10100001110001100001100001010011
10100000100010010001001101010011
00000000111001101000111010110011
10111101100000000010010000000111
00000001000111110000111101010011
00000001101000001001010100110011
00000000100010110000111010110011
00000000010101111010110010110011
00000000110010110000101101010011
00000001100010100001001000110011
11100110100000000000101110010011
00000000001101000001010100110011
01000000011000110000001100110011
00000000010010000000011000110011
10100111100000000010000110000011
00000000000000001000111110110011
00000000000101000010100000110011
10011110000000000010100000000011
00000001111001111101001110110011
00001001101001011000001111010011
00000000110100101101110100110011
00001001011000000010010000100111
00011000100000000010010000000011
00110001110000000010010000100111
11101001110000000010111000000011
00000000011010000001000110110011
00000001001010001010100110110011
00000001001011111000010011010011
00010000010000000000101010010011
00010101110100000010100000100011
01000011011000000010110000100111
00000000111000101000011001010011
10100001001000011001111101010011
11110110010000000000100000010011
00000001011011100000110100110011
00000000000100111000001110110011
00001011010000000000100100010011
01000001100011101000010100110011
01011101111000000010100000100011
10111110110000000010000010000111
00000000000100001000111101010011
10011011110000000010011110000111
01001110000000000010110100000111
11100000000011100000110011010011
00001001100110011000111111010011
00100000001000000010000000100111
00000001011000010000001010110011
01000001011011011000001010110011
11100000000010000000010001010011
01111001000000000010101000100011
01010111101000000010001000100011
01101111010000000010101010000111
11100000000011110000000111010011
01110101100100000010100000100111
00000000100111001000010010110011
00000000101001111101110100110011
01001110000000000010100000000011
10100011110000000010000000100111
00000001110111010000001110110011
00000110010000000010100010000111
00000001010111001000111110110011
00011010000000000010011000000011
00000000000111001001101010110011
10110000100000000000000100010011
00000001001101100000001011010011
10100001110111011001111001010011
00001001111111100000100001010011
00000001010100111001110110110011
00001001100001100000100001010011
00101110010000000000110010010011
00000000010001111000101111010011
00000001010011111000100111010011
11100000000011100000001001010011
00000000011101011000010001010011
11001001010000000000001100010011
00000001110110000001101010110011
00000001110000111001111100110011
00000000001111000010110010110011
00000000011111111000101101010011
00101011000100000010101000100011
00111011100000000010001010000111
01000001000111101000110100110011
10100000110110001001100011010011
11100000000000001000100111010011
01000001010010111000111010110011
10001101000000000010001110000111
00000001011101111001000010110011
10100000110111011001001001010011
11100000000000111000101101010011
10100000010001111001111011010011
00100001001100000010011000100111
00000000011011100000111001010011
11110001000000000010100000000011
01000000101011000000111110110011
11100000000000101000010111010011
11011100010000000010011100000011
11100011111000000010111000100011
10100000101010010001011111010011
11100000000010101000101101010011
00000000010101100000111101010011
10111000010000000010100010000111
00000000110111100010010100110011
10100011100000000010101110000011
10100000011000101001010111010011
11100011000000000010011010000011
10011111000000000000000100010011
00001011010000000000011000010011
00110111110000000010100110000111
00000000011101001000000100110011
00000000101010101001001010110011
10100001000000000010000100000011
11100000000000010000101001010011
01000010100000000000111110010011
01011100110000000010111100000011
01110101010000000010110100000111
00010001000000000000010000010011
00000001100010110000101001010011
11111100100000000000011100010011
11100000000001101000110101010011
00000001110001011000111101010011
01000001001011001000101110110011
01000001010000000000101100010011
00100100100000000010100000000011
01101100010000000010101000100011
10111100010000000000110000010011
00000001111110100101011000110011
11100100000000000010000000100011
01111101001000000010011000100011
00000001001010011101101010110011
01010001110000000010100010000011
00000000101000000010111000110011
00000000110111111001100110110011
00001000000011000000001101010011
00001000101011101000010001010011
00000001010001011000011111010011
00000000111100011101110010110011
00000001101111111010100110110011
01000001100000000000100010010011
00001110100100000010010000100111
00111100100000000010001000000011
01000100010000000000000100010011
01010100000000000010010110000111
00000001101101010001011000110011
11001011100000000010001010000111
00000001000110110000110001010011
00000001010101010101010100110011
10100000111001111001010101010011
10110110010000000000010100010011
00000000100001000000100010110011
11101010000000000010100100000011
01000000011111101000000110110011
11100000000011110000011111010011
10101011110100000010101000100011
00001111000000000000010100010011
01010101000000000010111000000111
00001111110000000010110110000011
01010111001100000010101000100011
10001000000000000000110100010011
01000000000101110000101100110011
00000001000111101000000010110011
00000001000000001000000100110011
10000000110000000000011000010011
11000110010000000010110110000011
00000000111011001001001110110011
00000001110101001000001001010011
00000001011111101010000110110011
01010001010000000010110010000011
01011011000000000010101100000011
00000001111101001000001111010011
11100000000000010000110111010011
00000000001000011101111010110011
00000001001010010101101000110011
00000001101010001010100110110011
00101010110000000010010000000011
00000001000000001010110000110011
10100001101011100001010001010011
00000001101111111101000110110011
11010001010000000010011010000111
10100000011001110001101011010011
00001000010100010000111011010011
00001000001001011000110011010011
01000000100100000000011100110011
10100001010011001001010001010011
00000000111011101010010100110011
00000001011111111101000010110011
11100000000010000000000011010011
00001001100000000010000000100111
00111110011000000010010000100011
11100000000001010000110111010011
01000000011110011000111000110011
01000000100010000000100100110011
00000000110100110001001100110011
11101100100000000010011100000011
00001000011011111000111001010011
00000000011000110010000100110011
10110001010000000010011010000011
10100001010001100001101011010011
00001000001100011000011101010011
00101100110000000010010000000011
01110011110000000010010010000011
00000000011100101000010110110011
00000001100000100001111000110011
10011011001000000010110000100011
11111000111000000010000000100011
01101111110000000010100010000011
00000000000111011101010010110011
01001111110100000010001000100111
11100000000010001000110011010011
11100101001000000010110000100011
00000000101010111101011100110011
00000000100011110000110100110011
00000000101001001101001110110011
10100000011111101001111101010011
00001100111100000010000000100011
00001001011110000000000011010011
00001000111010000000111111010011
10100001111011111001101001010011
00000000000000000000000001110011
00000000000010111010010110001011
10100101010011001110110100110110
00000000000010101010100001100001
01100010101011110011111010110110
00000000010110110001100011000110
10010001000000010011010100101010
00000000000101111001011100101010
10110110111001001000101101111110
00000000000111110111100110011110
01100101011110000000000001101101
00000000010000010011101100110001
10111001000011011010011100010110
00000000010100110010101010011001
10100010011000000101001001101011
00000000010111000101000010101011
01100100101001001000111100010100
00000000000001001000111001010011
01011110010011100000101100100000
00000000000110111110001110100001
11010100100010011111010111110001
00000000011010101011111110111110
00011100111000010011110101100110
00000000000111001100111111110110
10100101010101000110000010010101
00000000010110100010110101100110
01011000101011110101100101101010
00000000011011110110101011011111
00101101001100001101111010000010
00000000011101001011010011001001
11010011101000110100101100101011
00000000011111001101101101111000
11010011111110101111000001110101
00000000011101001010100100100010
10011011100100101000001000111011
00000000011011111100001001011100
01000001000010011101110001101110
00000000000111101010011010011011
00001001101110110101101001000011
00000000000101110011111110101110
10110001101000011001110011011011
00000000000100110010101101001010
01000010101100010100001001101010
00000000001001101010111100101000
11110101101010111000111011000110
00000000001000110001011010001100
01111011001001111010001001001110
00000000001000111110001111010011
01010000110110010001111101100111
00000000000001011001001011000011
10101101110110111111100000000110
00000000001011011001101111110000
10001110101010110110111110010111
00000000000100000110111011111111
01001001100000011011110000001111
00000000001110011111011111010011
01010000111110011101101110100010
00000000001101101010101010000111
10011001100010000011101111011000
00000000011011010110100100101011
11111101100000001011000001000001
00000000010111011101000000000010
10011001110010001111011000010101
00000000010011011100111010010000
10100110100100000100101111111001
00000000000011001111001010001010
00111101101001101000010100000011
00000000011110000010010001010100
10110100110011010011111010110111
00000000001110011001111100100001
11001111101110000010101101100000
00000000011010110000011101101110
00100011100011100001001010111101
00000000001100010110111101110001
10101010011100010110101101100110
00000000000010000001100100111011
10101111000101010011111101101110
00000000000001001001010000001110
11010000000001101010001100100111
00000000001100001111010001001101
00010001010110000101100000000110
00000000010101011001101111000001
11010001111001110101000100011100
00000000011011011100100101110110
01111000011101001101110011101001
00000000011111000111011101111111
00010101000101010000000001101011
00000000010001010110010101111101
01000010110010110000101100010001
00000000010000000001111111010110
00110000001010010111110001100001
00000000010101010100101001001111
10101010010001000100001101111000
00000000001001100000001001101111
10101011001100111110011111001101
00000000010011111010010100000101
10111001100100111101000000110010
00000000000001101111111001110010
00011100010101010111100101100000
00000000000010010011100010000011
10011001011000011100011010000010
00000000010010110001000111101111
10111000101110001100101111111011
00000000010100100101100100001011
10011001110011000011001010011100
00000000010000000011010100111011
10010001001100011011101001010111
00000000000110001011011000110100
11100100011101111000010110011110
00000000011111000100100010110101
00010101000110111001100011010000
00000000000010000001111111110001
01001000011101011011000101110011
00000000000010101010101110101000
10011101010000000000110010100101
00000000010000001000000111010110
01011000111011111011110000110000
00000000001110100100010000100001
11000010000101011001000001000111
00000000001100001001010101010101
10100101011011111010000110101110
00000000001110011101100011110010
11111100110111000111000111101111
00000000000010111100110010010101
01111010000111101101000000000001
00000000000111100110000001110001
11001100010010001101000001011001
00000000000001101111000110001100
10001100000111001110001010000111
00000000010000011011100011010111
00101011111000010001101000011001
00000000010010010101010111110101
00111110110000011000001100010010
00000000010000100010111011010110
11110101010000011011010001001100
00000000000011011110100010101011
10111110001110010110010101100111
00000000001011101101111000001000
01010001010111000001000000100000
00000000000101100110111101011111
01000011101011101100110011001100
00000000000110010110101101010110
00110100111100001100110001001011
00000000010001010011110111111110
01010111101101011011001001100010
00000000011100101001110010001011
10011000110010101101101011100000
00000000011111111100010101011000
00001100000010100001101101110110
00000000010101110100101100101101
01111010011000110101010010101110
00000000000010001110010010011000
11110010110110101010110101011001
00000000010100000111101101111010
01110110100011110010011110010010
00000000011011001011101001010111
11000101110110100100011000011001
00000000000010011001010001000001
00100001001001001010001111101000
00000000000110011111100000000001
01010011010001010100000101010100
00000000010101011011100110011110
00011011111001001011101010100111
00000000010111011000101011100011
01011001010110111010000111001011
00000000011101110111010111110001
00111110010011101110010101101010
00000000001001110010010000010100
10111101110001100110111001000110
00000000010110000101000010010111
00101110111000101011111101110010
00000000011001010011111011000011
11111011010001010101001000000110
00000000011111111101101100001000
10001110000001011100101001110000
00000000001010001110111110101000
00000110100000110001100111101011
00000000011100011000000001101110
01100101011100000010101000111110
00000000000111111001101001010100
00101110100001001110010000101110
00000000001000110110000000010101
00011010111110001111011010100001
00000000000000101001110001110011
00110010110010100110001001010000
00000000011011011010111100101110
01111000100011001101011100100001
00000000001110101111010100001100
11010100011110011001111110001110
00000000011101001111001001100100
01100010100110011010000011001101
00000000010001111011110100100101
01110111001111110001010011010101
00000000001111110101111001010001
01000011000011011100010111010001
00000000010100111101010001100011
10100000110001001110011111010000
00000000010100001011001011000011
10100000000110000010001011011001
00000000011111110110011001111011
11110010001100110011000011100010
00000000001101110111100000000100
10000101101001000011001101100010
00000000010111101000100001101101
01011000101000101100110101000000
00000000010101111110011000000100
10111111001100001101100011011001
00000000000111100000001011101011
11110000101100100110101110101100
00000000001001101000000010100011
10111001000110111111100010101000
00000000000010011100111101111000
00111100110101100010101110111101
00000000010111101011100011111010
01111101101010001101010001001010
00000000000101110101001011001001
10011000110110110111100101101101
00000000000100110011000100110110
00000111001111110111010011100001
00000000011111001111011100001100
00110111011100001001011001111001
00000000000011000010110000010100
10001101101001111010001011110011
00000000010101111110000100100110
00110110110100000000101111011000
00000000011101011110110000011011
01001111001001101000110001000110
00000000001010111010011110100011
10001100110011101100001110110110
00000000001010001110110110101101
10001001011010010010010101000110
00000000001010101100101010110011
11010001001001010010001111010101
00000000001011001000100111011000
00101001011100100000100110111010
00000000011011010111100010010001
11111100111100011001111111000100
00000000011011100111010110000000
11001101110101101001011110010100
00000000010100010010111111101100
11111010000010001010111011110101
00000000001011011111010110110010
01101111110000111011110110100110
00000000010010111010100101010110
10011001010110010001111010111100
00000000001000000110011111110100
10110000000111100000000001011100
00000000001100000100011111110111
11101010010010001111001000111011
00000000011000101011101011010110
01001110110010011000000001111010
00000000001010001000001101101000
10000101100000100011100011100110
00000000011010101101000011101101
00001001111001011101010011110101
00000000001111101111001111010110
00111010001000101110101011000011
00000000001101010010111101010001
01001010010010110111111001000101
00000000010110011110100010011000
00110111011110110000000001111011
00000000000001100111110101100001
01011001010100100100110011100000
00000000010100001111101010000000
10101010000000001001000010010101
00000000001101011100001001101001
01001101010001100111000101000111
00000000000110100010110101110111
11110001001110010111111001000000
00000000010110011101100010000011
00011001111110110000000000101101
00000000010000111000101100100010
10111101001000101001111011101110
00000000000001101101011010001000
00111100110110100000011100111001
00000000010110011000011001101000
11101010000011011010000010000010
00000000010000011011010101110000
01110010101001100101000110011000
00000000000000001100101011010100
00110111011001000011000001011011
00000000001010100001110100101000
10100100011111110100111110100001
00000000001100011011101000010010
11000000010010001010100100101111
00000000011000011110111000111111
10011110110100101010011010000010
00000000000110100111011110111101
11001010010100000001110111101000
00000000010101011100010110001101
00100101101011100111110001111110
00000000011110000110010110110110
00010010111100100100101011010111
00000000010010001011101101100000
00000001101111101011101101010111
00000000000101010110100100011111
01100111000100110110101100110010
00000000011100011111110010010110
00011100101101011011111011101111
00000000000011111001000100101001
10011001100001100001010100001011
00000000011100000001010010000010
00011111100110111001001001100111
00000000011000010101000000000010
01110110110000101100100010100001
00000000001101010110001001111010
10100101111100000110001010100100
00000000000001101100110010101001
10011001011011101111010010010100
00000000001101111110101101011011
10100010010100001111100011000010
00000000010111000001010000110100
10000110111010100101000000010001
00000000010001010100001010111011
10001010010111111010000010110111
00000000000110111001100111010111
01110111001101100000001010011100
00000000000001000011000101011010
11001100111010011101011111110011
00000000011110101011011110110100
10011011111111000001100010101010
00000000010100110101010111000110
10010001110110101101100100010111
00000000001010001111001111001011
01000011001001010101010010101010
00000000000010001111011100111010
00011010010011110110110000000111
00000000001010001101100100110011
11010000010101001100101111011010
00000000001111001000101000101010
10111010011110001111011000011010
00000000001000001010101001011111
00111100110111010101100110000011
00000000011111101011000000111010
00000001010110101110011100011010
00000000001010100011000111100001
10110000100100010011011001111110
00000000011010101101110010000111
01011001000000010011010110001010
00000000000111101110000100111000
01111011100100001011100010010111
00000000000000001110001111101111
00010001010100111011101000001101
00000000010101100011111111100011
11101001111000011110010010111001
00000000001001001001101000111111
00010111100111001111001110111010
00000000011000001011111011001100
10010111100001111001101111110000
00000000011011101010110101101100
00100111100100110110001111011100
00000000011110101010100100101111
01101100100110110110101001011010
00000000010100100111110001010101
10101001000001111101101100001010
00000000011100111100100100110100
11011101010111001110000011010101
00000000000001100111001110111001
10100000110000010010011101100010
00000000001001101100110010011010
10001010111010101100110110101001
00000000001000010000010010101100
10000011011111000010011000101111
00000000010100111100100111011010
00111001001110111110010010100100
00000000000001001100000111101111
11000011101110101101111000101100
00000000010011111000110111000110
10000000000110011111001110111001
00000000010001010010110110011011
01111011100010101011001100111001
00000000000001010000100110100110
00101011011111110010101111001011
00000000000001011110011110001011
10101110011011111000110011100000
00000000011010101110011011101001
01011111000011111001010011110111
00000000000001101010101010111110
10110010100101010010111011101101
00000000001110001110011010000000
11110100011000101011001010100000
00000000010101001100001100100000
11011101001110000011111011010111
00000000001111101100111010101001
10011111011010111100001110110100
00000000001110000111010111110101
01000000100001001110101001000100
00000000011010101011111100010011
00000001001110101000101111100110
00000000001010101110000011110010
11000011001110100110110101100100
00000000001001000101100001010000
11001111101011110000011110011010
00000000001111001011010001110001
00011010100000101101010100100001
00000000001000111101001110110111
11111110101001111101010110010011
00000000001001101100100000101000
11110100100010000110101111010000
00000000011110101010001010000101
11100111111011111000001010001001
00000000011010110100110010100011
01011110000001110100110100000000
00000000001111111000000100100000
00110111111101100101101010001110
00000000011100110101110110011110
10000000011100111111100010111111
00000000010011110001001011110000
10011110110101011000110000000010
00000000010100001111111111000100
00000111100010001011100111011000
00000000001110010100101001011110
11001000010001010010101001101111
00000000001000110110010101010010
11100000101000101101010001101000
00000000001100111111100010010000
00110011101001001001011000001100
00000000000110000110101001100000
10010100100000101101001111111111
00000000011000000101110100010100
00100010000111010010010110101010
00000000010101110010010010110001
11110000111100110000110001000010
00000000000010010111010110010000
10010011010110000100000111010001
00000000010111100110001101110000
10100110011000110100010100111111
00000000001110110000011000110101
00110111001001101000011010101110
00000000001111101110100001011000
11000111101001101111011101011110
00000000011101111011111010001010
10011000101111110001110010011001
00000000010010100000100011010111
01001101000001011000101010001110
00000000010111100010000011111000
10001000111001001000011110110011
00000000001101000011000100011010
11011011100010000101001010001010
00000000010000101100000100001010
10000100110001100010110000111100
00000000011000010111101011100101
01011001011000111011100100001000
00000000000000100010001001111100
01011010111001111110010100010100
00000000001000010111000000000101
10010011011010101100011000011100
00000000011110000110000001001100
11100010110011110110101001100100
00000000010001000010111001111011
10110010011010000000010101111000
00000000001101000111010011111000
11101110100110111110010001000100
00000000011010001111010101101110
11111010000101011111011100101010
00000000010110001011111111001111
11000110001101100100100011100000
00000000000001000010111110000001
11101000111110001010011111100111
00000000011011001110100111110000
01011011111000101110000100111110
00000000000110000101011011010101
10000110010000100111010100111010
00000000011001011011110000010110
10000001011101000111000111011110
00000000011111101111000100101000
00011000101011111010101111111110
00000000000001000101111010011100
01010110001101011100000000001111
00000000011011001100110100111100
00001010001010001001011110011010
00000000011001000110101111010001
10101100110000011110101010101001
00000000001001001010111101111011
00001010000100000110110011011100
00000000001001110111011110001110
10001000111000100101100001101110
00000000000010101000111110011010
01110111000010111110100000001101
00000000001010101101000111001111
11011101001001001001100111110001
00000000011100001001101100101111
10111011001011110011101011001000
00000000000100000010111111000111
11001000101101011010000011111010
00000000001001100101111011010001
10000010110111101001011101110010
00000000010001010011110111000010
10000100010110101000100100101100
00000000000111101011110101000011
10001000010000110010010001111110
00000000001111000011100110010010
01010111010110010000011001000101
00000000011011001001110000010000
10011100011110110011100011000110
00000000000101110001001001110010
01110110111110111010110111010001
00000000011100110001000001010010
10001101001101100001011000011100
00000000010010011001011111111110
10001101111111100110000001110010
00000000011001110110100000011110
11101101101111000111111100100110
00000000011111111110100101110100
11100000011111110100101011111001
00000000000000111000000001101111
01000010000101100001001010101001
00000000000111000010011001011100
00001101100100000110101111001010
00000000000100011010101110111001
10110000010110001010111110010011
00000000011111000010110100000110
00000111000110111000010100100101
00000000000100110001001010100000
01100011001000010110100010111101
00000000000011101110100101110100
00101101110010001000110010110111
00000000001001100011100000000011
11001000110001000010011011010110
00000000000001011100001000011101
01001101110010101010000001101111
00000000000001100000100010101001
00010111101111100000010010011111
00000000001010011100100101001110
11010001110000011000110111110001
00000000010010000001111001011000
10100000111111111101001000111011
00000000010001000101011101001110
00000100100110101011000001011101
00000000001101111011000010001100
10001001010011111111001100100101
00000000001100110100110011101000
00100110001101001011011011000111
00000000001010101101111100110000
11000111000011001111000010011111
00000000000100000110110100010000
00101001010011011100110001010011
00000000000111011110111111101100
10001011000011101101010100101011
00000000001110000000011101000010
01101000101111100100001110001001
00000000001000011100101100111101
00110111100001010001110111000110
00000000001011110111101000100111
11100110100001010010000101111111
00000000011111001000111010010011
10111100000111101001100001101010
00000000000001000110101000011011
00100101110011011111000010110010
00000000001000111101110110111111
11110001000011011011101111111111
00000000001111000011101010101101
01001110100010001100111100100111
00000000001010000000100101001000
11010000100111011110011010111011
00000000011110000000010000010001
11100000110100101001100001110011
00000000010111001011010100001010
00000110110010000000111110101100
00000000001100001101100011000100
11010101111101111001101001011011
00000000011100101010101101000100
01001010001000101001001000101101
00000000001101001000101001111111
11101110100010100101010111001001
00000000011011010010110011110000
00011101010100110101011000101101
00000000001100011010101000001111
00010001111001101001111111110011
00000000011000001110100001000100
00111000111011000000010001011001
00000000001001101010001000001000
11101011110010011111000110010000
00000000011000001001000110101010
10010111110111000101110110001110
00000000000101010010111000100000
10001010111111011000000010001001
00000000010111111000100111010110
01011111111001000100010100011010
00000000010111101110110110110101
10001110100100110011101000111111
00000000000100011001110001001111
01001010001100011100101100000100
00000000001001000101100111001101
11110001001101111001111110010100
00000000001010100010101100000001
11011110011111010000111100010000
00000000000010111111010010001111
00011000011100100000101111001001
00000000000111111101100100010100
11010011100111011111100000100111
00000000010111100010000110111001
00101100010101100010001011110001
00000000000100100011110111110101
11111001011011100110001011110010
00000000011001111100011101111101
11010011110101111110111100110001
00000000010100011001111011010001
01110101001000111000111000101111
00000000011000100101111100110101
00011001111100101110100111101101
00000000010101000101110000001001
11001010010011110101101000111000
00000000011010001111110111111011
00000110011010101001110100011110
00000000000111101100100011011111
10010100000100110011111100101011
00000000011101011010110000101100
11100000001101101100010100000111
00000000010111010001010110011001
10001011001001011110010100111101
00000000010110100101010100001101
11000110011000000000110001011111
00000000000000011111110101011100
00000001010101000001000001011001
00000000000010011110010111000111
00001110100100101101010001111111
00000000000011011010011001010101
11000001000010010001101010101001
00000000011110010111100100100100
10111111110110111111001110001000
00000000000101101011010100111010
10011110001110100010100010001000
00000000000111100010011000110000
01110001101110111110011110110000
00000000000011100111000000001010
10100100000100011000110110010010
00000000001000001111111100010110
00001111000111011101110001000100
00000000000001101111101111110010
11010110011100001110111000110000
00000000000110011111111011010001
10101010100010011000000001111001
00000000011110100110111100111011
00110000101000111101110000010001
00000000000111010100011011100111
10100110000011010111000101010101
00000000000100011011011000010100
10100000010101001000001100010001
00000000000011111110000101101110
11000010100000100110110001000111
00000000011011101111010110000010
10010100001011001011110101000010
00000000000101000000001101000001
01100001100010000110010000111110
00000000010111010100001100101011
00000111011101010111011000000010
00000000001101010110011101100001
00000010111101010011101000011010
00000000010001010111001011010111
01011101100001001001100101110111
00000000001110000110101010011011
00000100101011010010011001011110
00000000000100000100001101111100
11110110001010000011110011000111
00000000010110111110110111100000
00001111110100011101110111010101
00000000001101111001111000101011
00011111110010101100100101000010
00000000000010111101011100110001
00000110000001100111010111000001
00000000011011111010010001111010
01000001101100011001100011001110
00000000011011001011000011101011
11011000001000001011001110011010
00000000001010110000011100101101
00100101011110111110110111111011
00000000000000000110100101111110
10110101101111110101000011001011
00000000000000100101101101101010
11000011111111010110010101110111
00000000001000000011000000101101
10111100101001000111101010010001
00000000001011001110010111101011
00111010001110010101101110011001
00000000010011010110010100111100
11001001101100001011101110111010
00000000001111001101101100100000
10001111011110001010110000001111
00000000010111010010101000011110
01111101110010111101111010100011
00000000010010100011111111111011
01111100101111101101000111111101
00000000011101100111101011111110
00101101001110111100100101011011
00000000000000000011000000001111
01011100000110111000110110111111
00000000000011010000001000000100
11001010010001101010001001000101
00000000001111110100101010100111
01101001110000011010000001111011
00000000010001110010110000001101
11011000111001011011011000100110
00000000010000010011100011100011
10110010011100011011010111110101
00000000001011010001110101011100
10011101110011101100010111000110
00000000000001110011001001110011
00111010111001110110010001111001
00000000010110001110100011101010
10010100110110011100101000101101
00000000011100101010100110011000
10111000101100000101110111001001
00000000011100010001011011000001
11111101010100010010011011011101
00000000001110001000001111010111
00011100001110110100110011011100
00000000010100110000111001001111
00100001110001001111001101010000
00000000000101011010011101110000
01101001110011110110000000011101
00000000001111011000101110010001
11110001010100000101101100010011
00000000000111100101101010101010
11001110000011111110011010011111
00000000000100101010000001100010
10010000010111101000010101010000
00000000010101111011100110111001
10111111011000001101001010100111
00000000011101010101000001011000
10001000000000010100001011001101
00000000010111111111010111101110
10000111010101110111100011100010
00000000010000011001101001110000
10100100011111000111101110100001
00000000000101000000010011111011
00110111101100011010100101110110
00000000011010010100100000000001
00110100000100000100000100011100
00000000010011011100100110011000
11001101100000011010110100111011
00000000000101000101011100010010
00010110001010101111110000001101
00000000010001101101011111001101
01101000110101010100001101000110
00000000010011011110010101100110
01000111001101111010000010100110
00000000011100100110010000011010
10010010011110100100000101101011
00000000011001111110101110010010
11111001010100110101101100001100
00000000001000000110010010111110
01110001001110100000110111001110
00000000000110100011111001011000
00100001100110000101010100011111
00000000000010101000111011100100
01010001100100110101111101011110
00000000001101000000111110110101
00000111010111111110000010011100
00000000010011010001010010110011
00000101000000111011001110010110
00000000011001110111000100101001
11011000010101011100010100011101
00000000001011010000110001000100
11010000111111111011010111110000
00000000001100001101000110010110
00110001000110001110111000011100
00000000011000000011010000110001
10010010001001100110111000101101
00000000001001010111101010001011
11100011101101110111111000001110
00000000010101110010001110011100
11100110110100001011000110110111
00000000000000011000110000001000
00101100011011111011000100101100
00000000010000011011010010001010
00000011101110110101111001000111
00000000011001110000101000000100
11000101000110000101010001101100
00000000011100100110110111101101
11110010010100100000001011101111
00000000001000101100101111111010
01001100000001110101011010101000
00000000011000110100010111100110
10101111111010101000001010111101
00000000000100000110001011010100
01001100110101111111000010000111
00000000001010010100111110011010
01010110011011010101111001100110
00000000010111011100100011010001
11000110100100111100000010011111
00000000010110011110000110111100
00100000000010101110111101100001
00000000000011110111101101010000
00101010001010001111111011000001
00000000011111110010101100111111
11010001101011100100110011111000
00000000011001011000001011001000
01110100101001101110000001000001
00000000010000000101110010010011
01011011101111111011001111100001
00000000001000101100101011111101
00111100101010101000110001011000
00000000010001101111100100110011
00111011010110001011111101010001
00000000001101010000111011101011
01111010010010011011001111101100
00000000000110010101011010111011
01000111100010001110101000010000
00000000001101000010111001000000
00010111011000101100000111011001
00000000000100001110101100010001
00101000100001000111100010010111
00000000000100011010001100110100
01011100101100101110001000000110
00000000010010100010001100101111
11011001001110000011111110101001
00000000010010010000100100100101
11110010101100101010011001110010
00000000011101100000100011011010
00011001110001001001010010010010
00000000000011000111101111101000
00010111000100101111100011010000
00000000011000000011001010101000
01010100000101000101111110000010
00000000011101010100100011111011
10101001100111010110111001101000
00000000010000111001000111001010
01011110000010011001011111110110
00000000010011101001101111011100
11110111110011100110001110000000
00000000010100110101011011001110
10100100100010100010001010011011
00000000000001001000100010100100
11001111010010110000011000100110
00000000010110111010101001101000
01111011101011100111001111110110
00000000001001101100100001011111
10101001110000100011010111000101
00000000000011100010101001110000
00001011111010101111100010001110
00000000010001111011010111101110
01010001110100000001011110001001
00000000001100000000010101011111
00110001100000111100001101111101
00000000010111110010000010001101
00110111010111111111101001100100
00000000001000000101001011010001
11100101100000000101010010010111
00000000001100110010110011010010
00100011001010000001100111111000
00000000010000111101010101010101
01101001111010100110110001100100
00000000001110111110101111000111
01010100110111101000010111101101
00000000011101101111110111000100
10000010010101100100011100101011
00000000010101100110101110010010
00101011010001000010001101110100
00000000000000111000100001101110
01001100110010110110000100000000
00000000001110001011011101110000
01101100101011100011100100110100
00000000000001011001101100000010
11010111001001110010101111000100
00000000001100100000111111011101
01011011011110001110000101101000
00000000001101010001111000000100
01110010001011110010001011100101
00000000010001011110111010100010
00010010111110111111111010000000
00000000010010100110011001110010
00101100110101000000000110101011
00000000001000011001110111010000
00101100110101001110111101111100
00000000001010000000100001000101
10110010011111101001011110100010
00000000001001000001100001110011
01010000100011101101101110010101
00000000000011000101001010110101
01010000101111001000000110000001
00000000011010110001001111110100
01101010111000110011001011010101
00000000010010110110000011100000
10000010000100100001101010100110
00000000000010000100001001111011
11011000011111010010011000110111
00000000000111110010101100101101
01111100100111000001011110101011
00000000010110000011010010101000
00010001111001001101101010001001
00000000001100000110011110000001
10000011111000010000100001000111
00000000001001011111000111010101
10100000001010000100011010001010
00000000000001101010011000100101
11111011011111101000101100100100
00000000000101110111001010101000
00011111110111010001101101011100
00000000011101010100010000101100
10110000001001000001101101001000
00000000001111101111000001001010
11100101101100110001101111000011
00000000001111100101011001010100
00100010011100010111110110101100
00000000001000010000010111010001
00101011111100001100101110011110
00000000001000000100101010110010
11101011011011100111100110101100
00000000010011101011111011110000
10010001010111010000000100111110
00000000010011001000111100011010
01000110011100000011101101001000
00000000010111110111010111001110
00100011011111111010110010011101
00000000011000010000111110100100
11101000101110101111101110100110
00000000000110110010100010010111
01000001101001101111100000000000
00000000011100010100001101111011
01001110010111100100010011011101
00000000011111010100110111001001
10001111010000101000011101111011
00000000011000111010110001110011
10111111010000101100110100010000
00000000011100001100001100011001
11000010010110111011010101111000
00000000000101000100000100011011
11011000101000100100101011110111
00000000010111011111000110111000
10001110000110100011000001101000
00000000001001110111011100000100
10000110111000011110011111101001
00000000000111100111110011001001
00001101010010100010011000100000
00000000010110111010000001001001
00111110001111101001110010111000
00000000000101100100111011100100
10101000101010111101110111100010
00000000000011100010010010100011
10001100111100010001010110101110
00000000011101110001001000101011
00000011000011011100111001011011
00000000010001000101100000011111
11100101000100101111001110001100
00000000001111100001101100010001
10010011000101001010100000101111
00000000011101000000100111010111
10010111001111011001110000100101
00000000010001000100000010010000
11011111101100101101111001001110
00000000001010010100011100011110
11001001111011011010110010001111
00000000011100001100110011000111
01101011001110010110101010001101
00000000001111111111110111001101
10010001001100101110000011000101
00000000011110000011001000101011
01100101011010110010010110000011
00000000000110010010101111101001
11011110011111010000110100010001
00000000001101110001101011101001
10000110111000011001010111110101
00000000010010101110101101011100
01101100101100110111110010001011
00000000011110100010100100000110
00010010111100000000101010001011
00000000010001101001110111011101
10011011110001101100010111001111
00000000010011101101100100011011
10101110000001101010101101100000
00000000011100011011110111001001
11110000011100110010101111110000
00000000010010111111011111010010
10000001101101010011100110000000
00000000011001111011001000111000
10101001100110010110001000101001
00000000000101001010001010101101
00000011100011111101100000101000
00000000010010110111011000110100
11101000110111110101000110011111
00000000011100011101110010110101
11011111100000101101011000000000
00000000000001011100001101001010
00010000010101001101111001100001
00000000001000011110011100000100
10011010001111101000110000001001
00000000011001101011110110010010
01010110100100001001011011111010
00000000000101101000110111011000
11011101110001010111001111111011
00000000010110011000100000100110
00110101101011101101100011001010
00000000010010000010010111001110
10010100111111000011010111001000
00000000000000000000100000111100
00110101001110001011000011011011
00000000000101010010011101110011
01010000011111010010000101000110
00000000011111111111110110011101
01011101101100111101101111111011
00000000011110111101111000010001
10000101100110111110100011100000
00000000011000010000001010011110
10010000011101110010001011011010
00000000001011001010111111000111
00111101111010010001010100001100
00000000010010001010110010010000
00011000000101000011111110001010
00000000010010001011011011001000
10110011011001011111100100001110
00000000011111100110100110111011
01101111111011110100011010100100
00000000001111011001010101110111
01110100011111110001110000110111
00000000010000100001010010110001
11100000010010110011110001101110
00000000011011110010000011000000
11001011111101011001110000110101
00000000000010000100100010111010
01100100000100001100000000100100
00000000000110001100001011100010
10110010110101110011001011011001
00000000001000110000100011001101
11101011100101101000111101011100
00000000011111001110011101001101
10110011000110011110010011000000
00000000000110011101100110010010
01011011011111100010111010000100
00000000000111010000001110101101
11001011110111000000101110110111
00000000010111100100100010111011
00110011111010110000011011100110
00000000010111010100100101001010
11000011100101001101100001110101
