01111111110000000000000000010011
01111111110000000000000000010011
01111111110000000000000000010011
00001001000010110000110111010011
00001001101100000000010001010011
00000000001000001000011000110011
11100000000010011000100101010011
01111001110000000010100010000011
01000001110111101000010010110011
11010111100100000010011000100011
00000001100001101101111010110011
00001000011100000000010111010011
00001000011000110000111001010011
00000000101110110000010101010011
10100001100001000001001011010011
01000001000110110000111110110011
10100001011110000001110001010011
01001000110000000000011110010011
01000001101000001000100000110011
01000001111011101000111100110011
00000000110010100010101100110011
00000001110010011001001010110011
00000001110111111000110101010011
11111001101000000010100000100011
10100001100000000010111000100011
00000000111011110000000111010011
00000001001010011010101010110011
00000000001001011101001010110011
01010000100000000010010100000011
00000000010111010001000010110011
00000001110011010000100100110011
01100011010000000010000110000111
10010101110000000010000100000011
11101001010000000000001010010011
11101110010000000010010100000011
11101000000000000010010000000011
11001101110000000010110100000111
10001010000000000010001100000111
10111110110000000000001110010011
00000000001111011101101100110011
00000001101110110101000110110011
01100011000000000010101000000011
00000000100000111010100000110011
00000001101010101101111100110011
00001000010100011000111011010011
00001001100011111000011111010011
00001110000000000000100000010011
00000000001100100010101110110011
10100000001101010001101111010011
10100001111000110001011011010011
11100000000010011000111101010011
01000000011110101000001000110011
10100000001001010001000111010011
11100010111100000010100000100011
00000000010100010001101000110011
00000000000110100101101100110011
00111110110000000010110000000111
00001001100000001000010011010011
10110001111100000010000000100011
11001000000000000010100100000011
11100000000011001000101001010011
01111111000100000010001000100011
00000001010010010000010011010011
00010010000000000000100010010011
10000011010000000010101000100011
00000000101011001010111110110011
11101000100000000010001100000111
11100000000000100000001101010011
00000001110001000101100110110011
01010011111100000010000000100011
00000001100001110000111100110011
01000001101111100000110100110011
11100000000000110000001011010011
11100000000010010000100101010011
10100010100100000010111000100011
00001101010000000000100110010011
00000001001001011010000010110011
00000001100010111000000010110011
00000001001001010001101010110011
00000001001011100010110110110011
10100000110011000001010001010011
01000000010110001000101010110011
00000000001000010000000111010011
11001111110000000010110100000111
11010011110000000000011110010011
10100000000000101001000011010011
00001001110001010000101101010011
01000000101000011000000110110011
00001001010001100000111101010011
10001010000000000000111010010011
00000000110111110000010100110011
00001000010011011000011001010011
00000000010010110000100001010011
11111001110000000000010000010011
00000000101101111101100000110011
11100000000010101000100101010011
00000001100001011000010111010011
10111110110100000010110000100011
00000000100000000000001010110011
00000001011101000101010110110011
00000000101110010000100100110011
00000101110000000010010100000011
00000000001110110000010111010011
00000000101011101000001110110011
10100001000000000010001110000111
01000100110000000000111010010011
00001001001001100000111111010011
00000000110011000000011110110011
00001011000000000000100110010011
10010010001100000010001000100011
00000001100001000000011011010011
00000000100111111001000100110011
00000001010101101010000100110011
01000001011000000000110010110011
01101000100000000010011000100011
11000011100000000010110110000011
00011000101000000010001000100111
01100110110100000010000000100111
00000001000011110000110110110011
10000101100000000010100100000011
10100000100000000000010100010011
00000001001101111000101001010011
10100001110111000001010101010011
10101001000000000010101000000111
00000001000000000000100000010011
11100000000001000000110111010011
00101011110000000010011000100111
00000001101111111001110010110011
00011000110000000010000100000111
00000000110100000000110000110011
00000001111000010101011000110011
00000001100110110000111101010011
11100011110000000010111010000111
00000000000000111101000100110011
00000000000101100000100101010011
00000100100000000010001110000011
00000000000101011000000011010011
11100000000001111000100111010011
00000001110010000000111000110011
01010111000100000010110000100111
11101000110000000010000100000011
00000000101000110001101110110011
10100000101100101001111101010011
00000000101001101000010011010011
01011101110100000010000000100011
01000001111001101000011100110011
00000001100110001000110101010011
00100010100000000010111110000111
01000001110010100000101110110011
00001000001111110000110111010011
00000001000010000000100010110011
11011011010000000010010000000111
00000001110100110010101110110011
11100000000011010000100011010011
10100001011110000001110101010011
10100000111000110001001101010011
00000000110100010001010000110011
11111000010000000010111000000111
00000001010100001010000100110011
00000000010111101101010110110011
00000000010101001000010011010011
00000001100001000010010100110011
00000001111001000010010010110011
11010101100000000010101100000011
00000000101110010001100110110011
00001001010010011000101101010011
00000001011101100010011010110011
00001001000111100000001011010011
00001000111111100000101101010011
00000001110100100000010101010011
00000000011101111000011110110011
00110011100100000010011000100011
00110101100100000010010000100111
00000001100011101000100011010011
10100000111010000001011011010011
11001101011100000010000000100011
00001001000011000000001101010011
00000001001001101010000010110011
01111111110000000010011000100011
11110100010000000000111100010011
00000000100111010000101100110011
00000001100111011000110110110011
11110100101000000010110000100011
01110010001000000010101000100111
10100000101110001001000011010011
00000000111011001000101101010011
00000000001001111010110100110011
00000000111100000101011010110011
00001001010101100000010011010011
00000000111101010010011110110011
11100000000011000000011001010011
00000000011100101101100110110011
00000000010000110101110110110011
01000001110110101000011010110011
00110111110000000010001000000111
11110000110000000010000100000011
00000001000110110010100110110011
00001001000010010000010101010011
00100100000000000010010000000111
00000000001000101101111010110011
00000001001111111101010100110011
00000000000010110001011100110011
01000001100000010000110110110011
10001010010000000010110100000111
10100001110001000001110101010011
11100000000001000000111001010011
00000000110001101000001101010011
00000001100110110000111010110011
00001001011001000000101001010011
00000001010111000101111100110011
11100000000010011000101011010011
01000000001001111000110100110011
10100000011101001001111001010011
00000000110111110000100011010011
00000001000100110001001000110011
00001000011011011000111001010011
01000001010011100000011100110011
00000001000011110001100000110011
10100110010000000010000110000011
10100001010011000001111101010011
00000000110011001101101010110011
11011000100000000010011100000011
10000011110000000010000000100111
10100000111010100001101101010011
01000001111011111000001110110011
01000000010110011000001010110011
01010100010000000010001000100011
00000001010000111000010110110011
00001000001011011000010101010011
10110010000000000000101010010011
10001101010000000010101000100011
10001000000100000010100000100011
10100000110001000001110011010011
01011011100000000010000100000111
00000000111001111001011010110011
01100111100000000010000110000111
00000001110010001001001110110011
10100001010110010001000011010011
10001010000000000000110100010011
00000000100101110000010011010011
00001000101111010000100101010011
00101101010100000010001000100011
00000000101111000010011000110011
00110110010000000010101100000111
00000000111111110000111001010011
01000101010000000000010100010011
00000001001100110010110010110011
00001111101100000010110000100011
00000001110011101000100100110011
01000001010010101000110000110011
00001011000000000000110100010011
00001001001010010000101001010011
11100000000010010000101001010011
10000100100100000010011000100011
00000000101001011000110010110011
11100000010000000010110000000011
10100001001110010001110011010011
01110000101000000010111000100011
11001101011100000010010000100011
10100001011010010001000011010011
00101101110000000000110100010011
00100001101100000010000000100111
00000000101110010010001110110011
00000000101100111101011000110011
00000001001101100101001100110011
01110110100000000000001010010011
10100001000111111001001011010011
00111100100000000000100010010011
10000011000000000010111000100011
00011100010000000000100000010011
00000001110000010000011010110011
00000000001001101000000100110011
00110001110000000000010110010011
00000001101100100001001110110011
00010100101000000010011000100011
11110001101100000010100000100011
10111101100000000010000110000011
01000001110010010000010010110011
00001001010011001000100101010011
00000000000100101101110110110011
11100000000010000000010011010011
00000000001101000000000010110011
10100000101111110001001111010011
10010011100000000010011000000011
01000001101101011000010110110011
10100000000100010001110111010011
10100000110111111001111101010011
00101110000100000010001000100011
01000001111101100000011100110011
01000001011110100000111010110011
00000001101001001101011110110011
11100000000001100000100101010011
11011101000000000010000110000011
00000000001100010001111000110011
10100001010000100001101011010011
00011011010000000000101010010011
00001101010100000010001000100011
11100000000011100000110001010011
00000000010110100001010000110011
00001101110000000000101000010011
00000000111000101000001000110011
01000000110101000000011010110011
01110011011100000010111000100011
00000001011000000010011100110011
10100000010011010001110001010011
11001011010000000010010100000011
10000111010000000000010010010011
00001000001011110000000101010011
00000000101100001001000100110011
00000000101000011010100110110011
01000000011111100000110000110011
00010000110100000010001000100011
01000001101111010000000100110011
11100000000010100000110001010011
11110110100000000010100010000011
11000101010000000010000100000011
00000001011001001000100110110011
00000001010100001010000010110011
10010110101000000010100000100011
00000001010010111000000110110011
00000000010000110001101010110011
11110011100000000000111100010011
11100000000000101000110011010011
00000000010101110000111101010011
01000000011101111000111110110011
00000001010101111000100000110011
10100110111000000010110000100011
00000001000101100000011111010011
00001110110000000010111000000011
10100000001010111001001111010011
10000011110000000010101000000011
00000000111000000001111110110011
00000001100100100000010110110011
00000001111011011001011100110011
11100000000011001000010101010011
01000000100110111000001010110011
00001001001100001000011001010011
01000000110100101000100100110011
00001000100100110000100101010011
00000100010000000010101110000011
00000001111101011101010100110011
00000001100011111010001110110011
01110110010000000000000010010011
00000000001000000010111110110011
10000101010000000010011000000111
10100001000100101001010001010011
00000001111001110101011100110011
00001000100101110000000011010011
00010001011000000010101000100111
00000001111101010001101110110011
11100000000001100000010101010011
00000000010111100101000100110011
01111001110000000010000100000011
10100000110101100001000101010011
01000000111101000000111110110011
00000001011111001000110101010011
00100010110000000010010000100111
00000000110000111101110010110011
00000001100011111010100010110011
01010011000000000000001100010011
01011111100000000010111000100111
00001001011101100000001011010011
00000000110110100001001110110011
01100011100000000010000110000011
00110101110000000010111110000111
00000001100000100000011110110011
00000001100110000000111110110011
01110111100000000010111100000111
00000000101110110001011010110011
01011110010100000010011000100011
00110010101100000010100000100011
00011101001000000010000000100011
00000001011010010010101010110011
00000000100010100000000010110011
11011010010000000010110000100011
00001000011111000000001001010011
00001001011001110000111011010011
11011100100000000010110100000111
11101010011100000010011000100111
01000001100000100000101110110011
10001111100000000010100100000111
01000000111001000000101100110011
00011110101000000010011000100111
00000101110000000000111010010011
10100000000010110001001011010011
11100000000011111000001011010011
00000001001000101010101100110011
10100001010110011001010011010011
11100000000011101000111101010011
00000000000111111010101100110011
00000000011100001000100011010011
10100000000111001001001101010011
10010010011000000010110000100111
10010000000000000010110000100111
10010011000000000010100000000111
00000001010000100010000110110011
11100000000010110000001011010011
00000001100110011000001010110011
00000000101001111010100010110011
00001001010101000000000101010011
00000001010111100000110010110011
11010000111000000010100000100111
00000001001111011010110110110011
10100111000000000000011110010011
00000000001000100001111100110011
10100000100110100001110011010011
01011111000100000010101000100011
10111010110000000010110000000011
00001000111101111000001011010011
00000000000010111000111011010011
01000000101101011000110010110011
01000001011101010000010010110011
00000001001011010010110100110011
01010100110000000010010110000011
00000000110000101000010101010011
00000000110010001001111110110011
00000001001011000000001000110011
01000001101100110000110010110011
00000000010111010010000010110011
00001000111111011000111001010011
00000000110101000101110000110011
00000001010000001101011110110011
10100000101101000001010001010011
10100000110111100001010001010011
11100001111000000010100000100011
00101000010000000010111100000111
00000000110110111101100000110011
00000001011000100001101000110011
00000001001000100001011110110011
01000001110000010000000010110011
11100000000000110000100101010011
00000000000101110000001011010011
01010111101100000010000000100011
00001001011001001000010001010011
11100000000001000000011111010011
01110110100000000010010000100011
11010011000000000010100100000011
00000000110100000001111100110011
00000001001100101101100010110011
00010101000000000010011010000011
00100100100000000000111110010011
10100101010000000010010000000111
00001000010100000010011000100011
00000000010101010000001111010011
00001000011000010000011011010011
00000000101110100000101100110011
00000000110100101000010100110011
01000001001100111000111000110011
10111001110000000010011000100111
00000001011100010101111010110011
00000000010110010000001000110011
00000000110110110000110001010011
10010110010000000000010000010011
01000000001100101000010100110011
00111001110000000010100100000111
10100011100000000000111010010011
01000000001110011000100010110011
00000001111101011000000011010011
01000000010010000000111110110011
01100101100000000000011010010011
11010100110000000000111000010011
00000000010010000000011010110011
00101010010000000000100000010011
00000001111101110010101000110011
00101010110000000000001110010011
00000000111010000000011010110011
00000000100110010101011100110011
10100001010110010001000111010011
00001001110111000000000111010011
00000000011001011000101000110011
00000001111110000000111110110011
00101110000000000010000110000111
00001001101111101000011011010011
10000011110000000000111100010011
10001011111100000010110000100111
01111101000000000010110100000111
00000001101101010001101100110011
01001111100000000010111100000011
00000000001101101000101110110011
00000001101110110101011110110011
00000000000100110101100100110011
00001001000100011000001101010011
11010100110000000000000100010011
11010010010000000000111110010011
00000001110101001101010010110011
00000000101010110000101010110011
00010000100000000010100110000111
00001000111000111000110101010011
00000100010000000000001010010011
00000001010011111001010110110011
01000000110000000000001100010011
00001001101011000000000011010011
11101010000000000010101000000011
00001011110000000010010110000111
00000001011101110000100101010011
10101000010000000010101110000011
00000001111000011010110100110011
11100000000011000000010101010011
01000000001001011000110000110011
00000000100111100010101010110011
00000000010010000010011010110011
10101010010000000000010110010011
01000001100010101000101110110011
00000000110110011000010000110011
00010010110100000010101000100011
11111011100000000010010000000011
11001100100000000010001000000111
10010111010000000010111010000011
10100001001100101001010001010011
11100000000000001000111111010011
11100000000001011000001001010011
00000001010000111000111011010011
00000001000001001000111010110011
10010000000000000010010010000011
00000001011101100000100000110011
01000001110111001000010100110011
11011010111100000010001000100011
00000001100001001000110111010011
11100000000001110000011001010011
10001010010100000010111000100111
00000000011111100001101000110011
10111001110000000010011000000111
00001001010100001000111111010011
11100000000001011000100001010011
01011001000000000010011100000011
01000001110001001000110100110011
10100000101001011001111111010011
11111101110000000010101100000111
01111110011000000010010000100111
10101001000000000000100100010011
11110001000000000000100010010011
00011101000000000010110100000111
11010111010000000000110000010011
10100100001100000010100000100011
00000001010010011000000101010011
10101101110000000010101010000111
00001001101110111000110001010011
01000000010000100000110010110011
00000001110010100101100110110011
00001001010111100000010101010011
10100001010010001001001011010011
00000000110111101000110111010011
10100001111110010001110011010011
10100000110001000001011001010011
00110100110000000010000000100111
00000000100000100001101010110011
11100000000000000000110001010011
10100001110101100001001101010011
00001000001110011000010011010011
00001000101001111000011101010011
11100000000000010000111001010011
00000001110000000001110010110011
00000001010101100001001010110011
00100111110000000010000100000011
01000000101110111000100100110011
00000000110111010010010010110011
00000001101001000000110000110011
11100000000010111000111111010011
00000000100011000000000101010011
11010101100000000010010100000111
01010000110100000010100000100011
01000001100100010000010110110011
00001011101100000010001000100111
10100000111100010001110101010011
10100000000000101001101101010011
00000000001010101101111100110011
00000001001101110001101110110011
00000000011010111000010100110011
00001001000111001000011001010011
00111110100000000000011000010011
00000001000011101000101000110011
01001001001100000010111000100111
11100000000000101000101011010011
00000001100101011001111110110011
01010110100000000010000000100111
10010100010000000000000100010011
00000001000101111000000011010011
01000000000010101000111000110011
00000000011011010000001010110011
11100100011000000010111000100111
11100000000001010000100101010011
00000000011100110000000111010011
00001001111010010000110001010011
00000001110011010000100001010011
11100000000001111000001101010011
00000000000001100001100100110011
01111110110000000010100110000011
00110001010000000010011010000111
00110111100000000010101110000111
01000001000000000000001000110011
00000001010000001010010000110011
10100000010011011001001011010011
10100001101000000001100011010011
00001001111010000000110011010011
11111101000000000010110010000011
00001000100010001000110101010011
11101110001000000010101000100111
00000001000000011010100110110011
00000000100010100000111101010011
00000000001001101001101100110011
00001001000111001000001111010011
01111110110000000010100110000011
01010100101100000010111000100111
10100000001100001001101001010011
00100000010100000010010000100011
11111111000000000010010010000111
11001100000000000010101100000011
01000000000011111000100110110011
00011110100000000010000000100111
10100000010001101001110001010011
01000000111100100000100000110011
01000000010001111000001000110011
10100001101111101001110011010011
00001111011000000010110000100011
00000001010100101000100100110011
00000100100000000000000100010011
00000000000000001000010011010011
11100010010000000010010100000111
00100100001000000010100000100011
00000001100100111000111001010011
00000001011110000010100010110011
11100000000011001000111101010011
00001000011011000000011111010011
10011010111100000010001000100011
00000001111000101101111010110011
00000001100011100010110100110011
11100000000001001000000101010011
11100000000010010000010001010011
00000000110100101101010110110011
01000001111010101000110000110011
01000001001011100000110000110011
10100001010111011001010101010011
10001100001100000010100000100111
10100111011000000010010000100011
10110000100000000010100110000011
11100000000010101000101101010011
10001011110000000000101100010011
01000001110011001000100010110011
01010110000000000000010010010011
10100000000010001001100011010011
00000001111011111001011010110011
01010001110000000010010000000011
00000001101011011001011010110011
00000000000101110000111100110011
00000100100000000000110000010011
10101100011000000010001000100111
00000000000010111010000010110011
11100000000001101000001101010011
11100000000011110000111011010011
10100000000001011001100011010011
10100001010110111001111101010011
00000001111111011000101001010011
11001111101100000010001000100011
01111001001100000010110000100111
11100000000000110000110101010011
01011110000000000010110110000011
00000001010001101101110010110011
00000000100101110101110100110011
00000001111111101000110100110011
01000100110000000010110000000011
00011110010000000000111010010011
11010111110000000000000110010011
00000001100000001000000111010011
00000000001001010101100010110011
01000000011111111000010100110011
00000000101100001010111100110011
11001111111000000010101000100111
00000001110010101000100100110011
00000001010110111001001100110011
00000001001101011010000010110011
00000000011110001010001110110011
10000001000000000000100000010011
01000000011000110000011100110011
11011101100000000000100000010011
01000001100100110000001100110011
11010101111000000010100000100011
11101001110000000010101100000011
11100000000001110000110111010011
01000000010011110000011010110011
00001000111000100000011001010011
01011101000100000010110000100011
01000001100011111000100110110011
01000111010000000010001000100011
01101010000000000010100000100011
00000000011110001000110110110011
11110001110000000000111110010011
01000001111011010000000100110011
00000000111110100101110000110011
00001001011000101000101111010011
00000001001010100001000010110011
11100000000010110000110011010011
00010001100100000010100000100111
00000000100001110000001110110011
00010001110000000010010100000011
00001011000000000010111000000011
00000000000110111001010100110011
00011100100000000010101010000111
11101011010000000010010000100111
11100000000000010000111001010011
00101111010100000010110000100111
10100100010000000010100010000111
11000101010000000010010100000011
10100000010011001001100011010011
11101101110000000010001110000111
10100001101101100001010001010011
00000000001100001010100100110011
00001001111001011000100111010011
00000001000100011001110110110011
01001001110000000010101010000111
10100001000100011001001011010011
00010101010000000000001110010011
00001000011101110000111001010011
11100111010000000010101010000111
00000001011111100000011101010011
10100001100111101001001001010011
10100110001000000010100000100011
00000000001011000000101101010011
10100001000010111001000011010011
00000000010110111010100000110011
00001000010101001000000011010011
01001101110100000010100000100111
00001000100011011000000101010011
00000001100100001000011010110011
11100000000011110000010011010011
00110110100000000010100000100011
00000000001000000000101000110011
00000001111101000001000010110011
10110011110000000000111110010011
01000000000110001000110100110011
00000001111001111000100001010011
11101111110000000010000100000111
00001001110000000010111100000011
00000001101100001010010100110011
00000001101110101001111100110011
10100001001011100001101111010011
00000001111000110001110010110011
01000001010010000000111110110011
00001000100000100000001001010011
00000001010100011001100000110011
00001111000100000010101000100111
01000000101100110000100010110011
00000000110010011010111010110011
10011110001000000010111000100111
00000000101101011000101111010011
00000001011011001000011101010011
11100000000000101000100001010011
10100111110000000010010100000011
10000100110000000010000110000011
11001110100000000000111010010011
00100100010000000000011100010011
11001000111100000010100000100111
00001000110110110000000101010011
00000100010100000010101000100011
10100000110101110001101001010011
11110011110100000010000000100011
11101110001100000010010000100111
00000001111010111001100010110011
11100000000010100000011111010011
00001001000101110000110101010011
00000001000000001101110010110011
00000000001001011101001010110011
00000000000001000000011001010011
11000101110100000010110000100011
10100001101111100001010111010011
00000000001000100000001001010011
00000000100011000000001010110011
10000010010000000010011000100111
00101010000000000010011000100111
11110110010000000010011010000011
00000001011111011010110010110011
00000001001111100001010100110011
00110110100000000000001010010011
10110001101000000010000000100111
00000001101000000000011000110011
00000000111110111010001000110011
10100001001011111001110001010011
00000001011110000010101000110011
11000001011100000010010000100011
00001001010110010000110111010011
01101000110000000010011100000011
01001000100000000000010110010011
10111100001000000010101000100011
11010000111100000010110000100011
00100110000000000010101010000011
10100000000110100001100001010011
00110010010000000010001110000011
00000001000010010001000110110011
10100000000000100001000011010011
01011100100000000010011010000111
11000111110000000010000100000111
01001101110100000010111000100111
01011001010100000010000000100011
10110000010000000010010000100111
01001000110000000010100110000011
00000001101011111010110110110011
00000000101000101000010111010011
01110101110100000010010000100011
01101101100100000010001000100111
11000100100000000010010000100111
00000000001100101000011110110011
00000000111000101010100000110011
11100000000001110000011001010011
11111111010000000010110010000011
00001001000010010000000011010011
10000101101100000010010000100011
00000001110111011101001100110011
00000000101000111101101000110011
00000001011111110010110100110011
00001001100101001000110111010011
00001101110000000010111000100011
00001000000000111000011111010011
00000001011110110101111110110011
10100101010000000000111100010011
00000000010100000010000000100111
00010011001000000010011000100011
00000001001010100001111110110011
10100000100101001001000111010011
00000001111111010000000100110011
10110110010000000010100110000111
11010110000000000000011110010011
11100000000000010000110011010011
11100000000011001000100101010011
01000000001101000000001000110011
00000001101010011000010111010011
10000111100000000000100000010011
01001100100000000000011100010011
00000001100001101000011001010011
01000000111000010000010000110011
11100000000010111000110111010011
11000011100000000000101010010011
00000001100000011001110010110011
00000000010001001000010100110011
11100000000011011000111001010011
01010001100000000010011010000011
00000000011000110000110100110011
00000000000110011101010000110011
00001001011111011000101001010011
00000000100011010010000010110011
11100000000000010000011001010011
00000000101001011000110111010011
00000001101101000001011000110011
11100000000010100000111001010011
10011101010000000010000010000111
11100000000001001000110111010011
10100001000111011001000101010011
01000000011101011000101000110011
11110110010000000010110000000011
00100011101100000010011000100111
00000001001111111000110110110011
00001100100000000000100110010011
01000111110000000010011010000011
01000000000100000010100000100111
00000001011011100101001010110011
00000000100001000000010100110011
11100000000000110000010001010011
00000000011110011000110010110011
00001001011101010000001001010011
00001000010110101000000111010011
10100001010101010001110001010011
00000001010001111101110100110011
11010001111100000010111000100111
10100001101101111001000011010011
10101010110000000010100110000011
01000001111101010000110010110011
00000000011000111101001010110011
10011000010000000010011110000111
01101000000100000010111000100111
00000001111001011000010111010011
01000001010001100000000010110011
00000000100101111001010100110011
11100000000011010000000111010011
10100001001001000001110011010011
01000000000010110000000010110011
11000100010000000000101110010011
00000001101110101010001000110011
00000000110000011001011100110011
00001000110111111000110111010011
01110010100000000010010000000111
10111111100100000010011000100011
00000000000101100000010010110011
00000001100010001001101100110011
00000000000010001000010010110011
11010010010000000010110110000011
00110110000000000010101000000111
00000000011000100010111000110011
00001001001000011000101011010011
11011110000000000000111000010011
00001000000100110000100101010011
01101100000000000000101110010011
00000001010010000101001010110011
00000001011010001001011010110011
11110001110000000010010110000111
10100000110010100001000111010011
00000000111111010000110000110011
00000000111111011101001000110011
11100000000010100000111101010011
00010010010000000010011000100011
00000000111110110001011010110011
00000000110000110000010011010011
00000001011101110101011000110011
00001111100100000010011000100011
00100100000000000010000010000011
10001111100000000010110000000111
00000000111110010000001000110011
00111010100000000010010000100111
10111100110000000010100110000111
11100000000010101000010111010011
00001001000110001000001011010011
00001000111001101000110001010011
10100001010000011001110001010011
00000001011011101010110100110011
00001011100000000010100100000111
01000000110000000000100100110011
10010010010000000010101000100011
00000000101010100001001110110011
10100001001111011001001111010011
00000001111110100010001000110011
10100000101111110001111011010011
00000001100011110001011000110011
00000001011101101000010001010011
00000000010100011101100110110011
10111100011100000010011000100111
00000001000001010001101100110011
01000001011011011000011100110011
00000000011000100001110000110011
00000000001111010001011000110011
00000001011001000000001111010011
00000001110000001101001010110011
10001000111000000010011000100111
01011111000000000000001010010011
00000001110101111010110110110011
10100111000000000010001100000111
01000001000010011000011010110011
10010011000100000010100000100011
00000001111101000001111110110011
00001000101100010000111011010011
01100111010000000000001010010011
00000001010011100000111010110011
10100001010000011001111001010011
01001001010000000000110000010011
00000001011100010000100001010011
01101011000100000010111000100011
00000001100100001001000110110011
00100111010000000010001100000111
11100101000000000000110010010011
00000001011101011001010010110011
00000000001101011000001010110011
00001000000110011000000011010011
10111101001000000010110000100111
10100001011111010001011011010011
10100000110001010001111001010011
00000000100110110001101110110011
00000001010011010001101100110011
00000000110010100101101000110011
00000001010110100101001100110011
10100001111000000010100000100011
11001000100000000000000110010011
00000000001110000000100101010011
00000100010000000010111100000111
00000001110111011101101110110011
01011111100000000000101000010011
00000001001010001000011000110011
00001001100111111000001111010011
00000001100010100000001101010011
00000001100101100010010100110011
01000001001010010000000010110011
00000000010101100001111000110011
00000000001101001000100110110011
11100100000000000010011000000011
00110101000000000010000010000111
00000001010010101010100100110011
00000000110111010000111011010011
00000001100110000000111000110011
00000001001111001000000011010011
00001001010101001000110101010011
10100000101011011001000111010011
00010010000000000010100110000011
00000001010011011000000010110011
11100000000011110000011011010011
01000111100000000010000100000011
11111001111100000010000000100111
01101101111100000010100000100011
11100000000010011000111111010011
01100001110000000010100000000011
00000000000100011010010100110011
11010010001100000010110000100111
01011000110100000010100000100111
00000001110000111000110111010011
10100110010000000010111100000111
11110111100000000010110000000111
00000000100100100101000100110011
11100000000000100000001011010011
01000001111110000000001100110011
11110101110000000010011010000111
10011110010000000010001110000011
00000001100000101000001110110011
00000001001101001001011000110011
10100000011100111001111011010011
00000000010110100001001110110011
00000001101100100001100000110011
00001001100110010000110101010011
01000001100000000010000110000011
00000000010000100001111100110011
00000001010010101000011101010011
00000001101101111000011011010011
00000001011011000010000010110011
10011100000000000010000000100011
00000000010001101010010010110011
10100000100010011001001001010011
00001000001000101000010111010011
00000000111101100010101000110011
00000000101001111010111010110011
11000111100000000010111000100011
00000001000100011101111110110011
00000000001001001000100111010011
00001001010110110000011001010011
00000100110000000010010110000111
10100000001101100001011101010011
00000001111011010000101001010011
00000000101110010101110100110011
00001001100000001000011001010011
10001011000100000010101000100111
11100000000011111000100111010011
00000000000000000000000001110011
00000000011101110111110100010100
00001000100100000100110100000000
00000000000110011100011110101101
11010001110011001100011011000111
00000000001111000100100001010101
01010110000000111001000011111000
00000000011011000000110001000111
00010001110100101011100000010110
00000000001100111110110101110100
01010110001000000010101110001111
00000000010010101001110000000010
11110110101001011110011100100001
00000000000001101010101000010101
10001011110000111001100101001100
00000000011101001110011010010111
10000001101111001000010111110010
00000000011000001111000101111100
00011110010111011001100010100111
00000000000011110111110000010010
10000011111011010101111001110101
00000000010101101111010100110100
10100010000011010110000010010111
00000000010010011111110000110111
10011010010101100001001010010100
00000000000101111100011101010110
00000011011100111101000001100011
00000000000111001000000001001101
10101010100111101000110011000110
00000000010100000111111100010101
01000101010000001110101001010100
00000000001110101011011010010110
10001101100000100011010010110010
00000000011010000111100101101111
10011111100110001101010110010111
00000000010101011010001101101111
00100110010011100011001101111101
00000000001111111111110001011000
10101001100110101000000000011101
00000000010001101011111100111000
01110001111111110000001101000100
00000000001000111110110111111110
01101011001001000111111101001000
00000000010100101100100111001101
11001001101011000101111100100011
00000000011010110101000111110111
01110111001001101011010000010101
00000000000111101110011001000011
10011101111000111000111110000100
00000000000100011001100001010100
01000111111011001101001000110100
00000000010111100010001010000001
00011000010010010011100111111011
00000000011110111011101000100011
10100111010000111010011111111000
00000000011101101010001100001101
01011001000011100011001000111011
00000000010101111011100100110010
00001010011011001101011011111111
00000000010011101110011010111000
00000011110101101001000111100001
00000000011010001110111111100110
01111100001110101111001111101001
00000000011010110010000100010000
00101110011000000111110011000100
00000000001011101000010100101001
10001011101010010010110110001100
00000000011011001101111111010110
00000101100111000011111110101101
00000000000111000110001010100111
10110000011100010001111100111000
00000000010100111100101010011010
10111011100000010110100101010000
00000000011010110011010010010011
00101110100111101110001100110100
00000000010011011101010011111010
10011001111000100100110011110101
00000000011100111110000001100010
01001000001100100011101001001010
00000000010011000111010010000010
10101101011111000011111000101100
00000000001000100011101000111111
00100110111000000100000111111011
00000000001010011100010011101001
10111101111110100001110111101001
00000000001110111100000001101111
01111000100111000011100101100110
00000000011010101100101100110110
00000111011000110110100100000110
00000000000111010101000001000010
00010011010011110000010000011010
00000000000010100011110111100111
10000001101010100011101101100010
00000000000011101110000001111011
10101000011101100000111001111001
00000000011100000010001000000111
01111110101000001100011011101001
00000000011000010110110000000010
10001010101111000101101001110011
00000000010011011010011101000011
01000001100101110101010010010101
00000000010111010100011100011111
11001010100000011011100010001000
00000000010000011001110111001100
00011000011011100011111111101100
00000000000110010110001001011000
00011001010100010001000111111101
00000000010000111001110001011110
00111100111101100011100001110000
00000000011000000001111000111111
00101000100101110010111000111010
00000000000101110101110101011101
00000000101000110111100011001110
00000000000110010001111110100110
01111011000100000100001111110001
00000000010110101000010010010111
01010000000110001101100000011110
00000000011001011100011010000111
01111110111010101010001110101011
00000000001011011001100101011011
01101101101010000000101101100110
00000000001111110100001110001100
00011001000110001110001111111100
00000000010001000011010000100001
01011011010001101100010000011000
00000000011100111000001101010000
00100110000101010101110001000010
00000000011011010010110101011001
10111110110000000010100101110011
00000000011101100001001111100000
00010110100111000010011111110100
00000000010011010000101100001100
01000011111111000011111010010101
00000000000001000000001100011101
11101110010101001111001000100010
00000000000100001000010001010011
10100001101010011100101001001010
00000000010000000111000001010000
10010100010110100001101101001110
00000000000101000011100100000000
00010001101010111010010101001110
00000000010110111111111011001101
00101110110101101000111111001000
00000000011011010010110100001111
10010001111001110100011110110110
00000000010110011000101100000000
10011100001010111111110100000101
00000000010010100001000011101010
10000100111000101011100001111010
00000000000101111110110100000000
11000100110110110100010111101010
00000000001001110001111001111010
00110011000101001111100100011001
00000000001101111110110000100111
10100001010101011100001111111101
00000000011110100100100001111000
11101010000001011100100101001011
00000000001100010001010010111000
11011001100000000000000110011011
00000000010110100011101101010101
10000111011011100110011010100110
00000000010011011000101101111110
01011000100111001010100010101111
00000000011011011011101101111010
00010001000001010110110100011001
00000000000100001110101111111011
01010101101100110101000000001011
00000000000011100101001011100001
01011110101010100100000010001011
00000000001100101100100101100110
01111101101101011101010000000011
00000000011100001111100111101101
10101111111001101111010100001011
00000000011010001000111101001001
00101110010111111101010000101111
00000000010001010110001000011001
00011011110001000101010010011110
00000000000000000000011001111100
00011111110010010100110000101001
00000000001001011101011001001010
10111010100111001101011100100001
00000000000110000010001000110011
01100001010011011100111111011001
00000000001101011111110100000111
00000001111101100110110110011001
00000000011011011000000000001011
10100011101100000111011101101101
00000000000011011010010111000011
11110010110110111001011101101000
00000000001000100010001110100101
01110110100011101100100010100011
00000000000101011101010110011011
01101011000011001111101010101010
00000000011110111110111111000110
00100010111011111100010100001001
00000000001100110001101100011111
11100000110000111000100000101101
00000000001010101010101001000111
11100101001101011011100111111011
00000000011001010111101110000101
10000000010111010100010011010100
00000000001011101100110101001010
00001111111110010110110001001010
00000000010010011000100000110010
11011101001101010001110001101010
00000000010011001101100111110000
11111100010010100010101011000101
00000000001101100110010110011000
01011000110001111010000110100110
00000000001101000010110100011001
01101000000111100001101001011111
00000000000100010011101101011100
10100101101010100010000011010100
00000000011000110000111010101110
11111011101000000100010001010111
00000000001011100100100110010010
11111001000101101100111111110100
00000000001111011110010001001100
00101101100001011100000100011010
00000000011010011101111110111011
00101011010000100010100111101000
00000000011101011101101110000000
01011100010010000111000010001110
00000000011111111000011010000011
01001000001000011010101111100011
00000000011000111101100101011110
10100000001111101100000111010101
00000000011100010011101010011111
00101000110000111110011100111011
00000000011111101100110111101011
01101111000111000111001011111010
00000000010111101000101111000001
01111011100111101001010000101110
00000000010001000000100100110000
11010100011010010011101100100011
00000000011010000101111001010100
01100100000001001000001000100000
00000000011000101011011110111001
10101100111111101111001111001100
00000000011000110001011111111100
11100011111011101001111111010000
00000000011100000100101100000100
01011111011110001001011011110010
00000000000010011100000000110100
10011010000101000101100111011000
00000000010011001101001010011011
00000100110100001001010111100011
00000000011000101010000110110101
01101001100110111010101010000011
00000000001010000011011101100100
10011100101011011001111001000000
00000000000010101110011100111100
10101011101000010010110001101101
00000000000101111101100000000010
11001001100111000110000000111001
00000000001111001100001101000001
00100111111011110010011010011110
00000000001110001110100010100001
11111011001111110111010101011100
00000000001001111111011110110101
01001110111001101011001100111010
00000000010000111101000101100001
11010110011000000011010010111100
00000000000010111001010010011011
11001001001001000111111111110100
00000000001011011011000101101100
00100110001101001100101010110001
00000000000011001110100110010111
11011100110100001101001111000100
00000000011100110010010101010010
00111000100001111111100011101001
00000000010100011101100011110100
00001001110101001011011001011100
00000000010001111000101011110011
11001100001100101101101101000011
00000000010000010101111000011110
10110001000110011110100011100000
00000000011010001001111100001100
10001001000111011001110001001000
00000000010110001111000000100011
10111000100010011110101111010000
00000000000100001111101101010001
10101100110011001100000010011101
00000000010111110110101011100101
00010000110000001001100001010011
00000000000011100000001100100001
11101010111111110110111111010010
00000000010000010000011100111001
11111010000101101010011010101010
00000000011100000011101111111101
01100101001101111101100101001100
00000000010011101110110111001001
00101010011001001100111000111010
00000000010010101101001110001101
10110011000011000010100010111110
00000000000111111001111010101010
01110010011101010001111101001110
00000000010011101111000010101010
10111100010110110101100100110110
00000000000100110110010111001010
11111110011111001011111100011011
00000000010101011110010010101010
01011001001000000100111111101111
00000000011111101001101010100011
11001000111110000110001010000011
00000000001100100100011001111001
11110111111111001100010000100101
00000000000010110111000010011000
01111011110110010011001100010101
00000000010110011000111100110111
01101111111110010000010001010000
00000000000010000011010011001110
10111111001011101010110110010000
00000000011110010011001010010100
00111100111101100000000101011001
00000000010110101010001100000000
11001110001111000111111110101101
00000000010010101101001010010111
00010001011001110011001011110101
00000000000111011011100011100110
11111010100111001011011101111011
00000000010110111111010110001111
10100011101001111100000010000010
00000000001101010101000101001010
11100101010000000101100101000010
00000000001111011111010100101011
01111100011100011100100100000010
00000000000000001110001110111101
00000011110001110010000001001100
00000000001000000001110001010100
10110101011000000101001111011000
00000000010110101101111111101000
00101010000010100110011001000100
00000000001001011110001011011101
00101100100100101100101111111100
00000000001011101011001000011100
10111100111111111111011010000000
00000000001111011111110111101100
11101100110000110110011000011101
00000000001011111000110111101100
10101010101111101101001111111101
00000000010111001000100110100010
11001011100000110000110101001001
00000000011110111100000010111111
00100110110101100100001010010001
00000000000010010011101010110100
01011001011010101111001110001100
00000000000111011000111110111010
11001110101101101000101100100000
00000000000011110010011001110010
11010010011110111010001100111010
00000000011100101110111010101010
10011100000010110010010100011011
00000000001100101110000001011000
10011111011101011111000111011001
00000000010100101010101010101111
11001100100011001111101110111110
00000000000101100011111111101111
11101101110111100001110100001111
00000000000000101011110100101000
10100110111111101011111111001111
00000000000001111011001001001011
01110100100001010110110011111000
00000000011001111100000111011001
10100010001011111100110111111001
00000000001110100101011100111101
10001001100001001101111100011000
00000000000011110010111000001100
00000000100101100011110000010001
00000000000111100101010100010001
11100010110111100000100010010001
00000000010101101110100010101000
00001110011000011010101000000100
00000000011110111000101001101000
11000010011010101101000010110100
00000000000000111010011001111000
00100110101010010111101011011010
00000000001100100110000110101001
11111100000011011011100100111100
00000000001010110100001000001000
11001000111010111001101010101010
00000000011000101110011010101010
01011000010101100101011110000000
00000000010111101010011101011111
11100111001110101011011010100110
00000000011000111010100000100110
10000010010111110110100001000110
00000000010101000000011100100100
10010000111110001100111110101011
00000000000101001100011000000111
01100110001010001110101010011010
00000000011001101010101000010011
01110011011111100001000010000011
00000000001011111110011001010110
01100110010111000000111101011011
00000000011110100000110101111100
10110100001100011111001011010010
00000000011010110001111101011010
10100000000110100011111010010000
00000000010110011101010000000010
10001000110100101100100000001001
00000000000100100111100101110010
11111010110001101000110011000000
00000000001010101110101010111010
11101011010010100111010100110011
00000000011011011110000010110110
10101001101110100100000101101101
00000000001001001100101001110101
00000100111110110011110110110110
00000000000110010111011001010111
11000000110111100010101101111100
00000000001110000010101110110101
00100101100111000111101001000000
00000000010010101101100011001010
01000010111111001000010000010000
00000000000011010000010100010110
00100100110100101111000000010000
00000000010001010001000010111010
10110011010100010101000110110010
00000000000110101000001001000111
10001111011101100111000001001010
00000000000001100101101101001010
11110000101110011101111101111010
00000000000110010100001110011111
11011001010011110111001001010000
00000000001111100101000001011011
00111110111011011111100110011110
00000000010001010111010111110000
10010001010011011100000000111111
00000000011010110011010010000000
10111000011101110101001000110001
00000000010001011000000011101001
01001110011100011101100000100001
00000000000000001100011001100111
01010101101101101011110001100111
00000000000101100101000100111100
10011101100001001110100001001101
00000000010111011011100111010100
10011101111110110110001101010111
00000000000101010000101010101010
00010010000001001011110000011110
00000000001010011101110001100011
11110011000001110101010111000110
00000000011111001101101101110010
00100100011011100101110001101101
00000000010001101101001010100110
00010010011001101010111010110011
00000000011101001111001000011101
00000110100110001100000111010101
00000000011011100101011001100111
10100110111111100001000101111001
00000000011111110110000101010111
10101000111111011001001011100000
00000000011001011100111111101111
11100010001110111100011110100111
00000000011001111100010001011101
01010110101111001011100001010011
00000000010001000101011011011001
00001010111010111101100101111001
00000000010000101110100111000010
11100000010110111001010001101000
00000000001001111101010011100100
00110011110011010001110011000011
00000000000101101100100011101100
01010011101110000001001000101011
00000000011110001011110000010110
10110010110110111001110001100100
00000000000010011001010111111011
01001101001011010101011101001010
00000000001000101100111101101111
00000010000001101011010011001001
00000000000100111111101011111001
00100010001000010110110111011001
00000000011111110001001011101111
00101100000010100101000101010000
00000000011001101000111111011111
11101100110111001001111000111101
00000000010101110101110000111100
11010001100000101011101010001010
00000000000011000000110011101000
01111011000111101110011100101111
00000000011000000100011001110110
01100111010110011100000010100011
00000000010010001001010010111000
00010001101101101000011011001011
00000000000101111001010001110000
11101110110011001010011001100000
00000000001010111000110010100001
01010110100111001100101011101001
00000000010100000110101001011111
01111010101011000100011000100010
00000000011111110111110110010101
00010000100101110100100111010000
00000000000101101100100111001100
01000001011101010111110001100111
00000000001011100110111010010111
01010110001100101011011010000100
00000000010010101101000011001010
00101001101010011101001010100111
00000000011001010000100100000101
10100110110111011001011010101110
00000000011101111101010110000001
11011111001101100001100101101000
00000000010110110100011011010101
01000111001101000011101001010000
00000000000100110101000101011011
00010010001010011010110000011010
00000000010010000110100111010011
11101000101000001011011011010111
00000000010011100011010111010000
01010111100111011011000011111110
00000000010101100111011100100010
11101010100011011110010100111011
00000000011110101110100011011101
00001100110001011011101010111000
00000000010101101010110001101010
11000110101111001000100001001010
00000000001101010001001011100100
10011111000000101001001010100101
00000000000111110100100011000101
10010010101111111110100000100110
00000000011100000101001011001110
01000010000001100001110110101010
00000000010111011100001000010101
01110111010010110010010000110010
00000000000000011010111111011000
00001011010011101111101110010111
00000000001001001010010011000011
00111011101110100111100110000101
00000000000001111010111100000111
10001111000011111001011010010011
00000000001000110101110010011111
11010001110100100110101100101010
00000000001111000010010000110011
11011000000001101010010000001110
00000000011000100011111110011000
01001011110101100011111101000001
00000000011101111110110111100110
00000000100100000111101101010100
00000000000101111111111100101110
01100011000000011011001000010111
00000000001101001100101001101100
10010100000110010011000011011110
00000000010101010111101100000100
11101110100100110100001111101010
00000000001111010101000011100011
11011001010110110001100100000100
00000000001101101001101101111011
00000100010100011100111010110001
00000000011110101000111100101000
11111001100110011001010011111010
00000000011010101101111111101000
10010110010111011111101101000011
00000000001111010000011100001100
00010101000101100011000011001010
00000000000101110110001100011100
10001100010100011010010001000110
00000000010001100111111011011110
10000110110000110011001100110011
00000000010110111101000010000100
11110010100110111000011101111100
00000000001000100111101001011110
01010110111101100101000101110010
00000000010110100001011110001100
11001111111001001111010010001011
00000000001111100001111101100110
01011010101001001100101011110010
00000000011110110010000100001010
00100111110010110101010110100010
00000000010101111100001100010101
01111001111000111110000101111010
00000000010010010000110000101100
10011010101100100000000000011000
00000000011011100010011011011011
11111101110000110001111111100001
00000000000001000010000101100101
01010111011010001100100110101001
00000000000010000010001100110111
01011110100011000001101011101010
00000000001000010110101010100110
01010100001010011110010000111000
00000000001000010111110000110011
01111001110100111010101110001011
00000000001100010101111101011110
00101100101101100000110111011100
00000000000011000000110001001011
11111110001110100110011111111000
00000000010110101000111000000110
01101100111111111101010111011000
00000000001100100100111001011111
11110011000100101110100011010011
00000000000010000011001111101110
00010010100000110111001011011111
00000000010110011110001000101110
01001110001100010010111011110101
00000000001000000000011110001111
01000010001110001010111101011100
00000000000101000110000011101111
01110001010011001010011110001001
00000000001101101110100001101001
01001110101010000001110010101000
00000000010000110011000011111001
10110000010000100000000100000010
00000000000001110110100101110110
10010110100000111011101111101000
00000000001101100011001111100001
01111010011111110111101100010100
00000000001000011110010010010011
01110101011101111011101110101100
00000000001001011001011011001101
10101001001010001011001000100000
00000000001010110110100000111001
11011001001100001010101111000011
00000000000101011101000001010010
01110001010100010101011010110101
00000000011001011011101001001000
00001111111100111100100010111111
00000000001011101011010110001111
00010100000101101001111110101010
00000000011010101001101100101001
00100110101111111100010111110010
00000000001010001010110000000001
01101011011001100000010011001000
00000000000001000100110000101001
00011111011000101110000110001001
00000000011101010111010101110001
11100111010011000110101011011101
00000000001000101010101111001100
11011100101000011100111001101101
00000000000100011011011100010110
00101100111110001011101011010001
00000000011010010000011111000100
00101100010101110110110001101001
00000000010000001100100001100101
10101010101110001001011001001010
00000000011100011000111100110101
00111011111101100011111100100001
00000000010111100010101011010001
11110111111111101001100000111101
00000000001011011001011100000010
00101011010000000011011100010010
00000000001101100111001111010010
11101010100011010001101000110011
00000000011010001011101001101011
11000000011111000101101100100011
00000000011110101100111111110011
01000011011110011111100000100001
00000000011101000100100101100010
00111010001110011011010001001000
00000000001101110010010001110111
10111101110100000111111110100111
00000000011010010111100001100100
01101111101100011110101000011111
00000000001101000100111000110100
10011110000110101101011011010011
00000000000000110011011101110100
11110110111011111001101011101011
00000000010001101111111111100001
00111001010011000101101001101100
00000000011111000111111110010100
01100001110111001101010000011000
00000000000011010100111001000011
00001000110100100111010011010111
00000000011110001010000101111010
00110011011100010110111010011110
00000000000100000011000101111010
00011000011010100001111111000111
00000000000110011010100110010011
10010110100111100000000101010000
00000000011111010001100000010000
00001011001000000111000111011000
00000000001110001000100111000000
00110100000111001100101011100111
00000000011101110111110001100110
10100011110110110001000001100111
00000000000101000010001100100111
01110110010000111010110001010001
00000000000001011001111110100000
10001101010010000000001001111000
00000000000111110011011010111100
11001110100110000001111000111001
00000000001000101110111101000100
11101100001001100110101011111110
00000000011001111001010100101100
01100100010000011101011111101111
00000000001000000001001000001001
01111101011101000101010111010000
00000000010011001011100010101000
01011010101111010010100110010010
00000000011010111100010101100100
01111100111100100101101111001011
00000000000110110101000001101101
10000111101100110011110010111110
00000000000111001101010100011111
01110101010111101001000001111101
00000000010100110010000001111010
10100100110110111111010000111111
00000000010001001000000000011001
01100100001000011100000111001001
00000000010101010001111111111011
11011001011110100111110000000010
00000000010111100001100100010101
10010000110010101101010000101101
00000000011100011010011110100110
00100110100100000011001011011101
00000000000001101000010101110110
10101011010110110110010011100111
00000000011110001010110001011111
00101001111000111001011110101011
00000000011100101101010110001010
11001111110000110001101011000011
00000000000100010001100010100010
10100000100001101100010100011100
00000000001010100011111100011111
01111101110110000110100011011100
00000000000010111111101110011011
10101101000101010001000110100100
00000000011111010101111011010100
10000011111100101110110001001101
00000000001100110010101011010011
01000001110111110111011000010101
00000000011110101010110011011010
01011001010100010010001000111101
00000000000001011111010011001010
11010011100100011001010110101100
00000000011001011011011111111011
11101101000101110100111111010111
00000000011001110011001001101100
00000000010001100111001100011100
00000000011010011011100100010011
01111011000110001010111100010000
00000000001101000010011101100000
11100000100110101011001011001000
00000000001000010011011000001011
00110010101100010111000001110101
00000000010101001000101101110001
00001011000101000001011111000011
00000000000001010001111000101111
00111101010110111111101101000010
00000000010110000000011010100001
10110101111000010101101011100100
00000000000001110101101111000010
11010101101101110111010001010000
00000000001010000000110000000100
10100000111011100011111011101101
00000000011000000110000111001011
11011001001100000011100001110010
00000000010101001101111011101101
11010010001001001110110010110100
00000000000010101100001000111011
11010001111000111000111101010001
00000000000111111110110010100111
01111101000110100011000001000001
00000000010000100111000111001110
01010100110001100110010000111000
00000000000110010000100110110011
10111001111111001011011100010100
00000000001100001101110101000000
10001111011100010000111001110010
00000000001010100110111110001101
00111111000111100010101100011011
00000000011111001010101000000001
11111011010001101011011011010010
00000000011111100010010100000010
10100110111101101110100000100011
00000000011001000100010000100101
01011010100001110011110001111010
00000000000011101100001000110011
01100100101001010010100101000100
00000000011011000010111010011010
11001010000000111011100101010000
00000000001110001011100011001111
10100111011101011000001100100101
00000000011010000100010000010100
00100010100101110101101100100111
00000000010011111101100110100110
00001100011001110101001100010001
00000000010001001011001100101101
11101110111111101101110101011001
00000000000011100110010101100110
01011001001110001000110101110000
00000000011110001110110000001010
11001110110000110011101011000101
00000000000000101011111100011001
11110110110100000010001000100011
00000000010010100001010101011100
11000000001111100110010010010101
00000000011011101011001110011011
00111101110100111000110011000010
00000000011001001010111111100000
11111000111001000111101100000110
00000000010101110110010100100010
00111001001001010011001110111001
00000000011110111110111101001110
00000110000101100011111101100000
00000000010001101110010001111010
10110101110111110100110111111000
00000000011100010100101110010010
00100101000010010100010010101101
00000000000001110010111100001110
11000011100100010011110000011001
00000000011110001100011010110000
01110000111000011100011010001001
00000000001010010111100011011101
01011100011110001001000101000001
00000000001010110001001101101001
10101001100010100001111000101101
00000000010011111111100101010110
00001101010101011001100100001101
00000000000011001000001010101101
10100100011011101011011001001010
00000000011011101111111110001110
11010000010100100110110011011000
00000000011001000111110001010100
10001101100101011101111011000100
00000000010111111001011111010111
00101011010001101000010110111000
00000000000000001000001000101000
00010010001000010101010100001101
00000000011010111110010101101111
10101101010011111100001100100011
00000000001100100010000101101001
01000010000101111011100001010000
00000000000010000011101001110011
11001110011011011100111100010110
00000000011100110101011110010010
01011101010010100000010101011100
00000000010110111011101101010011
01101100111100111010111111101011
00000000010011111100001111100000
10100000101011111101101001101100
00000000001101111101101010001100
01001111000000000111110000100000
00000000010010010101110001000001
01011010101111101100101010001000
00000000011000101001100010111010
01111111011110011100011011101010
00000000010110010011101010111010
10101000111011001100010001011111
00000000010011001011010010110111
11000010010100100110111110110001
00000000010010010101111001000011
01011010011101011000011010001011
00000000000000111111110011110111
00010110110010111101111100111011
00000000010001100001100010100011
01010010111000101011011111111101
00000000001001100000000001111010
11010010000111010010100101011110
00000000010100010101111100010001
01000000111110101100101111001000
00000000001010011001100000110001
11100111110011001010101010111010
00000000001101001001011110100100
10001001011001000001110011110011
00000000001000010000111101011001
01010001100110000000110001001010
00000000000011010001010101110010
01011011100010110111111101100100
00000000001001001010110110110100
10101101110001111110001011111100
00000000000000110111111010111100
00100000101110001110100101011110
00000000001101010001111010001100
00010000000001000011000100001101
00000000001111011110000101111001
00100011100110010100000110110111
00000000000110010110110111100010
11111100000010100110101101011110
00000000001000111010010001010000
01100000011101100011011111100101
00000000010000101110010100101001
11010101011100001100100010101001
00000000010011101000001111001000
10111010000111100000000101101110
00000000001001100000011100111001
01011100011000101001010011101000
00000000001011000010100101001010
00111101011101110011000110001101
00000000011001010000101111001011
10101010001011011111010111111010
00000000000110000100101101001100
11001011110011111111111010000101
00000000001100011101100011010110
01001101110011101001000011101001
00000000011010001011001101001100
11110100011011100001000001011111
00000000001100011110000101011100
11001101000000111011001011010110
00000000010011000001111110010001
00100101010110010110010010110101
00000000011110010000101001011100
00000001111010010001001110111010
00000000010000001100001110100100
11110101101101001111110101110010
00000000011001101101010100000010
10011001110010100001100110010010
00000000011000011111000001110001
00110110010010010100001010001001
00000000011010001100011010101101
11110011000000100001100001100111
00000000000111000111001011010011
00101011000001101100111101000010
00000000000010101110000100001101
11110110111101100100011101010111
00000000011101111111110001101010
11000101001100011100110000100101
00000000010010010111010000100000
10010111000110011001001011100110
00000000010011100100110110110011
01001000100110010110101110101011
00000000001011010011011010010000
01100000110100110000000000100010
00000000011001000100011000100000
10101101011001001101110010000000
00000000011101101111101011010101
01110100011001100001001000000101
00000000001011111111101110111011
01000101001001011110101111000111
00000000000101010000001110111010
01001010110011001100101000101001
00000000010101000100001100100100
00100001011101111110011001001011
00000000000101101100010100010101
00110111101011000010001001011010
00000000010110101000011011110010
01110010111100010101001000101101
00000000000110110001001110000101
00000111101010011010010000111111
00000000011111011101011010010011
10000011101010111101110000010011
00000000010100010010010110000100
11101110000000000110011000110000
00000000011110110000011000000101
01000111011110010011010110111011
00000000011100110000101100001010
11110000001100001110100111110100
00000000010100101110011110100110
11110101100100100011110011111011
00000000010010001100001101000000
00110101101000100000000110101001
00000000001000100011101110111110
11111110010001101110011001000010
00000000011110000111100000101110
01001010011110011100010010100000
00000000011001010011111110000101
10100111001001110000111110101010
00000000000110110110001111101100
00010001111010101001101011000001
00000000001110110010110101100100
01011011000001101101010010010110
00000000011110000111010010000111
10100001000110101001101011111010
00000000010111000001110100111101
10111010011100111110011011000110
00000000010001110100110010111111
00011011011110100110010010110100
00000000011100110100101111000001
11010010101100111011000111110110
00000000011101011100101101111011
10101110000000111110111101011011
00000000010011010110111011010011
11011000100000100011001000001001
00000000010011100111001000001111
11111101101001101110101110100010
00000000001011111000110001101000
01110001110111101000011110100100
00000000011100010100001000010000
00000000111010111000000001000010
00000000010010011000000011011001
10000000010010001001100011011100
00000000011101000001110010011011
10111101101101101001000010110000
00000000001010010011110100000011
00011011011011100011110011010000
00000000010000101100101111111101
11010110011101111011101110111001
00000000010001100001001100001001
10110011011011111011111001001011
00000000010010010001100010111110
00101111100010101100001010010111
00000000000100000101100110111001
01111011101010000100011101111111
00000000011101001110111100010011
11111011000111000011011001011111
00000000001100110011111001000101
00011001101111001111111100011111
00000000001100101010101100101010
00011110011010001010110001001110
00000000001100001111100101110001
00101000010110000110000100011111
00000000001000110011001101110011
11001101111100110101010101100001
00000000001110010101110000110000
11001001001000001011110001111001
00000000000011101001110010011111
11110111011110111001011001111001
00000000010000010101100101100001
10011010100000100001011111010010
00000000011001001001011001101101
00011011101000100110011000101000
00000000000111000010110001001010
01110001100011101011010011001101
00000000001111111110111110101100
01100110010001001001101111001100
00000000000111001101101100111101
11011101000000111000011111100010
00000000001001011011110000101001
11001100110101111011011111010001
00000000010100001100010101111111
10110110110110100111011011100011
00000000000011011001100010000101
10110111011110111010011101011010
00000000011010110001001010111101
01011101100100011101010001001001
00000000000011100001101001000111
01010011000100111100001101010001
00000000001101001001011001110100
00000100101110110100100001101010
00000000010001011011011000010001
10001000000000010011111000110101
00000000000111110110011111100111
11101010000111110011110101110010
00000000011111000111001100100110
11001111101011011011011001100101
