01111111110000000000000000010011
01111111110000000000000000010011
01111111110000000000000000010011
10111011110000000010010110000111
11101001001000000010001000100111
00001000110101111000011101010011
00000000000101010000101011010011
00000000100100101000100111010011
00001001111111110000100011010011
01101010111100000010100000100111
10100001110000000010111010000111
00000001110011001000110101010011
00001111100000000010100000000111
00000001010111110000100001010011
10100111100000000010111010000111
01100011110000000010100000000111
00000001101000010000100001010011
00000001010001101000010011010011
10000100110000000010010000000111
00101011111100000010110000100111
00001110101100000010110000100111
00000000111001100000010001010011
01011101100000000010011010000111
00000001100000101000010011010011
00110011110100000010110000100111
00001110010100000010001000100111
00000101010100000010100000100111
00000000000010010000101001010011
00100010000000000010111110000111
00001001011000001000101011010011
10110111110100000010011000100111
00001000111110011000000101010011
00001000100101011000111001010011
00000000110111000000011111010011
00000001100111010000011011010011
00000000110011011000100111010011
10011011100100000010000000100111
01110101100100000010111000100111
00110001010000000010000110000111
00011011000000000010101000000111
11010111011000000010001000100111
00000000110100111000111001010011
00100101010000000010010010000111
00000001110000101000000111010011
10101011000000000010010110000111
11011010010000000010101000100111
00000000010001101000000111010011
00001000011000101000010111010011
00001000010000001000110101010011
00000001100111000000011101010011
00110010100000000010110000100111
00000001011101101000101111010011
00000001001000011000011001010011
01001000100000000010100000000111
11000011010100000010001000100111
00000001110101010000110011010011
11100001100100000010000000100111
00001000001101100000000111010011
00010100100000000010000000100111
00000001100000110000011111010011
00000001110100110000000011010011
01001111110000000010101110000111
00000001000010011000111111010011
00000110100000000010011110000111
00001100110000000010001110000111
11010000100000000010000100000111
00001001100010111000111001010011
11100101100000000010111000100111
00001001100011000000111111010011
00000001000001111000101111010011
00000000001011001000110111010011
00001000101011101000100011010011
00000001011001010000110101010011
00000001110010111000110001010011
00000000110101111000010101010011
11111001010000000010011000100111
00000000111111100000101001010011
11001100010000000010110110000111
10001001000100000010101000100111
00000001111110100000111101010011
00000001001001000000011101010011
00001000010001001000001101010011
00110111010000000010101010000111
11000001111000000010100000100111
00001001001110110000110001010011
10111010100000000010100010000111
00001000011000001000100101010011
00001000001110110000011101010011
00001001111011001000100111010011
01111101000000000010001000100111
11111011100100000010000000100111
00001000101111001000011011010011
11100011010000000010110010000111
00000000000010010000010101010011
10111100001000000010111000100111
00000000101110111000011001010011
00000001010011011000001001010011
00001010000000000010000110000111
00001000101001100000011011010011
00001001011111001000010001010011
00000001110010010000101111010011
01101001010000000010010100000111
00000000001111011000010011010011
00001000111111000000110001010011
00000000000000011000100011010011
00000001010100110000001001010011
00001000110100100000111011010011
11001000001000000010100000100111
00010110101000000010101000100111
11001110100100000010011000100111
00000000101000001000000111010011
00001000011000111000110111010011
00000000010110001000101011010011
00000001101100010000110111010011
00000001010010100000010111010011
01000001010000000010111000000111
11101101001100000010010000100111
00001001011100011000100111010011
10110000010000000010011100000111
00011100010000000010101000100111
00011011110000000010000000100111
01000011011100000010101000100111
00000011010000000010100000000111
10001010101100000010101000100111
10000100000000000010111000100111
00000000000110010000010001010011
11110000111100000010001000100111
11111010101000000010110000100111
10011101111000000010111000100111
00000001001010111000000011010011
00001001110000000000010001010011
10001001000100000010000000100111
00001001000001000000111001010011
00001000000100001000001011010011
00001000010010001000001001010011
00001001100001001000000011010011
00001001011000110000000011010011
11100110100000000010101110000111
01011110110000000010010100000111
00001000001000010000110011010011
00000111110100000010000000100111
00011110100000000010110000100111
10111101110000000010011000100111
11110000000000000010011010000111
00000001110010010000011001010011
00001000011011000000111101010011
11010101000000000010110000000111
10011100100000000010001110000111
00000001110111000000000111010011
01001111011000000010101000100111
11100001100000000010100100000111
10111110010000000010011000000111
01110000101000000010011000100111
00000001011111110000111011010011
00001000110011111000111101010011
00001000100111011000101111010011
00001000011111000000001101010011
00001001010111011000111001010011
00000001001111110000001111010011
00001001000101100000010001010011
00001001000111000000000101010011
11010100000000000010101110000111
00001000000110111000101111010011
11100101111000000010101000100111
00000001001101000000100011010011
00000000110011000000001011010011
01101000011100000010111000100111
10001101110000000010110000100111
01111100011100000010101000100111
00001000100011010000010101010011
10010110000000000010010000100111
00000001111111111000100101010011
00000001101011001000001011010011
10111100010000000010010100000111
00101100000000000010101000000111
00000000111101000000001011010011
00000001001111001000111001010011
00000000101100100000010011010011
10000000110000000010010010000111
00000001011110010000001111010011
00000000110000000010110000100111
11110010010000000010111000100111
11110010100000000010000100000111
11011100110000000010100110000111
00110000010000000010110000100111
11010100110000000010110110000111
00001000000011010000111001010011
00000001110111101000010011010011
00000001010001001000111001010011
00001000010000001000101011010011
10101011000100000010011000100111
00000001101000111000111111010011
00001001001100100000011101010011
00001000001011000000100011010011
10000110110000000010000110000111
00000000110000111000110111010011
00001000101011001000101111010011
00000000011011001000111101010011
01110110010100000010010000100111
11110100000000000010010110000111
00001000000110101000011011010011
00001000001111000000101011010011
10010110010000000010101000000111
00000000100101100000001001010011
10111010011000000010111000100111
00000000010010101000100101010011
00000000000111110000000101010011
00001001100001000000010101010011
01011111001000000010100000100111
11000110110100000010110000100111
00001000110011001000100001010011
10100111100000000010110010000111
00000000100100111000001011010011
00001001111000000000100111010011
00000000011111010000011011010011
00000001011001001000011011010011
00000000110100000010110000100111
00001000100001001000001011010011
00000001100110010000000101010011
00001001010100111000000011010011
00000000101000101000110101010011
00001000101001111000010111010011
10111001000100000010011000100111
00001000011101100000001101010011
00001000000110001000011011010011
00000000011100100000100111010011
00000001000010101000010011010011
00001000011111010000001001010011
11101111100000000010010100000111
00110101010000000010101100000111
00000000010101000000101111010011
11111000110100000010111000100111
00001001101101111000101001010011
00000001110000010000101101010011
10111011101100000010100000100111
11110000010000000010111000000111
00000001001100001000000111010011
00000001111110011000001011010011
00001000110000110000000011010011
11111110000100000010011000100111
00001000000111111000001111010011
10111111111000000010100000100111
11101011111000000010100000100111
11010111000000000010000000100111
01011101110000000010011000100111
00010101100000000010011010000111
00001000010001011000101001010011
00000000100111111000101011010011
01000010010000000010101110000111
11100000110000000010101000000111
11001100000000000010010100000111
00001001001100101000001111010011
00001001100100000000111011010011
10001110101100000010001000100111
10111110100000000010111000000111
11011110110000000010101000100111
00000001110000111000101001010011
00001001101111111000100101010011
11100110010000000010010010000111
00001010100000000010111000000111
11000111111100000010011000100111
00111011010000000010010100000111
00001001000011101000100101010011
00001000111101010000101101010011
11111010100000000010111100000111
00001001011101011000100101010011
00000001110111101000100111010011
00001000111100101000111001010011
00001001111001110000110111010011
10010011100000000010010110000111
01000011010000000010111010000111
00001000101010111000100101010011
10001010001100000010111000100111
00000000111100110000001001010011
00000001111001111000111001010011
01010111101000000010100000100111
00001000011000101000110001010011
00001000101000101000010111010011
10101100100000000010111000100111
10111110000000000010000100000111
00001000010011100000011001010011
11000001110000000010111010000111
00000000010101000000000011010011
00001111100100000010111000100111
00001000010100010000111101010011
00001100110000000010010000000111
00000001010111111000100001010011
00001000000111101000010101010011
00001000001001100000100011010011
00001001011001001000100101010011
11001110010000000010011000100111
00000000110110110000011001010011
11100111010000000010101000100111
01101100100000000010111000100111
00111101110000000010001000100111
00001001000101011000110101010011
00000000001011111000111101010011
11111111100000000010010100000111
00000000011001001000111101010011
01001100011100000010000000100111
11101111100000000010100010000111
00001000011011001000001001010011
00000000000100110000010101010011
10000001010000000010010000000111
00101001110000000010010000000111
10011000100000000010100000100111
00000001010011000000001111010011
00000001000101110000111101010011
00000000111100010000011101010011
01110010110000000010111000000111
00010001000000000010101010000111
00000001011000100000100001010011
10011101010000000010001100000111
11110111000000000010101110000111
11000111101000000010101000100111
11111111000000000010011110000111
00111010000000000010110110000111
11001010010000000010001000000111
00001000010000010000110001010011
00001000110111001000010011010011
11110011111000000010100000100111
00001000011011000000001111010011
00000001011011000000111001010011
11001001000000000010101000100111
11101010010000000010110000100111
00000001100011101000110011010011
00000111100000000010110010000111
00000000000010111000101001010011
01010100001000000010011000100111
00001001010110010000010011010011
10011110010000000010000110000111
01001011100000000010110000000111
00001000010100011000011101010011
01100110000100000010011000100111
00001001000000010000001001010011
00001000000000111000010001010011
00001001100110111000110101010011
10000100010000000010001000100111
00000001010010000000111101010011
01001101001000000010001000100111
00001001011001001000110001010011
01110010010000000010111100000111
00001001100000001000011001010011
00010000111000000010000000100111
01010000111000000010010000100111
01010110100100000010010000100111
00000000000011001000010001010011
00000001001101000000101101010011
00001001100110101000010011010011
11001101001100000010010000100111
11111000110000000010111000100111
00001001011000011000001011010011
11001111000000000010000110000111
00000001101000100000011111010011
00000001100111000000110111010011
01110000110000000010110100000111
00001001011110100000111001010011
00001000011000111000110111010011
00000000101000000000011001010011
11110010011100000010000000100111
01101011100000000010010000100111
00000001100001000000010001010011
11110001010000000010101000000111
01111011110000000010100110000111
00011010010000000010000010000111
00101111000000000010000010000111
00001001101110111000010011010011
00000000101010111000010001010011
10100010100100000010010000100111
00000000000000001000110011010011
00001001101011000000101011010011
11000111010000000010101100000111
00000000111100010000011011010011
00010101000000000010101010000111
00001001100001011000101011010011
00000001010010110000111111010011
10010010000000000010101110000111
10001111001100000010101000100111
00000001111101111000101011010011
00000001001110111000011001010011
00000000111010001000001101010011
01000101100000000010001000000111
00110101000000000010110000100111
00000001100101000000001111010011
00000000101100011000111111010011
00001001000011111000100001010011
00000001001110101000110011010011
00001001100001101000111101010011
00001001100000111000110011010011
10111110100000000010001000100111
00001001101111101000100101010011
00001001010100000000100111010011
00001000110110010000101011010011
00111011000000000010111100000111
11111000000000000010101100000111
00001000111110011000111101010011
00001001010001010000000101010011
01011110000100000010000000100111
00001000110001100000010111010011
00000001110101010000100101010011
10011111000000000010110010000111
00000000111100000000001101010011
11101110001100000010011000100111
10010001010000000010101010000111
10001001100000000010111000100111
11011101010000000010000110000111
00110010000000000010001110000111
00101111100000000010110010000111
00000000001110111000110011010011
10101111111000000010110000100111
00010100000000000010011000000111
00001000000001101000100011010011
10011111010000000010011100000111
00001001101011110000000101010011
11001110000100000010111000100111
00000000100010010000100111010011
01011011011100000010101000100111
00000000101010101000100111010011
10110101110000000010100000100111
10101001001100000010001000100111
11010101010000000010011000000111
10000010000000000010100010000111
00000000110100010000000111010011
11010010000000000010001010000111
11000011100000000010111100000111
00000000101001011000111101010011
00001000111001010000101001010011
00000001011110101000100011010011
10101001101000000010110000100111
00001000111100000000001111010011
11011111000000000010100000000111
00110010001100000010011000100111
00001001101111010000111111010011
10110111110100000010010000100111
00001001100101010000000111010011
10011111111000000010000000100111
00000000011101001000001101010011
00000001100111000000110111010011
10111100010100000010101000100111
00000000100010111000110001010011
11001101100000000010111100000111
01011101100000000010011000000111
00001001100100001000000101010011
00000000110111011000011001010011
00010100101000000010100000100111
00000001111110100000110001010011
00000000010100100000101111010011
01101010010000000010100010000111
00000001010101110000000101010011
00011011100000000010011000100111
00001001110110001000101001010011
11010011100000000010110010000111
00000001100001011000100111010011
10111110111000000010010000100111
11110111010000000010010100000111
10111011000100000010000000100111
01011011010000000010010100000111
10101111010000000010100110000111
10010100100000000010100110000111
00001001010011010000010101010011
10010100100000000010000100000111
00001111111000000010010000100111
00000001111110010000110011010011
00001001110110010000100111010011
10110011000000000010111010000111
11101111101000000010010000100111
00100100000000000010010000100111
00000000110010000000011001010011
00000000011000111000111001010011
00001110100000000010011010000111
01111010010000000010111010000111
00000000101011001000010101010011
00001001101000010000110101010011
10010111110000000010111110000111
01100101100000000010010110000111
00111100110000000010101110000111
10111101010000000010101110000111
01011001010000000010111100000111
10000111011100000010111000100111
00001001010000001000100011010011
00000000001001011000010111010011
00111110000000000010100010000111
00001001100010000000101101010011
01000100000000000010101100000111
11011011110000000010110000000111
00000001010010101000000111010011
11101111100000000010100000100111
00010111010000000010110000000111
10101111101100000010101000100111
00110010000000000010111100000111
00001000000000000010110110000111
11111010110000000010000010000111
00000000110100000010010000100111
00011000100000000010001100000111
00000001101011000000110101010011
00000001110001100000110001010011
00001001011000100000001011010011
00000001001100100000010111010011
00001000100000011000101111010011
10101011110000000010010010000111
00000001100001110000110001010011
00001001110111110000110111010011
01011101100000000010110010000111
10110010000000000010101000100111
00001000011100001000111001010011
11001000100100000010001000100111
00001000011000001000100111010011
00000000011100000000100111010011
01101001000000000010111000100111
11010010001100000010011000100111
00010001100000000010011100000111
00001001001000001000101101010011
00000001000010010000100011010011
00100110010000000010100000100111
00010001000000000010101110000111
00010010110100000010110000100111
11110010001100000010010000100111
00001000000101001000100001010011
00001001001000101000011001010011
00001001100000110000110001010011
00000001011111000000110111010011
00000001010111000000110111010011
00000001100101110000001001010011
00111011010000000010001010000111
00001001010111100000010101010011
00000000101101100000000101010011
00000000110010011000101111010011
00000001000110111000101011010011
00111011001000000010100000100111
00001000100111100000101001010011
00001000101101111000101001010011
00010111110000000010100100000111
10011001110000000010010000100111
00001000110100000010110000100111
11000110000100000010110000100111
11000100010000000010010000000111
00001001110101100000111001010011
00101001011000000010011000100111
10101100110100000010010000100111
00001000111101111000010111010011
10110011010000000010101000100111
00001000100000100000011111010011
00001001111111001000111011010011
01111100011000000010001000100111
00001000111010001000110001010011
01110111011100000010101000100111
00001001110111010000001101010011
10001000000000000010011000100111
00001000001101010000011001010011
00000000110101101000010001010011
11011011101000000010000000100111
00000001110001001000010011010011
00000001101001101000011101010011
00100011000000000010001000100111
00000000100101001000111001010011
00000000001001000000011011010011
01000010110000000010101010000111
00000000100110110000111011010011
00101010101100000010111000100111
01010101100000000010110100000111
00101110101000000010111000100111
00000001000110001000111011010011
00001000001001011000111001010011
11010100110000000010111010000111
00000001101110001000010011010011
00000001000101001000101101010011
00010111010100000010110000100111
01101110111000000010110000100111
00001001010011010000110111010011
00001000100000001000010011010011
01110001001100000010000000100111
00001000101001110000101011010011
10100000111100000010110000100111
01010000010000000010011000000111
01101100000000000010000000100111
10000010100000000010100110000111
00001001101101111000110101010011
00000000000100011000010111010011
10001010010000000010100110000111
00011011010000000010101110000111
11011011011100000010001000100111
10010010100000000010011110000111
00001000100111000000000111010011
00001000110000111000110101010011
00000000111010011000111111010011
00001001101001100000000111010011
01011011100000000010000000100111
00000000011001110000111001010011
11110111111100000010110000100111
11000001010100000010111000100111
00000001110001001000110011010011
00000110001000000010101000100111
10000000011000000010111000100111
00000001111001010000010011010011
00000000100011100000010101010011
01010000000000000010101000100111
00000001010001100000000101010011
00000001101010011000010001010011
11100110110000000010001110000111
00111011000100000010101000100111
10000001100100000010011000100111
00001000110000111000000011010011
00001000011110111000101011010011
00001000010011101000001001010011
00000000110101010000101011010011
00000000011111000000000111010011
11000001010000000010101010000111
00000000011110010000110001010011
00101000010000000010101100000111
00001000010101110000110001010011
11111010000000000010100100000111
10000101001000000010110000100111
00000001011100100000001001010011
00001001101100111000001011010011
00000110010000000010111000100111
01010100000000000010011010000111
11101110000000000010001110000111
00111110100000000010001010000111
00001000101000010000010101010011
01110110100000000010100010000111
10110111100100000010111000100111
00000000011000011000101111010011
00000100010000000010100110000111
00001001011100001000010001010011
01001101110100000010000000100111
01000011010000000010010000000111
00000001111110011000010011010011
01100111110000000010011010000111
00000001001100000000001011010011
01001010011100000010110000100111
10001100010000000010000110000111
10010100100000000010011110000111
00001001111000101000011101010011
11111101011100000010001000100111
11101011010000000010001000100111
00001001111110001000100111010011
10010000010000000010100000000111
00000001111100111000001111010011
00001001110000010000000101010011
00001000000100001000101001010011
01110101110000000010010100000111
00001000001111001000100101010011
00001001101011100000110011010011
00000000010001000000101101010011
00001000000000111000011011010011
00000001010100100000001011010011
00000001100010001000111111010011
11101100000000000010000100000111
00000000001011000000000111010011
00111110011000000010001000100111
00111010011100000010111000100111
11010011010000000010000110000111
00011110110000000010111000000111
00000011000100000010110000100111
00110101010100000010010000100111
11110100001100000010010000100111
00000000111000001000011111010011
00001000010111000000010101010011
00000000011111110000111101010011
00000001010111010000010001010011
01111000100100000010101000100111
00001001010110000000110111010011
00000000010011101000011101010011
00000001011111101000011111010011
00101001000100000010110000100111
01011000100100000010001000100111
00001000011010010000010101010011
00000000010001101000110011010011
00000000010000100000111101010011
00001000010000011000110111010011
01110110000000000010110000000111
00001000010001101000110001010011
00010011110000000010111100000111
00000000011110110000101101010011
00000000000010011000100001010011
00101000010000000010010010000111
00000001101111001000001011010011
01110010110100000010011000100111
00001001000100010000101011010011
00000001101101001000011111010011
00001001111011000000001111010011
00001001001100110000111001010011
00001001100001011000001001010011
00001001110110001000101111010011
00001000001011101000101001010011
00010011100000000010010000100111
00001000010001101000011011010011
11100110100000000010111110000111
00001001010011111000101111010011
00001000101000110000101011010011
00001000001010101000101111010011
11110101110000000010110100000111
10011010010000000010101000000111
01010110110000000010011110000111
10101011011000000010111000100111
11000000110000000010101010000111
00000001110010111000101001010011
00000000011010100000101111010011
10100110110100000010111000100111
00000001010101110000111111010011
00100010111000000010000000100111
11000110000000000010001000100111
00010001000000000010110000000111
00000001011010010000101011010011
10110010110000000010011110000111
00001000110111110000110111010011
00000000010011101000000101010011
10001100010100000010001000100111
00000000001100010000111001010011
00001001100010000000010101010011
00000000101011001000001101010011
10000001110000000010000010000111
00001001101111000000000111010011
11110110100000000010010100000111
00001000101100001000110001010011
01000111111000000010101000100111
00001000001011111000011111010011
00000000111001010000101111010011
00001100010100000010101000100111
00001101100000000010001000100111
00000000110010011000110011010011
11000000101100000010110000100111
00011111100100000010000000100111
00101110100100000010010000100111
00000000101000101000001111010011
10001010110000000010111010000111
11001100110100000010111000100111
00000000001111010000110001010011
10111010110000000010000000100111
11111100101100000010110000100111
00001000001011000000100101010011
00001001010110111000111101010011
00101000010100000010000000100111
10011110110000000010011100000111
00001001101011111000001101010011
10010101010000000010011000000111
00000001111100101000110011010011
01111011100000000010101000000111
01010001101100000010101000100111
11111100010100000010001000100111
11101011100000000010001010000111
00001000001110010000101101010011
00001001110011010000100001010011
00000001110001001000111001010011
00011000010100000010111000100111
00001000001011110000010001010011
00000001011000010000011011010011
00001000100111001000111011010011
01000001110000000010001010000111
01010011110000000010110010000111
10110001001000000010001000100111
00001001100111011000111001010011
01100011001100000010101000100111
00001000101100011000010101010011
00001000010110001000010011010011
00100010010000000010011000000111
00001001011001001000100111010011
10110111010000000010100000000111
00000001101100000000101111010011
11001001100000000010011000100111
11100111100000000010010000000111
00001001000001000000001111010011
00000001100110100000110011010011
00000000001100111000000101010011
00000001001110111000011111010011
01100100110100000010000000100111
11000101010000000010100000100111
00001000111000111000000011010011
10100000000100000010110000100111
11100001000000000010100000100111
00000000000110010000001101010011
01001000110000000010000000100111
11100011010000000010100010000111
01001010110100000010011000100111
11000000110000000010001000000111
00101101100000000010110100000111
00001000110001110000111001010011
10000100010000000010011000100111
00000000010101011000000101010011
00101101001100000010000000100111
00001001000001101000001011010011
00001000001110001000001011010011
00000000010001111000000101010011
00001000001010011000001101010011
00001000100001111000101001010011
00010011101000000010100000100111
10111110110000000010000110000111
11010100000100000010100000100111
00000001101110100000011001010011
11010111101000000010001000100111
00000001011000111000011111010011
00000001100110101000010001010011
01111100000000000010011110000111
00001011110100000010100000100111
10111100011000000010101000100111
00011001011100000010100000100111
11111000000000000010100000100111
11011101111100000010101000100111
00001001000110000000011011010011
11010011110000000010001000100111
10100010100000000010000010000111
00100001001100000010010000100111
00000000100100001000100011010011
00000000101000000000111001010011
11100101110000000010101110000111
00000001011010101000110111010011
00001001011100000000110001010011
00110000010000000010111000100111
00000001111110001000110101010011
01101111100000000010000100000111
11101000100000000010000100000111
00001000011111110000101111010011
00000000100111011000101011010011
10001100110100000010111000100111
00000010110000000010010100000111
01011100110100000010011000100111
00000000000000000010101110000111
00000000111110001000001101010011
00000000101010011000100001010011
01010001100100000010110000100111
00000000101001001000001011010011
01111111001100000010011000100111
00001000110000110000000111010011
00000000111010100000110001010011
00001000111001111000001011010011
10011010000000000010001000100111
11101100100000000010001110000111
00000000110100101000010001010011
01010001000000000010011110000111
00100011111000000010010000100111
00000000111011111000111011010011
00001001100111111000011011010011
00000000001111101000000101010011
00001000111100101000111111010011
00000000001101111000111001010011
00100000000100000010100000100111
01001001010000000010001000100111
00000001100011010000011011010011
10111110000000000010010110000111
00000001010101011000110011010011
00100011110000000010010110000111
00001000100110111000000111010011
00101101101100000010011000100111
00000000110110001000010011010011
00001001111010000000010101010011
00001000010001100000000011010011
01100001010000000010100000000111
00001000000110100000101111010011
00001000010110100000110001010011
00001001000001011000101101010011
00000000011111110000001101010011
11100011100000000010100000100111
00000000000011110000110011010011
00000000011011100000000101010011
00000001101100110000001101010011
10110100101100000010001000100111
00000001100011000000111001010011
10110010010000000010100000000111
01000011100000000010011010000111
10101010000100000010111000100111
00001001010111000000101011010011
10011000001000000010001000100111
00000000101010011000111101010011
00001000010001011000011011010011
00000000011000110000010001010011
00000000011100101000000011010011
00001100000000000010011000000111
00000000000100101000110001010011
01111010110000000010111100000111
00000000101101010000010101010011
00000001100111101000101011010011
00001001011100001000100011010011
00000001100001110000100011010011
00000001011011001000101101010011
11001110011100000010100000100111
00001001101111011000101001010011
00001000010000001000111101010011
00001001111000011000011011010011
11001000110000000010001100000111
00000000010010110000001011010011
00001001110111110000111101010011
00000001011000110000000011010011
00000000011010110000000111010011
00100011100000000010010000000111
01010000110000000010111110000111
00001001001111010000001111010011
10000110100000000010001000000111
00001000101101111000011011010011
00000001101010000000100111010011
00001001001111111000101101010011
00000000011001111000000101010011
00001001011010111000010011010011
00000000001010000000101001010011
00000001010010010000000011010011
00000100110100000010000000100111
00111010011100000010010000100111
10101011011100000010000000100111
00000000101011000000101111010011
11111010001100000010001000100111
00001000111101011000111111010011
00001001010000111000111111010011
00000001100111010000101001010011
00001001011000010000101011010011
00000001100000011000110111010011
00000001011110000000011111010011
01011100000000000010101010000111
00001001001111100000111011010011
00001000111000111000001001010011
01111110000000000010110100000111
00000001000110100000111001010011
00100110110100000010011000100111
00110110011000000010110000100111
00000001110110000000000111010011
00111011110000000010011010000111
00000000001111100000001011010011
00000000011111100000000101010011
00000000001010011000011101010011
11111000100000000010101110000111
01110110000000000010100100000111
00000000110101011000001011010011
11110111010000000010110000000111
10001100101100000010011000100111
00001000101101111000101111010011
00001000101101100000001011010011
10110001000000000010110110000111
00110101000000000010011000100111
01110100100000000010101100000111
10010011101100000010110000100111
11100010101100000010011000100111
01111001100000000010000010000111
01010000100100000010010000100111
10101000110000000010000100000111
00001001110010100000111011010011
10110001000000000010000110000111
11011101010000000010000000100111
00001001110001000000110101010011
00000000111110010000110101010011
00001000100111000000010011010011
00000000110000101000011111010011
00001001101000000000001011010011
01111001110000000010110000100111
00001001101101100000001011010011
01001001110000000010010010000111
00110100000000000010001010000111
01000110000100000010011000100111
10101101011100000010100000100111
10110110111100000010000000100111
00000000001001000000011011010011
00001001110101110000000101010011
00001000011000001000010011010011
00001000111111100000111101010011
10001100000100000010011000100111
10100011100000000010110000000111
00000111110100000010000000100111
00000001110000100000111011010011
11010111010000000010001110000111
00001000110001011000010101010011
10000000110000000010101100000111
00001000001001010000000111010011
00001100100000000010001000100111
00100101110100000010101000100111
00001110000000000010001100000111
00001000011110110000011001010011
00000001000001011000101001010011
00000001001010111000111001010011
10101101101100000010010000100111
01100100111000000010000000100111
00000000110001100000001011010011
00001000000100000000010001010011
11100110001100000010001000100111
00001001001100101000101101010011
00001000000111111000010011010011
00001101101000000010011000100111
00001001110101110000000011010011
00000000011110111000010011010011
00001000000001110000000101010011
00000000011100111000111101010011
00011001101100000010101000100111
01010001010000000010110000000111
01110110110000000010010110000111
01001001110000000010100100000111
01010010100000000010011100000111
10011100010000000010110110000111
00000001010001011000010101010011
00001010000000000010101000100111
00001001000011000000111001010011
00000001010111011000100011010011
10000100010100000010010000100111
00001001111011100000000101010011
10101011110000000010010110000111
00000001110010100000100011010011
10101110110000000010110010000111
00111000100000000010011000100111
00101101010000000010011010000111
00000000011010000000010011010011
01101000010000000010110100000111
00000001110100000000001111010011
01110000010000000010011000100111
00101011010000000010001000000111
00001001110100001000101101010011
11110001011100000010010000100111
00011000100000000010010000100111
00000000001110100000111001010011
00001000110011100000000011010011
00001000001001001000110101010011
00001001110000000010000100000111
10001000111000000010100000100111
10010101100000000010111100000111
00000000001011001000010101010011
00001001001111110000110111010011
01010000010000000010100100000111
01010101110000000010111010000111
00001001111000110000101111010011
10110010000000000010011010000111
00000001111100001000101111010011
11101110001100000010101000100111
00000001001001110000110001010011
00111000010000000010000010000111
00000000000110001000011001010011
00110010010000000010001000000111
00000001111000011000010101010011
00001001101001110000010011010011
00101111101000000010001000100111
00000000000000000000000001110011
01111110010100110011101100111001
00000110101100100111110101011000
00000000001110110011011011111010
01111000001011111101010111011100
11100100101101110110001011100010
01101000000110011001100010010010
00000000001001001000010101110111
10000010110111101111110000000111
00000000010001100001011000001101
00111110100011110100000001010100
00000000011110001110111001011010
11100101001111010100100001100010
00000000000101110011001110000001
01101001000100110100111010000110
11010110011010110110011111001110
10010011100100000100011101101100
00000000000110011010010110000101
00101001100011010010111111000110
00000000011111110001010100000101
11001110000011101000011000010000
00000000000000000000000000000000
01001011101011010011001100011001
00000000001100001011011101110111
01011011010110100101110111100011
00000000010111100011011011000011
10101111110010001000011101101010
00000000010111111000100011010011
11100110101010010101111101110001
10001110010101101010110100111001
10111101000010011000001110110000
00000000001111010011110110101111
00100000010110010111100110000101
00000000000000000000000000000000
00111010000110000010010001101010
01010110011010110110011111001110
01000110000100001111011011101001
11000001011111100001100101101010
00100011001110100001001110001100
00000000001110101001011000011100
11011110101011011001100110111110
00000000000100111010001010101111
11000110101000110101001001001101
10000101101110111110001010100100
00100011010000000011110010010000
11101111110111011010110101001100
11011100010010110111111011110111
00000000010011000100100010000101
10000010010001011110011011010100
00000000010101101101011100010010
00110111110101101100100010001111
00000000011001110000100111010001
00111101000010010111110111101110
00000000010001001100010001101001
01101000110101100011100101000000
01101111110111011010110101001100
00000100011001110000010111100011
00000000000100101010000101110011
11000100000001000001001000101101
00000000011100011100010001001001
01010110011111101100001011001111
00000000011100001000101000110011
00110110001000111000111111000001
00000000010011111111000011011110
00010011100010001000010100010011
00000000001100100100111101011101
00110110011101001010001011010001
00000000010110001000110111010100
11000111000111010001010010000101
00000000010100110110100110101101
11000111111011110101000001000011
00000000000001100010110000111101
01001111011100101011101010100000
00000000010100011101100001101000
00100010111111100100110011110000
00000000001001001001011101111011
11100011000110111110011100110101
00000000001011010011000111110001
11100101000011010011110010010001
00000000010011010000001110100000
11100100100101011100110110001000
00000000001101101000101110100001
11010100110101101110000001110101
00000000010110111110000101010001
11111100001000111010001101101111
00000000001011001001110101011010
10010110000011100101101010011100
00000000011000110110001111000110
00000000000000000000000000000000
00000000010111101011010001101000
11101101000011111011100011110101
00000000010000110011000110010111
11011000111000010101011100100001
00000000001100111011111110101010
10010100011000010011010101100100
00000000010000010011100010010010
11111001110000111100111100101001
00000000011111110101000100011110
00000000010000000011000110111010
00000000011001101110101111000101
01110010001001011111100110110010
00000000000000011011110011101000
00000000000000000000000000000000
00000000011011011111111001011111
00000010100111011110100011010000
00000000011001000111101101100111
01101110110100100110001011110101
00000000010111011110000110111011
10011100010001011110110001101100
00000000011100011100111111100100
11101010011110000110000001000000
00000000000111101110100000101010
10001001010001101010111000000001
00000000000111000101001100111101
01000001111101110110000011111001
00000000000111000001010011110101
10011100100111001110110000101000
10000101001110111110001010100100
00111101000010011000001110110000
00000000010010100000111000010011
11010011011001011101101111010101
00000000000101011100010100001111
00010001111010111110100001101000
00000000000011110001010101111101
10110010011001101010111011100011
00000000001100101111000011010110
01010011011101101010000011110001
00000000000010110000111111000000
01010001000000101011010001110100
00000000001100000101011001000111
10101000011001001001001101110100
00000000001110010011011001011001
01100011100001100101010101100110
00000000001100000111000110111010
10000101110000100110100010111101
00000000000110001010101101010010
11111001110000111100111100101001
00000000010000100111100101000101
10111011010101010111011110101001
00000000001111000010111111010011
11000001001110001001010010011111
00000000011010100100100110111011
10010011101000010101110001000111
00000000001011111100101001011100
01011100111101110010011111000110
00000000000111000100001110101000
11111000101101000110100101001000
00000000011010110111100001100101
10110000000000010010101011010000
00000000001110011100111010101100
10000011011100011101000010000001
00000000011010111100100000001101
00010100000010001001000011100000
00000000001110110011110111110010
11010010101001100000000001100011
00000000001001100100111010110001
01010110011010110110011111001110
00000000010101011100001001111100
10000001011110110000100010010011
00111101000010011000001110110000
10100000100010100101100100011011
00000000000011101001110010010111
10000111110101000101010110110011
00000000010010001101110100111001
00000000010011011010100100110001
00000000001110101100010101011100
11001111110000110100101010101001
00000000011011110000011010001010
00011101111011100010011010001110
00111101000010011000001110110000
11010110011001010110001001100000
00000000010010000000010100010101
00101011111000011101110100001111
00000000010101010110000100001110
11110000100110111101011001001110
00000000010000111100001010110111
11111110010100110011101100111001
00000000001000000111100010110101
01000110101101000011101010101110
00000000000001100001010101110011
10100100011101100000000000101000
00111101000010011000001110110000
11001010110000001000001011001110
00000000010001101000011100010110
01100101000100010000110000001001
00000000011110110111100010101111
10110110100111100101110111100011
11000111111011110101100000110100
01111010010000111100111100101001
00000000001001100111000000011101
11010000110110001100101111110001
00000000000000100110011110001100
11011100000111001110111111001110
00000000011010100011110101111010
10101100010000101101010011001011
00000000011010110011100110111000
00100010110000010101011100011010
00000000000111001110001000001100
11100000010100000001101100111111
00000000000110011011111000001001
00111011101000101011011111111100
00000000000100111101100000101010
01111001111101010100100011001101
11111001110000111100111100101001
11001111111000011000100001100001
00000000000101010011101110000011
01100000000111100101100101100101
00000000011011000101011101100111
01001110000110100100101111101100
00000000010011001000110111101111
00000000000000000000000000000000
00000000010110111111110101010010
01001011101111100010010111110110
00000000011111111111011011011111
01011110011011111001000011110101
00000000010101100110101101000100
00000000001111001100000101000101
01010110011010110110011111001110
01101011010101001001010100100101
00000000000010100100010111010000
01110110100101011000000101001111
00000000000010000110100001001000
10011100001110000011110100010010
00000000011111001100000100001011
00110011100111100110001111100101
01101111110111011010110101001100
00001111111110001100101100011110
00000000011101010001000111001000
11001110100110100001100000100101
00000000011011110011110101000100
00000000010001110001011111111011
00000000001101011010011011000110
00010110010110110011010010000011
00000000000101101101101011001111
00011101001101110101111100110001
00000000010000001100101010111101
11110111000100000001111010101001
01101111110111011010110101001100
10000100100000011111100011100010
00000000011111010001101101110110
11001011110011011001110111010111
10000000011101111111100001110100
00101000111100100110111010100011
10001110010101101010110100111001
11100001110111011101100001011011
10110110101110000011000010111101
00011001010000100011000000000111
11111001110000111100111100101001
00000000000011110001010101111101
00000000001110101100111100100101
01101111110111011010110101001100
00000000001100001000110111001001
01110111010101001100100100110100
00000000010011111100100001000001
01001001110010101001100011010001
00000000010101010101110100111000
00100010010010000100101010010110
00000000000001000001101111101111
10000101001110111110001010100100
00000000010011110111111111001010
00010001011001010011000100010110
11111110010100101101100101010001
01110101000110010101111111010100
00000000000000000000000000000000
11100100110100000010110001001100
00000000000111001100110001001000
00011111000000001111000001010110
00000000000010010101001011010001
11010000111011000101110000010101
00000000011000011111001010100110
01010000001111110100001100011001
00000000011100011101110110111010
01011110010011101100110111000001
00000000000001111110111000000110
11011000100111101010011001100110
00000000011111000011110110011000
10001011010101011110010000001000
00000000011000100110010101011000
10011101101011001011010100011100
00000000001111011110101001011100
10110111110100100000111101111100
00011101001101110101111100110001
11000100110000100010101111111011
10111101111000001101000001110001
00000000000001110100110111011001
00000000001101110111001100101110
00000000110110010000101100111111
00000000010101010110000100001110
11010000011011110011001001010111
00000000000110010111110100011010
10110110101110000011000010111101
01010110011010110110011111001110
00100011011110110000110111010101
00000000011101010111001110111011
10011010100100111011011011010001
00000000001011111111110000101000
11001011001011011011011010010101
00000000010011011100111011100001
01101101100011001001011110000110
00000000001011010011001111011000
00101000000011101101000011101010
00000000001101110001010101110110
01110010110010010011011111011011
00000000010001001110111111001001
11010110111010110110011111001110
00000000010101100100101101111111
10101101110011011100010111000110
00000000000000111110000001110110
11111110010100110011101100111001
00000000000101001000001101100000
11010001000000011100111111100101
00000000001010010001001110000001
00000100010001100011110100100111
10011101001101110101111100110001
10001000100011001010000101101010
00000000010000010011100011011110
00100010010110011000011000001111
11011110100111011000101000111010
00000011111111111110101111001001
00000000001101001000000101000011
10110110101110000011000010111101
00000000001001101001101010001101
00001101110101110110011111010000
00000000000000101010111010111111
00101110000001110110011000011001
00000000001100101001000100001111
10001110010101101010110100111001
00000000010011111000001010100000
10001101101100111100100001010001
00000000011000101110010010001010
00011000101110000000111111010011
00000000000011000000000100100100
11001011110001110101010001001010
00000000010100110000111101010010
00011101001101110101111100110001
00000000010011101001011100011101
00111000101100101111001110010111
00000000000110110010100101110111
01101111110111011010110101001100
00000000000100111000101100111111
11101001111110011011110001110101
00000000011011011011100001011101
10000000011000011100101100010111
00000000000000000000000000000000
11101001000000100010101011110111
00000000011101110011111111011101
01001111100000100000101101000001
00000000010000100100110001101000
11001010100010011001110011010001
00000000001000011100010010101001
00001110101101000000111011010011
00000000001000010100100110000110
00010100000001111010000101010100
00000000011111000111111111100001
11001010011011111011011011111111
00000000000100000110011001100100
10001000110111011000010001111011
00000000000001010000000101000111
11100100100101011100110110001000
00000000000010100010100010100010
01110110000011011101000001101011
00000000011001010000101000011010
10101010110111110001000001000111
00000000000000000000000000000000
10111100110011111101101111100001
00000000000111111100111111000110
01011010010010110001110111100101
00000000001010011101011110111100
11000000110011010100010011111110
00000000010100001010110110110001
10111011100111000010100101000011
00000000000100001010011101010010
01000001010101111011011011110011
00000000000000010101111110010100
00011111100011101000101011010110
00000000011101010111011100100010
10101110011000000101110001011100
00000000011101010101111110011010
01101001011110110000011010010100
00000000011000011100101100010111
11110011111001110100101000100001
00000000010101111001111111000000
01010110011010110110011111001110
00000000011011111101010001011101
01001111010100101001001000000010
00000000010001111010001001101111
00111000110011100100111011111011
00000000011010010111100001101001
01011011111111111101010101011100
00000000000010010010010010001100
00111000111101001011001101011101
00000000001100111110100011001111
00010011001111110000001001111111
00000000011110110010010000100001
11110000110100000000011100111101
00000000011001101001001100000001
01001010111101101001000001111111
00000000001111101101011100011011
10110010110110100110110101000001
00000000000101110011111101101001
10100100010000010010001100100000
00000000011011110111000000110010
10000101011001100011101101101001
10000000011000011100101100010111
01110010100000011100110110100011
00000000000000000000000000000000
11010111111000111001001100111100
00000000001011101110010011000001
10001011011110111100101011010111
00000000010001000000000001111001
01111011100111000110010100010010
11001110001011010001000110110101
00101011100100011100001101111110
00000000001001101010110011111011
11010100101000000011011001010110
00000000000000000000000000000000
10001110010000001001000010110000
00000000011000000101011001101110
01110101110110010111101110011101
00000000001011110010010011100101
00111001110100001011011011100101
00000000001001001000001111101100
00111110010010011100111001010100
00000000011001011011011010111111
11110110010010000100010011001001
00000000011011011111010000100001
01101111110111011010110101001100
00000000001101101110100001101000
00000000001011111111110000101000
00000000001000101110110010001011
10001101000110000111010111110110
00000000011101000100011001010100
01010110011010110110011111001110
00000000001000101111010101000101
01001111000111011001000100001110
00000000001001101011000111101110
00110110111001000001000000111011
00000000010010011101001010011000
01011101101011111011111010101101
00000000000001000011011110101001
00000000010011011010100100110001
10001000100011001010000101101010
00000000000111111100111111000110
00000000010111001001011000100111
11100100001110000001101001100010
00000000011101100000000010100110
11001000100111000100000000111010
10000101001110111111001111000111
01010010001001011000000000101010
00000000001111001110100111011011
00100101011110101000011101011011
00000000000110011110100100001011
11100010111001111101001011100111
00000000011111101001100110101011
00011001010000100011000000000111
00000000001100000010110000001001
00000000011000101110010010001010
00000000000101101001000101010010
11100100001110000001101001100010
00000000001001101010100010111111
01111010000100110011010000101000
10111101000010011000001110110000
01111110111101011011000001010011
00000000010110001000100110000111
10011110001010100110011010001000
00000000000100110100110010010100
10100101011010011110110000001100
00000000011110111111010010001100
10001100001001001111011011100100
00000000001111111011001110100100
01010001011001110101001001010001
00000000000001000011101010001010
11010100110100101000011000110011
00000000000011101111100111101000
11111001110000111100111100101001
00000000010001100001101100110000
11111110010100110011101100111001
00000000011010101101100000011100
11010001011010011010011001011011
00000000001001001110101110111010
01101010100111010000110011110100
10110000101100111000111011001101
11111111010110110101000000001110
00000000011010000111010011000011
10000111100000110111110011011111
01000001011111101010001011101110
01010110011010110110011111001110
00000000000101000010010010001110
00111101111000001101000001110001
00000000000001110100110111011001
10000110010010011100101010110001
00000000001010011000100000100101
00000000001101001000011110101001
00000000000101001111101110100010
10010110011010110001001110101101
00000000010001011011101101000011
00110000101101011001110001011000
00000000000110110010010000000111
00101000001000100100100101111000
00000000010011100001001100100110
00011010100010110000000010010010
00000000001000101001100100100110
01010100111101111101110000001011
00000000000011010111101111111110
11101000010100010010101011001000
10011101001101110101111100110001
11010100110100011010010110101000
00000000010010101011110001000000
01110000101111001000000101001101
00000000010010100100000100010010
10001111100110111111110110011110
00000000001010100000110111101001
11111110010100110011101100111001
00000000000111100001010100100100
00110010101010010010001111110111
00000000011011011000010011101100
10001011111110111011111100011010
00000000001011001011000011001110
10011100100000101011110101000001
00000000011101110101010111100001
01111001000010100111011100001110
00000000010010011110111001000000
00011100001001010000010110011011
00000000000100101000010101011010
00100100001011000000100101000001
00000000001000101111000100010111
10001010110101101101010110001000
00000000011110001000000001010111
00111101001101001100101011010110
00000000001000100000000001011011
00000000000000000000000000000000
00000000010011010110110000101111
01010001011100101011100100000110
00000000010000110110011000011100
01100111010110000111111111101111
00000000011101101011011111010010
10000101001110111111001111000111
00000000011010111010011110011010
01110011110101110000000111001010
01111001100110100010101110000101
00000111010111001110111101011111
00000000010011010101101101011101
01000001000010101101101011000110
00000000000010110001111100010011
11101101111001100111001110110000
00000000011010001011100001110010
11100111110011000110001100111010
00000000011100010111110000110110
11111110010100110011101100111001
00000000000001100001011101000101
10111101000010011000001110110000
00000000011000001001001111011110
11100100010000111101001101001100
00000000000010010000101011001001
00010110001110100101111100001001
00000000011100100010100111011001
10011101110110010110001100001010
00000000001010000111001010111101
00011101110110101000001010001100
00000000001101101010001011001111
00101101110100101100011100111011
00000000011110000001000001100101
01101011111111010110111101101010
00000000011100110001011111011011
10110011110011111000111010111100
00000000010101000001100100100100
11010100010100101110011011111100
00000000000000000000000000000000
11111110010100110011101100111001
00000000011000010101011111110111
11001111000110000000010110111011
00000000001010010110001000011110
00000000000011011111100010110010
01010110011010110110011111001110
10011101101101110101111100110001
00000000001110110100111001001100
10000100101101111010000010011010
00000000000010111011001110111000
01000001011111100001100101101010
00000000010011110001101101001010
10001011000000111011010010011000
00000000000111001101010011010110
00110111000101100000000100011000
00000000001011000101010111100111
10011101011010100001001010001101
00000000001101000010111101111111
10011111000110111100110101001000
00000000000011001011011110101001
11111110010100110011101100111001
00000000010111010010110000011010
00000000000000000000000000000000
00000000001001111100111111111100
01111010100100110000100100111010
00000000010110100010001010110111
00111101000010011000001110110000
00000000011011101010110011001000
01010010110000101110111001101000
00000000000010000100001110001101
11110000101001010111000110011011
00000000010000100001100010000011
10001010011001100101010101111111
00000000000110010000111101111110
00101100110111001001100100110101
00000000001101001000011110101001
00000000011111001000001011011101
00000000010011000000110000010001
10101000111111010000011111000110
00000000011011110000000111010100
00001111001100111100001011111110
00000000010000010110000110000101
11111011110100100011110011100011
00000000011100001000100010001101
01110000010101010101100001100111
00000000010100001001101111001001
00000000011001010111001100011010
00000000001001110110101011001100
01100111001011011101110110110001
00111101000010011000001110110000
10110000101100111000111011001101
00000000000010100010100010100010
10000110010110100011000110000000
00000000001001010111110010001100
11011000100000000010001000001010
00000000011100110111110101111001
01100101011100011011001000011101
00000000010000011000000111110101
11000011101110001100101101110000
00000000101001001011011110000010
10111001011110101111001011100101
00000000001011101000011110011100
00011111000100000010110010111101
00000000000100000010010001010101
00010100110011101010000011110101
00000000000100110111000010011001
11100110011110001010000001101110
00000000010111110000010110101111
10000000011001010111001100011010
00000000000010010001111001011001
01100010010000101111000000011010
00000000000000010101001011000000
01010011111101000010101001110010
00000000000001111110111100000000
01111000101100011001011110000101
00000000011101010010001110011111
10110000100000001010001101110111
00000000011100111100100100100011
00011100110011110100111010111011
00000000010011100001001100110101
01001111111100010111100100011010
00000000000010110101001000100011
01111101010101001011110110001101
00000000001110111111110110101000
10000000111011011001100110010010
00000000001111100001100111000101
01110000011101000011111001110100
00000000011011111110000111010101
00000000000000000000000000000000
00000000011011100100000011101110
01111001000001110011101101101010
00000000010011110100011110110101
00011010010100101110010011110001
00000000011011001111000110000100
10100111100011010100101100001011
00000000010010000101011000000100
10000111011110100111010010010110
00000000010101100110000110010111
11001110011000000001101000010100
00000000011100101001100001001001
10011010011111011001111001110000
00000000001110011111001100011100
00101000001010101000011001111100
00000000001000010011000001100111
01000001011100001010100110100011
10111101000010011000001110110000
00100111110111110001100101000011
00000000010101010111111101010010
01110101001011111101010011101111
00000000010000000011000110111010
11100000101110101111111010100000
00000000010010101001000010000001
00001110111101011100110101110001
00000000001011000111010111110011
10001101000100000010100001000001
00000000000110001111111101011011
00000000000000000000000000000000
00000000000000000000000000000000
10000010010111010111101110010011
00000000000101110000111010100000
10001001111001011001001111111110
00000000011001100110101111110001
00110011110111001110110001100100
00000000000100101000101001000001
10010111111100110001010101100001
00000000010100111011111001001011
11001101111010111111010100101111
00000000010000111101111111001001
11110101001011110000101010001010
00000000000001101001110011010100
11011110100111011000101000111010
00000000010011010000010000100011
11001100100111000110100110011000
11111001110000111100111100101001
11000011011100011101101011100111
00000000000100011111000111011100
10011101011000111100111101000100
00000000011000011000111110111111
10011001100011111011100100011000
00000000001010000101101000110100
10111101000010011000001110110000
00000000010000001101001101001001
10010110101011011000101010000001
00000000000011000101101100010001
10000011011010000000010000101111
01111001110000111100111100101001
00101010010011001010001010000110
00000000011110100110001000111100
00000000000000000000000000000000
00000000000101000111101010010010
01110111111100010111010101000101
00000000011110110111001000100101
10100100000101110001000000111000
00000000001011010010111011001011
11110110001011100010001000111001
00000000011010001101001100110001
01010110011010110110011111001110
00000000000111111011110000011000
00111111010001010010110100001010
00000000001111001100000011001100
11101001001010001001001101000100
00000000010010001111011100100100
10111100010100011001110011001000
00000000010101010110111111001101
11110101010111101111101000001011
00000000001000100001001011101000
11111000111111001010111110010010
00000000010110011000011000001101
01010010010010010011010100001011
00000000001001000000111000100010
11111001100110011101111100110101
00000000010111100000111000110111
00011111011110111001100011111001
00000000000111011100000011011000
11111000001101110111101100110100
00000000010000000000001001111001
01000110110000101011010101011110
00000000001001110101000011110111
00111101000010011000001110110000
01101001011110110000011010010100
00000111000011111000110011111101
00000000010000100010000110111000
01101110111110001011111011110110
00111101111000001101000001110001
10110100101001100111111100101000
00000000001101101111001110000110
00001100111111001001010000011011
00000000010010111001001110011011
10000001110011100101101000111010
00000000011011011001100101111111
10111001010110000010001110110001
00000000011111100000011001000101
01110101000101100101000111001110
00000000001010000100100011110101
11101010000011100110111111001000
00000000001010111110110000100110
11100011100011101101111000100101
00000000000010011100001101110000
00100110110001111001001110110010
00000000001001111101100010011101
10000010111000001101111010111100
00000000001001001110010000000110
00001001111000110100011010101110
00000000011001010111001100011010
11000010100001000111010111011111
00000000011101010111101000111100
11111110010101101101010001001110
00000000000010110010001101010110
01000010001001001101110001011111
00000000011111001000001011011101
10111100001011101111010000110011
01010110011010110110011111001110
01011011111010101101010100111100
00000000000101101100000101010001
11111001100110100010101110000101
00000000001010110000000001111111
10110001000100011000010011110110
00000000000000000111101011101010
01001110000001011000100011011101
00000000000001001110111000101010
11001110011000000001101000010100
00000000000111111111100110001011
10001011110111100110010101010001
00000000000100100000101011011101
11000101001000100101100100011011
00000000010110101110010010001110
00011110010001010111110011100111
00000000010101110100110010100100
01111101100100100101110000000001
00000000001111001010110010110010
11100101110101111110100001101010
00000000010001011111110100000100
11100111010110000111111111101111
00000000011101010000010111001011
01000111101010010000000110001001
00000000010100100001010110010010
11110011000101010111011000000110
00000000011011001100001110000001
11010100001100100101000110010100
00000000000010011101011111001011
00001101000010101101110100101001
00000000001000000111011111111101
11111101001100000000110100001011
00000000000000001100101101001010
10011001101010011101000101011111
00000000001110100101011011010111
00011101001101110101111100110001
10000101001110111111010110100010
00011110100100001111100010101111
00000000010110111101101001011100
01110100100010001100000111010111
00000000000001001100111001011010
00000110010000110111000110100000
00000000010001001010100101110111
00010011010100111100000101100100
00000000010111000100011111101110
01100001010010001100010000110001
00000000010101100011011100110100
10001010001110110101100010100100
00000000000000000000000000000000
00010111101111110100101110111101
00000000001000100100010101101010
11100000010101010010010010110101
00000000010001011100100110111011
10011101101101110101111100110001
00000000010011001100101010111010
00000101011101001001101100110110
00000000000000000000000000000000
00001000011111011111100000000010
00000000000001100101100100110111
10010100010001101101101011010010
00000000001001100101010111010101
01101110101100011110111001001110
00000000001010000011010100001001
01011011010010110001001000110011
00000000011000100010001101010100
00010110101110100111001100011001
00000000001011110110100110100101
01101110110000000100010000010010
00000000001100111011010010010100
10010111000101011001000111011000
00011001010000100011000000000111
01111001011110010001100000100010
00000000001000010001100001001001
10100110010110010001111011010110
00000000011100011111101100111110
01001110010110101001010110011110
00000000010110011011011000010000
11000001011111100001100101101010
00000000010010000101010010111101
11101111110111011010110101001100
00000000001001011111111011110000
01010110001110001101010101110110
00000000000100000111000001110001
11001100111000011111111010000110
00000000011001101011010111110100
00011011100100011000010001101011
00000000001011101110111100000011
00110011000000001100110111110011
00000000001010101111000011110110
11101101000000101011111011010010
00000000001111101110010000100110
01101001011110110000011010010100
00000000001010100100001111011111
00111000100011001001011011001001
00000000001010111001000011110100
11011000011110101010110001110101
11000111111011110101000001000011
00000011011010110000101000110011
00000000010001101111111111101011
10001110101001001000000010100110
00000000011010100101100100010111
00011000010000011100100011101011
10000101001110111111001111000111
10011110001100110101111000000000
00000000011011101100010000000011
01100011100001100101010101100110
00000000000001100100110010100010
11011110100111011000101000111010
00000000001100110110010101010000
10011111100010010111110111101001
00000000010011011010100100110001
01101111110111011010110101001100
00000000001101010010101111010100
00010101011101100001110011110101
00000000000100100001001101010001
11011001101010100110001011001100
00000000001010111101011100000010
01010101010010010010101011001011
00000000010001011010110011111010
01101010000000101101110111010110
00000000011111001001001111110111
10010101100011011010100101011101
00000000011111101000010110101001
00000101001011111101000101011101
00000000000110110110110100111011
11111010001110000101000110110111
00000000010110111001000100100010
11100101100010111000001110010011
00000000001011101000011001111000
11001111101110101111000100101111
00000000010000011010000111000001
00010111000110101110001001000100
00000000000100100110011110101100
01100101110010000111110100001011
00000000000001101011111101100011
00001000010110110001011011010011
00000000010001001111101000100011
10101001000011010000100000001001
00000000000111111111000100001101
01000111001100110000111000101110
00000000011011010111011001010101
01000001010110100010101111011111
00111101000010011000001110110000
00010011101010010000011011001100
00000000010101111110110011011101
00000010100001011111101101100101
00000000001110011010101000111000
01011111101010100000111101010110
00000000011110101001111111011111
11001111010001001001100101100001
00000000011000011000110100001011
01110010110111100001001001111001
00000000001101001000011110101001
00111010100010011000110011000000
01101001011110110000011010010100
10110100000101001111010100000110
00000000010001110001011111111011
11000001011111100001100101101010
00000000011100001001111101100010
00000000000000000000000000000000
00000000000000111110001001000111
11110111010111010110000010001001
00000000010101010011110100101011
00000000000000000000000000000000
00000000001000100000000101111111
10111111001101101111011111111001
00000000010011010000000010101011
00111001001000010100110011110001
00000000001011101011011101011100
10001010001001101111110100100100
00000000011110000001000001100101
10110111101100011010000100011100
00000000001001101000000000011010
11001000111100011100101100110111
00000000001011000011011001010011
10100111001101101001111100111101
00000000001111011000000001111100
11111110010100110011101100111001
00000000001011101000101010011101
01111001110000111100111100101001
00000000011011000000111100000011
11011110111100111100000110000001
00000000010011011010100100110001
01100110001110100110111110011011
00000000011001111011110010110110
00011011100101100111011100011000
00000000000110101110001111010000
11000010110100000100010100011010
00000000001101100111101100101000
01011100000001110000011101010011
00000000000011111000011101010000
00101000101000001001101100111110
00000000011110111011110010001100
10110100010001011101100110101101
00000000010100001111001010001101
10110111010100011011001001101001
00000000011000010110010000100001
10100110111110100110100111101011
00000000010010000101001001010011
01001011011101011010100101110101
00000000010111101000110111111011
10110010011010001100001011000101
00000000000000000000000000000000
11011100011100001100110111110101
00000000011011001111000101000011
00111101000010011000001110110000
00000000001101000100011100110001
10111011110011000111000011001000
01111010001011101111110101010111
00111000110101101010110010110110
00000000001110110000101100100000
10100000111011100101101100110011
00000000000010011111111100111100
10011100001101100010000111010000
00000000011101000010111000011110
00010011111000010010011111100100
00000000001001010111101010101001
00101010111111101010100011010001
00000000001110001011001000011111
00011111000101110001101111100111
00000000001001100011000111111101
01001110000010101000101010001100
00000000000111110000010010101111
00100100101000110111001110101001
00000000001100110010001111000111
01000101100111011001011011110011
00000000011100011100010001001001
01010001010001101101001011010000
00001111001100111100001011111110
01111101011001010010010011011101
00000000010110111001000101110100
11101101000110101010001111001110
10000000011000011100101100010111
11000010111101111111010111110010
00000000000000001101111010101111
01000011101010101101011001011101
00000000011010111100111010001000
11001101010101100011010110111000
00000000001000110011101001001110
11111000001000111011101011101001
00000000011111000100101110111010
01101101000111001100011101100001
00000000000000110111111100101011
00100011011001100100101101010101
00000000001111001100000101100111
01000011011110001111101111011000
