01111111110000000000000000010011
01111111110000000000000000010011
01111111110000000000000000010011
00001000111011010000100011010011
10001101000000000010011000100111
00001001100111000000001111010011
01111101100100000010000000100111
01100101100000000010011100000111
00000001011010101000110101010011
01100111110100000010110000100111
00000001100100011000100001010011
00000001100110000000000101010011
01011000010000000010010100000111
00000000101100110000110111010011
00000001011111010000110101010011
00000000100100101000001001010011
00001001011100101000111011010011
10000101000000000010101010000111
11100111110000000010001110000111
00000001000101010000000101010011
01110011100000000010100000100111
00001000110000000010011000100111
11101010110100000010101000100111
00010011000000000010001000100111
00100010100100000010011000100111
10100010000100000010010000100111
01110100100000000010111000100111
10010111110000000010100110000111
00000001000100000010000000100111
00001001101010010000101011010011
00000001010011100000101101010011
10101100010000000010100100000111
01110111010000000010000010000111
00001001110111001000100111010011
10100110110000000010000000100111
01101100101000000010110000100111
00111110110100000010100000100111
10010100100100000010000000100111
00000001001100100000011011010011
00001111101000000010010000100111
00000001001000000000110111010011
00000000010111010000111101010011
00001000100111101000010111010011
01101001111000000010000000100111
00000001010100101000111001010011
10111011000000000010001100000111
00100111000000000010100000000111
01000110111000000010000000100111
11110001110000000010100000000111
01110000010000000010000100000111
11110010000100000010000000100111
00000000111111010000110101010011
00001000111110111000100101010011
00000001111110001000001101010011
00001001000000111000011101010011
00000001110011001000111001010011
00000001100100100000100101010011
00000001110010101000111111010011
00001000111110111000011011010011
00000001001110101000101011010011
00001000100111111000110101010011
10110001111100000010001000100111
11011000010000000010100010000111
00110010100000000010000010000111
00101111011100000010001000100111
11111111000000000010010000000111
00000001010101001000101001010011
00000000011010101000101011010011
10110000100100000010001000100111
00000000001010100000100011010011
01101011001100000010010000100111
00000001100111111000001001010011
11111101101100000010100000100111
11010110100000000010110100000111
00000000011101001000111001010011
11100010110100000010001000100111
00000000001101001000101111010011
01011001101000000010100000100111
00001000100100011000100111010011
01000110010000000010110000000111
00001001000001000000100101010011
00001000011101101000101001010011
01001110111000000010011000100111
00001001111100011000100101010011
00000000000001111000100101010011
00000000010001111000100111010011
00110001100000000010100100000111
00111010100000000010010110000111
00000111100000000010010110000111
00100100100000000010111000000111
10111100110000000010100110000111
00100010010000000010010010000111
00000001010110110000100011010011
00000000101001001000001001010011
11111100000000000010001000000111
01110101010100000010101000100111
00010001011100000010100000100111
00001001011010000000101001010011
00000000000010100000101001010011
11110101100000000010001000000111
10110110101100000010010000100111
00000000111001010000010011010011
00000000010110100000001001010011
00011000000100000010000000100111
10111011000000000010001110000111
01011001011100000010011000100111
00000000111110010000010011010011
00001001101111101000001111010011
11100100100000000010110010000111
10011100010000000010111000000111
00000000000101000000100111010011
00000001100001010000110111010011
01010100100000000010110110000111
00001001101010000000100011010011
00001000100011010000100011010011
01111010110000000010101010000111
00000001111100001000000111010011
00000000011011010000000111010011
01110100000000000010111110000111
00001000101111110000000011010011
00000001001011010000111001010011
00001000011010001000010111010011
10110100110000000010010010000111
10111111000000000010100110000111
00110011111100000010000000100111
00101011110000000010001110000111
00000000110000100000111011010011
00001000011111111000111111010011
00111001111100000010010000100111
00011100011100000010001000100111
00001001100011111000000011010011
00010110110000000010010000100111
00111001010000000010110100000111
00001001101101110000101001010011
00101010110000000010000010000111
10011011100000000010101000100111
01001101110000000010100000100111
01110111010000000010000010000111
00110011000100000010010000100111
01000001010000000010111010000111
00000001011111001000000111010011
10110011010000000010010110000111
00000001101101111000100011010011
01011110110000000010011100000111
10100011011100000010100000100111
01010011100000000010100010000111
00000010100000000010110010000111
00001110010000000010000010000111
10110010000000000010001000100111
10111100110000000010010110000111
00000001110101011000001111010011
11111101000000000010110010000111
11111000110000000010000100000111
00110110110000000010111100000111
11001010011000000010111000100111
00000000100011101000101101010011
00000001001111111000011111010011
00000000111001101000000101010011
00000001100010000000101101010011
00001001011111010000100011010011
00000001001110011000000011010011
01110011000100000010001000100111
00100000001000000010100000100111
10001010000100000010111000100111
10001101000000000010110000000111
01000100000000000010101100000111
00100011110100000010011000100111
01011010110000000010111000000111
11010000001000000010110000100111
00001001011110110000010001010011
00000000010010110000010001010011
11000110100000000010011000100111
00001001010000001000111001010011
00100110110000000010011000100111
10101110001100000010101000100111
00000001000110000000101001010011
11010101000000000010000000100111
00000000110110110000110011010011
00111110010000000010001000100111
00000000001111011000010011010011
00001000011111110000001111010011
01110110000000000010001100000111
00000001001011110000011101010011
10000110010000000010100000100111
11001100101100000010100000100111
11101110000000000010111000000111
11011110110000000010111000100111
00000001100000001000010101010011
00001000111011010000111011010011
00000000000011100000101111010011
00110011010100000010011000100111
00001000001110000000001011010011
00110011100000000010011000000111
00000000001011101000111011010011
11011110000000000010011110000111
00000001010001100000101111010011
11010110110000000010100100000111
10010000100000000010000000100111
00001001111100110000001001010011
01100010111000000010000000100111
00000001000010100000110111010011
00001000111011111000110011010011
11111100100000000010111000100111
11010100001100000010011000100111
00000001000100111000100101010011
00001001111100001000111001010011
00000000011110111000101011010011
10000111001100000010100000100111
00000001001001010000001101010011
00000000000010111000111011010011
00000000010100110000001111010011
00001001111011010000101001010011
00000000111100111000010111010011
00001000001110101000101111010011
00001000000001010000101111010011
00000000001011011000111111010011
00001000001101000000101101010011
00001001100110110000000111010011
10000110100000000010101000100111
10101011100000000010101000000111
11100101010000000010000110000111
00000000110100110000100011010011
10000110111000000010011000100111
11101110110000000010011100000111
10101111100000000010001100000111
00001001101101111000011111010011
10111010100000000010100000100111
11101100100000000010010010000111
00001000010110001000110001010011
11101111000000000010010000100111
00111101111000000010111000100111
01011010001100000010011000100111
11001001010000000010010110000111
10000110000000000010010110000111
11100110001000000010101000100111
00000001011011100000111011010011
10011101100000000010101000000111
01110101000000000010001000000111
00001000001010100000100101010011
00000001110110110000101111010011
00001000100100110000001101010011
00010010000000000010100000000111
11110010011000000010010000100111
00000000100010111000101011010011
10010111100000000010001000000111
00000001001011100000100111010011
00001000101011001000011011010011
00000001001100001000101011010011
00001000111101100000000101010011
11011010110000000010001000100111
01110011000000000010111110000111
00001001100111001000101011010011
00001001001101101000110011010011
00000001010000111000001111010011
00000001100100110000111011010011
01100010110000000010011110000111
00000000101011111000000111010011
11101000000000000010101000000111
00000001011101100000011111010011
00000001111011010000110001010011
11001100000000000010011000000111
00000000011010101000101011010011
01100001110000000010001000100111
11111111010000000010001000100111
00000000011011100000011111010011
00001001100100111000100101010011
00001000110011011000111111010011
00001000101011100000111111010011
10100100000100000010000000100111
10111100000100000010100000100111
00001000010011111000111011010011
00000001000100010000101111010011
01101001010000000010001110000111
00001001001011010000000111010011
11101111000000000010011010000111
10110100111000000010010000100111
11011011000100000010111000100111
01001100101100000010100000100111
00111110000000000010001110000111
01000010011000000010100000100111
00000000110110011000100001010011
00011100110000000010110000000111
10110001110000000010101000000111
00001000111000111000001101010011
00001000110001011000101101010011
01001100010100000010001000100111
00000000011000101000101011010011
01100010001100000010011000100111
00001001001111001000101011010011
00001000110111011000111101010011
11111111000000000010100100000111
00000001111001111000010001010011
01111111110000000010100010000111
00000001101110101000101011010011
11101100000000000010110100000111
00010001000000000010101100000111
00001011010000000010011000100111
11110100000000000010101100000111
00001001000111111000011111010011
11011111010000000010010110000111
00000000000000011000100001010011
00000001111011001000011111010011
00000001010111111000001111010011
11110010110000000010010010000111
01111010000000000010100010000111
00001000100010000000111001010011
01001111100000000010100110000111
00011001000000000010100000000111
11000110010000000010010000100111
00001001001111111000111111010011
01010111000000000010110000000111
11000010000000000010111000000111
10110100000000000010100110000111
00000000100101110000110101010011
01110001100100000010011000100111
00000001110000000010011000000111
00000001101011010000111001010011
00000001100110111000011111010011
00001000110011000000101111010011
00000000001000101000111101010011
10100110100000000010000010000111
00001001110001101000011111010011
01100110111100000010001000100111
11010000011000000010110000100111
01111100111000000010111000100111
01100011101100000010001000100111
01011001110000000010100110000111
10001000111100000010101000100111
00001000110111100000110111010011
00000001010101101000111001010011
11101010110000000010111000000111
00000010011100000010101000100111
10100110011100000010001000100111
00001000111101010000010101010011
00011101111000000010010000100111
00001001111010111000110111010011
00001001010110000000000011010011
01111101001100000010100000100111
00000001111000001000100011010011
00001001011110101000101001010011
10100010010100000010010000100111
00000000110000000010011000100111
00001001101001100000110111010011
01000111100000000010111010000111
10010111100000000010011000100111
00001000100000000010000100000111
00001000001001010000011001010011
00001001100110100000100011010011
00000001100100110000001111010011
00001001110010111000011001010011
01110111111100000010110000100111
10111010010000000010100010000111
00000000101001010000010001010011
01111100011100000010111000100111
11100101100000000010110010000111
01001001110100000010101000100111
00101010001100000010101000100111
11101101100000000010101000000111
01111110010000000010010000000111
00110101110000000010111000100111
00101100011000000010001000100111
01110111100000000010101010000111
01110100010000000010011000000111
01010001100000000010010010000111
00111011100000000010101000000111
00000001101101011000001111010011
00001001111000010000010011010011
11010100010000000010100010000111
00011110100000000010101000000111
00001000111110000000110001010011
00001001101011101000011101010011
00000000111000111000101001010011
00000001011111101000011001010011
00000000111001001000111011010011
11111100000000000010001110000111
10110001010000000010001100000111
11100101010000000010001000100111
00100011000000000010011000100111
10011111100000000010001100000111
00010011100100000010111000100111
10110100011100000010101000100111
00001001010110110000111101010011
01011010010100000010110000100111
10001011110000000010101010000111
10001101011000000010011000100111
00001001110000101000100011010011
10110011110000000010010010000111
11010001110000000010011000100111
11011000110000000010010000000111
01101111000000000010010010000111
00100001110000000010100000000111
00101100010000000010010000000111
00001000100101101000110001010011
00001001100110001000000101010011
00000001000001000000010111010011
00110101010000000010010100000111
00001001100101000000010101010011
10001001100000000010101000100111
00001000100110011000011011010011
00001001101110100000101011010011
00001000000110101000101111010011
01100111110000000010111000100111
00001001010000000000000101010011
00100101110100000010011000100111
00000000100011100000110101010011
00000000001011001000011101010011
00000000001101101000011111010011
00001001001111110000101111010011
00000000011000010000111001010011
00001001010100010000011011010011
00000001000010111000011011010011
00000001101011100000101001010011
10101101010000000010000100000111
00000001101101010000111011010011
01100010111100000010100000100111
00001000011100010000100011010011
00001001100010100000000011010011
00011100101100000010111000100111
11100010000000000010110000100111
00101101110000000010010010000111
00000000000100001000101011010011
10111000010000000010000110000111
11011010100000000010010100000111
00000001011000101000010101010011
00001000010101010000101001010011
10110110100000000010000100000111
00001111100000000010001010000111
00010101000100000010010000100111
00101101110000000010011010000111
01101100100000000010100010000111
00111000010000000010000000100111
00001001001011001000111111010011
00001000010010110000010001010011
01111011000000000010111010000111
00001001000101001000000111010011
01100111101000000010010000100111
00101001100000000010001110000111
00100011010000000010001100000111
11010010010100000010001000100111
00000001110001010000001011010011
11111110001000000010101000100111
10101111011000000010010000100111
10001010001100000010000000100111
00001001011111010000110111010011
00000000110110111000001001010011
11010011000000000010101110000111
00001000000101111000010001010011
00000001111111101000110101010011
00000000100110010000001011010011
10001011010100000010111000100111
00001000010110000000011111010011
00000000101111101000101111010011
11111110000000000010101110000111
10010011111100000010101000100111
11100101001000000010000000100111
00001000110101101000111001010011
10011000010100000010111000100111
11101010110000000010011000000111
00001101100000000010101110000111
01111111000000000010110000100111
00001001010110011000011111010011
00000000111101011000001101010011
00001001011110010000010001010011
10001110000000000010100010000111
00000001010101110000100011010011
00001001010110101000110111010011
00001010010000000010110000100111
00000001101111100000100101010011
01111111111000000010101000100111
00000001001001001000000011010011
01101010110000000010111110000111
00000000001010111000111111010011
00011001100000000010010000100111
00000001100001111000001111010011
00001000111101010000001011010011
10011000110000000010000010000111
11110000100000000010011110000111
00000000011100001000100101010011
10001110110000000010110000100111
00001001111010000000111011010011
00000001010010110000111011010011
00000001111110111000100111010011
00000001010000000000101101010011
11010000010100000010111000100111
00000001101101001000000011010011
00001001001010010000110111010011
00001000011001001000001001010011
00001000101111011000111101010011
10001101110000000010101110000111
00000000101110100000100011010011
01011111100000000010110010000111
00001001010111011000111111010011
11010010000000000010011100000111
01111110110000000010000110000111
01001000100100000010000000100111
10111100110000000010000000100111
00000000000100001000111101010011
01001000110000000010111000100111
10010111010000000010000110000111
00001001011000001000010001010011
10110011000000000010111110000111
11100010111000000010111000100111
10101001001000000010000000100111
00000000100111111000011001010011
00000001010111100000000101010011
00001000111110001000101001010011
00010001011000000010110000100111
11111011100000000010011010000111
00001001101101101000011011010011
00001000111001000000111011010011
00001101010000000010010010000111
01110100110100000010101000100111
00001001010010110000000011010011
00000001001111010000100011010011
00001000011101010000010011010011
00000000010100010000010001010011
00000001011010011000110011010011
01000110000100000010011000100111
00001000100100010000010011010011
00001000001000110000000111010011
00001000011001110000001101010011
10111110011100000010110000100111
00000001100110010000101111010011
01000100010000000010010000100111
11101001011100000010010000100111
00000000100101011000101011010011
11101110000000000010000110000111
00000010100000000010010100000111
11011110110000000010010000100111
10110011010000000010001100000111
10111010100100000010001000100111
01100100101100000010111000100111
00000000000100110000001101010011
00001001010010111000100101010011
11101111000000000010110010000111
00000000010111100000010101010011
00000001010111011000010111010011
00001001110111101000110111010011
11001011111000000010001000100111
00000100010000000010101010000111
00000001001111000000000011010011
10001010011000000010110000100111
11101011000100000010110000100111
00000000000101010000110011010011
10110110011100000010101000100111
10010100000000000010110110000111
01111000010000000010001000000111
00001000000110001000010111010011
00000001001001110000000101010011
10111111110000000010100110000111
01111101011100000010001000100111
00111010100000000010100100000111
00001000011010000000010101010011
10100101111100000010000000100111
00100100100000000010010100000111
00000000100011110000101001010011
00001001010100101000100011010011
00000000000100011000111111010011
00000001101100001000110001010011
10000001110000000010101000100111
00001001100001000000010011010011
00000000111110101000111111010011
00001000001011101000101001010011
00000000101000101000110111010011
00000001111100011000001111010011
10001010010000000010001000100111
00000001011000000000010011010011
10001010011000000010011000100111
10010111110000000010101100000111
00101101010000000010101000100111
00000000010001110000100111010011
00001001010000101000000111010011
10001011101100000010001000100111
01010100000000000010010100000111
11000011000000000010000100000111
00001100000000000010001000100111
00000001100010110000011001010011
00000000011100010000101111010011
11010010000000000010011100000111
00001001101001101000100111010011
01111110110000000010101010000111
00000000101110011000111001010011
11001111100000000010000110000111
10100100110000000010001100000111
11100101000000000010110000100111
01001011010000000010010100000111
01101111110000000010010000100111
00000000110010111000001001010011
01010001101000000010001000100111
10001011100000000010100110000111
00100101100000000010000010000111
00001001010000111000101101010011
00000001110011000000000011010011
00000000111100101000010011010011
00001001101001010000110011010011
11110001110000000010110010000111
00001000011110011000110001010011
11101011010000000010101100000111
11110010110000000010100000000111
11000100011000000010010000100111
00000000001100010000110011010011
00000001000111101000000111010011
01111100101000000010000000100111
00001000000011101000110101010011
01011000001100000010011000100111
01000111001000000010110000100111
00011100100000000010111100000111
11010011101000000010110000100111
10011101111000000010111000100111
00000000011110011000111111010011
01101010110000000010111010000111
00000001000000000010001100000111
00110000011100000010100000100111
00000000111110110000001001010011
00000000101100011000001001010011
00000001101000111000000111010011
00010111000000000010101000100111
10011110010000000010000000100111
00000000000010000000011011010011
00000001011011101000100111010011
11111100000000000010011010000111
00100101100000000010010010000111
11110001010100000010011000100111
11110001000000000010010100000111
00001000110000000000101111010011
10001101000000000010010110000111
00010011100000000010000000100111
00000000111111011000011011010011
00001001110111000000001011010011
00001001110011000000001111010011
11001001100000000010100100000111
10101100011100000010100000100111
00000000100000001000011001010011
00010011110000000010000100000111
11100101000000000010110100000111
00000000110101010000100011010011
01000011010100000010000000100111
01010111010100000010111000100111
00001000011100011000100111010011
00001001001110111000111011010011
10100101000000000010001010000111
00000000100110010000010111010011
00000000010100111000011101010011
00001001100000000010110000100111
00000001001100100000111001010011
00010011010000000010111110000111
00001001100011000000011111010011
00000000001001110000001001010011
00000001001111010000001101010011
10101110111100000010010000100111
10101001010000000010011110000111
11000101010100000010011000100111
11101110000000000010001000000111
10101000100000000010001110000111
00111101101000000010000000100111
00000000110011001000101111010011
00001000101101111000101001010011
10010100010000000010101010000111
00000101100000000010100010000111
00000001110001101000001101010011
11010001110100000010100000100111
01001011110100000010001000100111
00001001001100000000000101010011
00110110010100000010001000100111
00000001110000001000101111010011
00001001100111101000111101010011
00001111111100000010010000100111
00000001001010000000000011010011
10001100000000000010010100000111
11011111100000000010000110000111
00001000101100010000101111010011
00000001011001011000011101010011
00000001000110111000001101010011
00000000110111101000001111010011
00001000100000111000001011010011
00110011000000000010100000000111
00000001111000101000010011010011
00110010011000000010001000100111
00001001001100010000100001010011
11111011000000000010110100000111
10101001010000000010111100000111
11010101110000000010000110000111
00001001110100011000111111010011
10101010111000000010110000100111
01010010110100000010101000100111
10100001000000000010011110000111
11111000001000000010000000100111
00000001000101101000011011010011
00001001110000111000011101010011
00000000011010010000101011010011
00000000110110101000001101010011
00000000100010101000011111010011
01111011000000000010100000000111
00110101001100000010010000100111
00010000010000000010101010000111
00001111100000000010111110000111
10111001001000000010000000100111
10000100010000000010011000000111
00000011110000000010110000000111
00001001101010001000101111010011
01010010110100000010100000100111
11011111111000000010111000100111
00000000100100011000111011010011
01100001010000000010001100000111
00001000011111000000011001010011
00001001001100100000110111010011
10100000110000000010101000100111
00000001110001100000001011010011
01001001111100000010110000100111
01110111010000000010010110000111
10001111100000000010101000000111
00000001000011000000001001010011
00001000010101110000011011010011
00001000011111100000011011010011
01010111010000000010010010000111
00000001000100100000010101010011
11101010000000000010100100000111
11011101000000000010100110000111
00001001111000110000100011010011
00000000011100010000100011010011
11011111010000000010111110000111
00000001101110000000001111010011
00001001111101011000000011010011
01001111010000000010101000000111
00111110000000000010100000100111
10111011010000000010000100000111
00001001110001011000011011010011
11011101010100000010000000100111
00001000001111110000111111010011
00011010001000000010011000100111
00111110000000000010001000100111
00001000100110101000110111010011
00001000101001111000011111010011
11101100000000000010010010000111
10011111011100000010010000100111
00011010011100000010001000100111
00101000011000000010001000100111
00001001010011111000011101010011
00000000011111110000101001010011
00111000001000000010110000100111
00110000010100000010110000100111
00000000110001110000011011010011
00000000100100011000000011010011
11110110000000000010111000000111
00001001101011101000000111010011
00010101100000000010101100000111
00000001001110110000000011010011
01000010111000000010100000100111
00110010000000000010111000100111
11111110100000000010000000100111
00000000111000110000000101010011
01100001010000000010100110000111
00110010100000000010100010000111
00000001001111010000010011010011
10101010010000000010101010000111
00001001011011110000000011010011
00001000011101000000111011010011
00001000101000110000100101010011
00000000110010001000100001010011
00000001110110100000111011010011
00001000101101011000010101010011
10110110110000000010001000000111
10110111001100000010011000100111
00001001110110111000100011010011
00101111100000000010001010000111
01100001101000000010001000100111
00001000011010011000001111010011
00000001101010101000100101010011
00001001101100000000011001010011
00001001110010011000110101010011
11100001010000000010010110000111
10001110100000000010101000100111
00001000100101111000000101010011
10001101011100000010110000100111
10011101100000000010010010000111
00011111110100000010001000100111
11011100110000000010001000100111
00001001000111101000001101010011
00000001001001010000100111010011
10010010010000000010011110000111
01011010100000000010101000000111
00001001101101011000110001010011
01010000110000000010101110000111
00000001110110001000101111010011
00000001100101010000101011010011
11000111000000000010011110000111
00001000001101000000110001010011
01010101000000000010100000100111
00000001111000001000010111010011
10001110100000000010111100000111
00000001101011101000010011010011
11000000000000000010000010000111
00001000110111110000001011010011
11001011110100000010100000100111
01100001100000000010111000000111
00000000100110010000111001010011
10001001000000000010100000100111
00001001001000011000010111010011
00001000011111011000001011010011
00111001100000000010111100000111
01101010010000000010111000100111
00001001000101011000101101010011
00000001110000101000100101010011
00001001111101111000010001010011
00000001010001111000010001010011
10101000100100000010011000100111
11011110100000000010110000100111
00001000011100011000000101010011
10000011000000000010001000000111
10100101010000000010011000100111
00000001100001010000001011010011
10100001010000000010010000100111
00001001010101100000111001010011
00001000111011101000000011010011
01111010100100000010101000100111
10110011011000000010010000100111
00110100110000000010111010000111
00001000001111010000101001010011
01101100010000000010011010000111
00000000001010000000010111010011
00000000011010001000011011010011
00000001100000101000011001010011
10101000110000000010010100000111
01011001011100000010100000100111
00000001111111111000001011010011
00000000110110110000000111010011
00000001111011111000011001010011
00000000111100101000101011010011
00010000101100000010101000100111
00000000110101110000010111010011
00000000000100100000011111010011
11100101001000000010000000100111
00111000110000000010111110000111
11011111111000000010101000100111
00000000101001011000101011010011
11100110110000000010011000000111
00000001110001111000110111010011
00000001100001110000101111010011
00111111010000000010101110000111
00001000011011011000111011010011
00101010110000000010100100000111
11100100100000000010000100000111
11110000101100000010111000100111
00000001111100111000010001010011
00000001001100110000001111010011
00001001100011110000101111010011
11011100010000000010101000000111
10011101000000000010100000000111
00011010110000000010110110000111
00100111100000000010010000000111
00001001010011110000111001010011
00001001011111110000110111010011
00001001101110110000101101010011
11111011100000000010110110000111
10110001000000000010111000100111
00001000100011010000000111010011
10011110100000000010110000100111
00000000101000110000100101010011
10000101100000000010100000100111
10011010100000000010100110000111
00000000111101011000100101010011
01100101010100000010001000100111
10110111010000000010100010000111
00011110100000000010100000000111
11010111010000000010010110000111
11110100100000000010010110000111
00001001111010100000101011010011
10001100001000000010000000100111
00000000011100000000011101010011
00000001110110110000001111010011
00000000111100001000000111010011
00001001110000101000100101010011
00001000111001101000010101010011
00001000111100011000000101010011
00110001101100000010001000100111
01110111010100000010001000100111
10101001100000000010100000000111
00010100010100000010110000100111
00001001100011100000010011010011
00001001111110101000110011010011
00000000110010100000111001010011
01111101010000000010101000000111
10011101010000000010010010000111
00001001001001111000100101010011
00000000000100110000010111010011
01100101011100000010110000100111
00000000110000000000100101010011
11100001110000000010111000100111
00001001000000000010010110000111
00000001110000111000011001010011
00000001110111001000001011010011
00011110010000000010001100000111
10101001011000000010010000100111
11000011100000000010110000100111
00001000100100011000000111010011
00001000110001001000100101010011
01011110100000000010101110000111
10010010000000000010000010000111
00001000001111010000011101010011
00000000110011011000011001010011
10000001010000000010011000100111
01011110110000000010101010000111
00110001100000000010010000000111
00000000101000001000110011010011
00001001100101100000110001010011
00101110000000000010001010000111
00000000110101001000101011010011
11001110110000000010100000100111
10101000010100000010011000100111
00000001001001110000001111010011
10110001110100000010001000100111
11011001100000000010100010000111
00000000000010111000000111010011
01011110010000000010100000100111
00010011111000000010010000100111
00000001111000010000111011010011
11100010100100000010011000100111
00000001110100000000010101010011
11010111101100000010111000100111
01101110110000000010000110000111
00001001011100000000111001010011
00001000101000001000100011010011
11001110010100000010010000100111
10011001110000000010011110000111
00000000010000000000101111010011
00010011101000000010101000100111
01101101101000000010101000100111
01100100000000000010010000100111
10000001000000000010110100000111
00000001101011111000100001010011
00100100010000000010011000000111
00001000101100100000101101010011
00000001110001101000111111010011
00000001011010001000101011010011
00001001000010000000001101010011
10111111101000000010111000100111
00001001111101010000011101010011
00001000010110100000101001010011
00001001101001001000001101010011
11100100111000000010001000100111
00000000100110000000110111010011
00000000100100101000100011010011
00001001100101100000001111010011
00001000010100111000100011010011
00001000100000100000011111010011
00000000100101001000111111010011
00001000010100011000100101010011
11001110110000000010001000100111
10100011010000000010110100000111
00001001010000110000101001010011
11000100010000000010100010000111
01000111100000000010000100000111
00001000000010101000111011010011
01000000011000000010110000100111
00001000101011010000010011010011
00100101101100000010000000100111
00000000010110011000000111010011
00000000110001000000100101010011
00010100000000000010100100000111
00001001010011110000100011010011
01111010111100000010111000100111
11110100110000000010000010000111
00000001101000101000100001010011
11000011001000000010000000100111
00000001000010111000111111010011
11000100100000000010001000100111
00011010100000000010001000100111
00000000011111111000000011010011
11001000101000000010000000100111
00000000000101011000000101010011
01110101110000000010111000100111
00000001001001011000101011010011
00111011001100000010100000100111
00101100010000000010011000100111
00000001000000010000100001010011
00001001001011101000010011010011
00110111101000000010101000100111
00110111000100000010110000100111
00000001001101111000101101010011
01010111101000000010111000100111
00101100111000000010001000100111
00001001000010011000000111010011
00101110100000000010001000100111
11100010100000000010110010000111
11111011000000000010001000100111
00000001100100000000011111010011
00000001111110110000011001010011
00001001010010000000001101010011
00001101000100000010001000100111
00110000001100000010011000100111
00001100100000000010110000100111
00000000000110110000111001010011
00000000000000100000101011010011
00001001010001101000100111010011
00000000111111010000110001010011
00001001101011011000100011010011
00001001100001111000100111010011
00000000011111101000010111010011
11001100000000000010110010000111
00101010101100000010001000100111
00100010001000000010111000100111
00001001110001001000101101010011
01010101010000000010101110000111
00000000010110101000001001010011
00001000010010101000100001010011
00110000000100000010011000100111
00101100110000000010000000100111
00001001110010100000001001010011
10100111111000000010010000100111
00001010010000000010001100000111
00110011000100000010101000100111
10010110010000000010111010000111
00000001010000011000101101010011
00000000000010111000010111010011
00000000111100111000111111010011
00001000111000100000010111010011
11010101000000000010111010000111
00000000101000000000110001010011
11010010000000000010100110000111
10111000000000000010011000000111
00000000110000011000000101010011
00001001011000110000110101010011
00111111110000000010001010000111
00000000000000000000000001110011
00000000001001000011110010101001
01111111001110011011111001000001
00000000001111111100001001011010
11001101001100111111110111010110
00000000011111000101011100101100
01011111001111011101101000100100
00000000000000101100110100000010
11000010011001000011011100110111
00000000010101101100111011000001
11001101110010011000010011100001
00000000001110001100010001111011
10111011101000111101111110011011
00000000001000000110100100111010
00011010010100110111110100110000
00000000010001011001011001110011
00110001111101000000100111110010
00000000000110110100110001011000
01110111111100100100000001111100
00000000011101010000001101101110
11010111001110000101011101110101
00000000001011110010001011110000
00111011001001010101111101110010
00000000001001000111100011110010
01101010000010101001010110111111
00000000001110111001010010000010
10000011010110100110011000100010
00000000011101111110100100101010
01011110011000110001010110100100
00000000011010101000000001101011
10100000111100110011000111110101
00000000000110100011011001100100
10000000101011000001011011001101
00000000001101000101111111101101
11010000101001101011010010011100
00000000000111111101110110000000
00011010001001111111000110001001
00000000011100011110000110100111
10110110100110010100000001000000
00000000011101000110000010111111
00010101100010000111000101101111
00000000000100110011010110111110
00101110111000111000001011111011
00000000010111000110000101110101
10100001001100011110010100001011
00000000001000101100000101100110
00000010000011100100000010110000
00000000001011011100010000010001
10100100111111010011111101101111
00000000011110110001000101010111
00000100010101110000000001010110
00000000000110000000000000110100
01110011110101001111000100000111
00000000000011100001011000001111
11010100111001011100011110000001
00000000011101010000110011010100
10111010010010111111110111011000
00000000000010011111110011100000
01011110111001100111100100001101
00000000001000100001110001001100
00100110001110110011100101010110
00000000010110111101110010110011
00000011101110011110110100011100
00000000011100100111011101101010
10111010110111101010000100010110
00000000010010111001111000100110
00111000101101010011111001110101
00000000001000110101000101011010
01110000111101111001111011111110
00000000010001110110110101001111
01111010101001100101111111101101
00000000000100111010001000000011
11100101010000011111100101110011
00000000010101101010111110100010
11000100101000111100100001000111
00000000011111111100101001101100
11101001100111000111101101011000
00000000000110011000100101010110
11101111010111110001100011110000
00000000010011101110111111110100
11001110111101110000100111000100
00000000010110111010111010010111
11001000001010011111101001001010
00000000010100110000101010011101
10100010001000011001110101111111
00000000011110111100100101110001
11100100101011000100000001110000
00000000010000010011110010010100
11110101100101100111011110111011
00000000000000100110110101010101
10101101101100000100000111101100
00000000011110000100001011111010
00100100111000000011100100011101
00000000010110010011000010000100
10000001000010111111101011110000
00000000011111100111000001000111
11011110110100000010010000010101
00000000001100100001100111111110
11100101000100110110110011001111
00000000010100010111000110100000
11010010001110110000111011100001
00000000010000110100100000001101
00110101000001110001011000101001
00000000001001111111011001100100
11100010100000100111110010111110
00000000010011111111110000100000
11011011001110101000000110000010
00000000011010010101111010101001
00111000011110011010100110110001
00000000010000110111010001011110
00101110101101011101001010100111
00000000011101110000100111001011
11000101010110010010011101010000
00000000011111110111110000111111
10111110011011110000101011001001
00000000011100001001111110011110
00011100111110101000001100000001
00000000011001001110011001101000
00111111011111011110000001111010
00000000010001111101100001001100
11101010010011111000010111111010
00000000000000110001110100001110
00110101101000001101111000111011
00000000011111011011000011101100
01100000111100001100010100010011
00000000000100100000000001100001
01101010110010110000100001001110
00000000001100001000001010110000
11111110011101000111000000100111
00000000010100011011010000010101
11100101100111011011100001100011
00000000001010110011101100111110
10100001010010111110001110100011
00000000010100100110101001110111
01001101110110000011100001011110
00000000010000101000100010101110
00111110101101111011000010111011
00000000010000011100100110010110
00001010000011100101110101000000
00000000011101101000111111100010
11100000100101101111001111100101
00000000001000011101110010110100
01000110110110001001100110101111
00000000000000111010001011000010
10000011110110010110000000000101
00000000011101011000101100000101
10100000111101011010011011011101
00000000010010110010101100010111
00110000010100011010001110111111
00000000000101110101010100111100
11010000011101110110011010101111
00000000000110011011101110010011
10000100100011101100010000110001
00000000010100010010001100111011
11010101110110011100100000000101
00000000011001110011111000101000
11001010000100001011110000000111
00000000011110111011010001001001
10011010101001001101000001111100
00000000010111110011000110111111
00101101011110000100100011000010
00000000011010010000101000001111
01010011001101011110110101001110
00000000001100011101111110111011
11000000000101111100110100000011
00000000010010001100010011100111
01010110110000111000100110110000
00000000011010101101010110111111
00100100011000100111110010110110
00000000000001000010000011000000
11000000000001111011111101100111
00000000001010010101100111010000
00011100111101011111010001111011
00000000010011111111111010000101
10011001010101000100110010101100
00000000001010101111010101101001
00010110110110000100111011100000
00000000001111100001001101011000
00111000011011100100011100001111
00000000010110011000001000101100
01011000101100000101111010001111
00000000010101110010001011110000
01000110101010001101111101001111
00000000011111111000100111000101
01111110000000000011010000101110
00000000000101101000011010110111
01000000111010101101111010001000
00000000000000011100001001101010
10111100110111111111000000001100
00000000011000110000010110000100
01110011101111001110000101011011
00000000000010110100100110000110
01111000000101111110001101110110
00000000000110001100010000111000
01111100110110110001111010010001
00000000010011001100111010100110
11111001010110110000110000001100
00000000000000000001010010001110
10001010000001000010001111000000
00000000001001011101111101011111
10101011011110001011001010011010
00000000010001110000000100010000
01110011011001011011010001100110
00000000001100111110000110001010
01010010010011111010000000010101
00000000000100001100100010011100
11111001001111110000011110011000
00000000010110101001010100100010
00101000100111111110100001110100
00000000011111101111110001010111
00110110010101110110101101101100
00000000001001101000010111111110
11001100010111100111000100010100
00000000010110101100000001101100
01100001001101001100010100011100
00000000000011100000000100001111
01001111001101000111100101111100
00000000001101001110100100001000
00011001110010101000110000001101
00000000001111000010110000100110
01111100011001010001011011111011
00000000000100110111110100111100
11111110100110010001011001001011
00000000011001110001011110100011
11100001110000111000001111111001
00000000001001101101111100101001
10000111011011101001100010010101
00000000000100110010000001011100
10010110111111101011100110001001
00000000011100101010101001000000
11011011111000111100111101101110
00000000001000110110100110001100
10010011010000001101111011110011
00000000000001101100101010001001
00000001111110110011011001001110
00000000000110011111100001111111
11000100110110101101001011000001
00000000000011000110100110001011
01011100101111100011010000001011
00000000001110011100010110110001
11101111001011101101010001101111
00000000000101010010010100101010
11000000101100100000101110111001
00000000010000101000100010000010
10010100011100010001111110101001
00000000011000001000000001010110
00001100100001010110110100101000
00000000010011000010101010011110
10110111101001101111101111010100
00000000001001011000100001100100
00010011001101100101111110000111
00000000011010101000111011011100
01110101011000110100111000100011
00000000000010111110111000001100
01110001101110010001100000010011
00000000011000100001110011010110
10011100110011100110000100100110
00000000001001101100011110110110
11011100011110000111001011101111
00000000001100100011000110010100
00111010100000110000100000000101
00000000010101101011101011100001
01011001001111110010111100101101
00000000011001011000101111001010
11000101011111110101110010110010
00000000001101110010010010101010
00111111110100000111010000111110
00000000011101101001011000011110
10101000001110010010000001011111
00000000010101011000011111100001
00101011011001010001000000100000
00000000011111110100110010111010
11111111000010111001001011011111
00000000000001101001010000011100
00011000000011001010110000110010
00000000000000110010000101010110
00001001011010001001010000011010
00000000011111001101111100100110
01000001111100001000110010110110
00000000001000000101101000101110
01001110100011001100001111110011
00000000010100110111110001100110
00100111011110101001111001101011
00000000001100100111001111101110
11101000111001110111011110111110
00000000010010111100100101000011
10010111101110100001001010011001
00000000011110110100101000101110
00011010011111011000010110110101
00000000011100000100010000111011
11011100000101110100101000011110
00000000001101110101101011110111
01110111001001111110001011111010
00000000010011010100010000010000
11101001001100111001011110010011
00000000000100010100101011101110
00000100011111011011011010101100
00000000010000000100011010001000
01010000011001111010010100101011
00000000001010110110111011001001
10001001111001101011110101101110
00000000001110110010010110000000
10110000011101011011000011100010
00000000000101110111000010000000
11100001111011101100111011110111
00000000000100000000011011111001
10011000110001000111110110010111
00000000011010100000011110110001
01101000101100100101111001110101
00000000010101111101000110111011
10000101111100010011110101001110
00000000011011110000111110000011
00000000010110110111010110010100
00000000010011001010011010111011
10101010001111010110011100001100
00000000010010011010000110111100
00001101011101110001100000111000
00000000011000110100011101110111
10000001101010110010010110010111
00000000010101010000000111010110
01010010000001110001011101001000
00000000000100000001011011000110
10110100101110110101001101110010
00000000000111000010001100110100
01001101011101000010100100010001
00000000010010010111011010100101
01011100101100110100101101010100
00000000011101111111000001001000
00001101100001111010000111011111
00000000011101011110110111100111
01110111011011001010101001110100
00000000000001010010110001100111
10011100101010110000111001111111
00000000010000100001101111101001
11011001010001000111011010101100
00000000000110011110110111011101
01101111110110111101100100011111
00000000000110111101001100101101
01101110110111000110000100000101
00000000011010001010101101111100
00100011001111110101000110001111
00000000011010100011101110001100
10000100001110001011100101011111
00000000010110010001010110001011
11111100101000110111111011011010
00000000010111101011010000100001
10100110000011110111111110011010
00000000001010010111111111011011
10000100001110001100000101110111
00000000001011101110101100000100
11010000111111101000010001101000
00000000011011011011000110001011
10101110000110000000011010101101
00000000001000111101001100011101
01001111110001111100111010111110
00000000001001101100000010100100
10001010110111001110000111100110
00000000011000010101100011101111
00010010100010010101010110010111
00000000000110100111110001010001
01000000100010010110011110110011
00000000000011000011001010100010
10101000001001010010101010101010
00000000010011110100100111000001
10010101000111111011011110101111
00000000011011000111000000100111
00000111111101101000000100111111
00000000010110111110101010110001
10111000110010010011100000010101
00000000000111111101000000011011
10011111100000011010010001011010
00000000001011000001111000110100
11000110000001010111101110101011
00000000000100001111000011000010
10110010001000101001110111100000
00000000001011001101001111101011
01001000011100011010101110110101
00000000001111100101100111111101
01000101101011101001011100001101
00000000000101101111000011100011
01010000011110000111010110001100
00000000010111110100101011110100
10110111111100110110100101110101
00000000001001100011111010111000
01100110011101111110000001001011
00000000011111001000000010001000
10011111111010101101100101000001
00000000001001110000110101011101
00000011101011011110011011011010
00000000010001110100000001100111
01010101100101010000101001011001
00000000010010111011001110000101
11011100011011101011100011001011
00000000011001100111010011111001
10000100110100110100100000010100
00000000010111010111100110110001
11010100001010001000010101111010
00000000010000110001101010101000
00101000001110001010011011010011
00000000000001111110011100000000
11001001000110101100011001111101
00000000001101001011110101010001
01101001001110000101001000010101
00000000000111001101010011001010
01111110111000010001000011011010
00000000001001110101000110010111
01001001010001100100111010111110
00000000000110010111110100110101
00111010100001010110010110000111
00000000011011000100100011000001
00101010010101000101100111110011
00000000011101110001101001000111
11010110111001010011101010011101
00000000000110010101010100001100
11101011000111110000010000111011
00000000001100101000010100110011
11000011000100100110100010100001
00000000010100011011000011111000
01101011101001010110110010001001
00000000011010110101110010110111
10000001111111010101101010110110
00000000001101001010000010110000
10110100110001011100100110101001
00000000011011010011011010101101
00111100110100100000111101111001
00000000000000110001111000101000
01101101101001010101010110000010
00000000001100101010010011010110
00011100100111100010011001111000
00000000000010000110001100000110
01101011000101110111010101111100
00000000000001111110110000001111
11000100011100010010001011101001
00000000000010000100101101101010
01001011011011110011111001110111
00000000011111000110000111010010
10110011011101110111111100100011
00000000011000000100110101101001
00100101101000010011000110100100
00000000000011110100101011000110
01011001001111000001111101111000
00000000000101101001000001011000
00100100111101101101101110010011
00000000011011001110001001010010
00011111111000001000001111110100
00000000000000111010001001111111
00011000101110111100011111110101
00000000000011111000100100111011
00010101100010000110111001101000
00000000000011111011110001001011
00101001100110110001010110011100
00000000001101101000101001011011
01011111110101110101100110101010
00000000011001010100010101111100
11100011111111011101100111011111
00000000000010001100100101010110
00110101001101101010000111011010
00000000001001001010101001010011
01100010101100110101001111001011
00000000010010111000101110000011
10011011000100101101010110111011
00000000011001100111011101001001
00111101010110100101100110101000
00000000000100011100010100111011
01100010010010101001101101101110
00000000000010010001110100100111
00100111100001101011000000101010
00000000010111010011100011110001
00011110111101000111001011110011
00000000000100011011000000010111
00000000000001101010000101010001
00000000001101000101101001000111
10000110110000100100001100100110
00000000001000111111111100101111
01010011111011000000111001100111
00000000011110110111100000101001
11110010111111110101001000111100
00000000010011000010110110010100
11000000001111011010101011101000
00000000000011100110000001001001
01001000101101101100111111011101
00000000011101100100001110001100
00111000110001110000100010000110
00000000001101001110010101110000
00101011011001100111110011110111
00000000001101111101000111110001
10110110010010110010111010000000
00000000000111111111011001000000
11111111010000110111110001100111
00000000001100101001000011110011
00111111000001100010100001111010
00000000011010011110110111001010
10010100011001010001111111000111
00000000000100001010110111100111
01011110000100000110010110010011
00000000001110100101110111010001
10010011111101111001001110000100
00000000001001111110100111101111
10010001100010101001001100110111
00000000011101011100011111000111
11011011101101011001000010000010
00000000001101000000110111001100
10001101100101010000001010011000
00000000000011011010000110010010
01011101001101001010010000100000
00000000011110000011010011000100
01000101000001100110111011100000
00000000000001000000101011111111
01010110110100010011101111011111
00000000010011010101100010001111
11100010100110101000010000110011
00000000001110011010000010010101
10000010000100100101100100111000
00000000010110001010001101100100
00000101000110100111111100000111
00000000011001101011110000000110
11100101111011100011111010010000
00000000001110010100100000110111
10101110101000000101010111110100
00000000010001111111011101010010
10101000101111011111011101001110
00000000001111101110001111010001
10101100010110110101011000101010
00000000001110101010001101010011
10111110010010011111111000000000
00000000000010000000111011100000
11111101100000101011001101000000
00000000000010101001010110110011
01001000010100100101001011011110
00000000001010101100000101000110
10010001000010001010000001010010
00000000010001111000110000101010
10111110010110100100011000100010
00000000000001111001101010001000
10000000010000111110001000111011
00000000011011110101001010010111
10000001000110110110100001111010
00000000001111000010110001110000
01010111101110111110001110100100
00000000010101110101011010010000
10001110010011111110100100110101
00000000001110101110100000001000
00010001000011101100100001011010
00000000010010001110000110001011
11011111010001100101011001101001
00000000000000000110000000110111
01111101000101111011010100100110
00000000010011110111100100111011
10010001001110101010001001001010
00000000000000011111011001101011
11100101000110011010100111101011
00000000000010010001101100011010
01100100011001101000101101110000
00000000010110001000001111010000
01011010100100001000101111010110
00000000001010001001010110011101
00000011000101110101001110000010
00000000001110011101001010011110
10000101101101111011011110011100
00000000011110000001111001110111
00101000001101000001011011001111
00000000010110001011000100000101
10110011110000000100001111010110
00000000000001110110010000110011
01000111101111000110011100000011
00000000011000110010100111101010
10101000110111110001101100110010
00000000000011111001011100101000
01000011000010000011010110010001
00000000010100010110111101010111
00110001110100100111101100001101
00000000000001010000000110010101
11011001001101011100100101101011
00000000000010110100010101111010
00010000011010101100000111000001
00000000011101110010110111001100
00001001011011111000001111100001
00000000001000110001101010010111
00001100000011111010110110100101
00000000001110110001110101000000
10010011110000000100000010100011
00000000001111110010101101101111
01010010111000010101101001100101
00000000001100001110101110110110
10101101101101011100000111010101
00000000011010101001010110011001
11010000010001000010000100110110
00000000010000111101000010000100
11100000001011010000110111100011
00000000011001001000011000111110
11010010101001000000001111010100
00000000001011000100100111111000
00001110000001110000101101011010
00000000010100100110101011100100
11110001011000001011100100100001
00000000011111101011000111010001
00100100001000010100000111100111
00000000010010000101101100110100
10001000011010010010001001110001
00000000000111111101010101001010
11100110000010111100011111000101
00000000011100101110100110111101
11110101001011000011111110011111
00000000000001101111011100010110
01010101011101110000011011111111
00000000000111111100001111111011
11001000110111110101011101011011
00000000011100100001110111011110
01000100101011111100011100110011
00000000001000101110100000000011
00111111101000111110100100111101
00000000000010111010011100011110
01101100010101000100110011100010
00000000011101111001000011011011
11000110101101111001110010111100
00000000000111110011000001101000
01011100101001101100101101000101
00000000011011010110101110101100
11100101010101000010000000111111
00000000010011011100001010000101
11111101110110111100100000111011
00000000010010011011000000011110
01001111010101000101010001001110
00000000001001100001010000101010
01111000100010010100000100111000
00000000010010011100100110011111
01110100101100101001011001111101
00000000001111010110000111011100
10010011001001001011010001011100
00000000001100101110101101001001
01100110101100010010001011111011
00000000011001010111101110111110
01111100100011100001110101000011
00000000000100110001001000010110
10100100000011010111101001010110
00000000001000100000000101100011
01111010000000001111110001101100
00000000001011110001011100001110
11101010110111001110111111101101
00000000001001111011001111100100
00000111110110100001001111010011
00000000001000000010011100100001
01000011101010110111000011000010
00000000000010001010011001000110
00011101110110001110101110111111
00000000011011100001111000110100
01111011000111001011000001000110
00000000000111100011100101110110
01001100011011111110100001011001
00000000011101111101010001000010
10110110010111110101110000010000
00000000011100100011000110011100
10110000001111111110111110100010
00000000010000101100010100100011
10011010110011100011100000100101
00000000010001011010111000110010
10111100011010101010101100000010
00000000000110000010111010101101
01110101011100110101111010011000
00000000000000100000110010011111
11111001111110100010110010011110
00000000001110010101101010000111
11011100000010100000010001110010
00000000000011001110110000100000
11100101001011011000000100110110
00000000011010011001010101100111
11100010111001001011001110000101
00000000010100101111010000000011
11011000111011000101100001101111
00000000000101110110000010110100
01111001101011111001111010010000
00000000001100100100110101011111
00111000011101011011010000001100
00000000010001011000000010100100
01011101001101001010001110101100
00000000011001001001110011110000
01001110110100110100110011010011
00000000010001101101001010111011
10010010111100110001000100010110
00000000000100011110010010000101
11110001111101101100010011100110
00000000001010000011011011000111
00101101010101000001111111101101
00000000010100001110111111001101
00101101100110100001000111111101
00000000010011110011010100011101
11011001000011110000110000111011
00000000010011111011001111110011
10100101010100111100101101001100
00000000010011110111010101000100
10001101110111011011111011011110
00000000010000111100100011000001
01011001011101100010010001110101
00000000000000111111101000001011
11010110001001000010000000000001
00000000000000000001001111001100
00000011111001011110000000011011
00000000001010010000001010000100
00100010111010110000011001001000
00000000011101101011110111011100
00111010111111101101011000001101
00000000000010111000111101100000
00010110010011111100011101001010
00000000000011110001010010110110
11101111100000111101011001101110
00000000001001111111001001000011
11001101000010111000010011101101
00000000001000110110000111011101
10101011100001010010010110011000
00000000010001101111101111000101
10110100011101101110010101010001
00000000001111111100010101101110
00011000010101111100000111100101
00000000010011100111011001001011
00101000001111010011100111101101
00000000011111001000100000111101
01110001110010101110001111011100
00000000001111101100101111100001
11010000010001110011101110111011
00000000001111110000000111000010
11110011111011000000110111100000
00000000001000110010000001011000
01101110010111111101011110011100
00000000011010011101101111010111
01000111101101110111001000001111
00000000010011101000000001111100
10111110000001100110010001011000
00000000011100100001010001010101
10111101101111001101011000111011
00000000001100001011011011110010
10000011110011101111000000110101
00000000000011100100001011110101
11011001101100011001101110110111
00000000001101100001111011001010
11100111110010001111100100101111
00000000011010100011000101000000
10001111101111101011111100010010
00000000001110010000010111110111
00101000100111100011010000010011
00000000001010101101011101011101
00000011011111101000110110001001
00000000010010011101110010000000
00111100010010011110110000001011
00000000000100010101101110100001
01111110001011101010101101100000
00000000001001101011101001100011
11110011011011100001000011111000
00000000010111111001000110011001
10100000100110111111001010100100
00000000001111111010110101110000
10010111011100000111100010000000
00000000001100011011000101100111
00010010001101001010000010101101
00000000011010001011100110111101
01010101111011100010001011101000
00000000001101010100011000101000
10110111111100100000011111110000
00000000000001000111011111111110
01110100001010000000001110011110
00000000011100100110100010110001
00010110100001101000110100011101
00000000010111111001101100110110
00010001111100100010000001000000
00000000001000100010111001100110
00010010001011110001001000100011
00000000000011010000101011000110
01101111000011110111100111011000
00000000000010110000110010110100
11100010100101010000110111100011
00000000000011101101110001000110
01011111101101000111010110111111
00000000001000100101110001110000
11001010110000010001111100011110
00000000001001001000000000011010
00011001001101110000110011000001
00000000010100000110110000110101
01100001110001011110110010010101
00000000011000000010001101110100
01101100100011101000000011001000
00000000000111010100001000001001
10001100010110100011011010100111
00000000011100001111011001101011
11001001001011110011011011111101
00000000001101001101011000010011
10001011101011000101110000000010
00000000001010110100111001001110
11010000010001110111111111001110
00000000001111001110000010101101
10001011111000100011100110101010
00000000001111111001010001001000
11010011100101010101111110010100
00000000001101001101010101111100
10100001111011111000100100100100
00000000000100101100101001010100
10011010011011011010011000110010
00000000001100101100100110011111
11000111010010110001111001110100
00000000010111100110001100001001
10111001110000001001111100001111
00000000011000110111100101010011
01110010111100110001010011111101
00000000001001101100111110111001
00010011000001101011010010011111
00000000000111010110000000000101
11010110111001000000001110011110
00000000001100111101110010011011
00101100001110111110110011100011
00000000001101101010111010111000
11010100010000101001111010010101
00000000011000001111110110111010
10101000000111000110000110001011
00000000001110001010101100000010
10011101100010110010001001101110
00000000000000101010110110100000
00000011000011011111001100101011
00000000010001100011101111110101
01110010100000110000100000010110
00000000001110000101010011111010
10001011100001001101111101010001
00000000000000101001011001101010
01111011111011111110001111100111
00000000001001010000111001011101
01110100001101100101001111001011
00000000011011100001101000100001
10101100001000101010111110000111
00000000000000110101001101101111
01000111101000110111111110001110
00000000010100101100101000101101
11001101001111110010101100011101
00000000001001011100000111101100
11001001100110000011010110011101
00000000001111110011101000101001
01100011010001000100110000001110
00000000000011011011111110010011
10010000010111000100100111100101
00000000011100101001011100111111
01010101110110001000110110000010
00000000010110010111010100101000
01111111001000010001001001000010
00000000001000010100111001100110
00101100101011110101011101100010
00000000011011110100000101100110
10001110010010101010011111110100
00000000000000010011001001111111
01110011110000000001110011000000
00000000010000111110011011110000
01110001010010111101011001001101
00000000010010001000101101010111
10100111011110011010100100010001
00000000001011011110100110110011
10000010001101001000011110001101
00000000000010111101101111011001
00111100111011001100000001111111
00000000001110100100101010000111
01100111001001100001101101100100
00000000011000010001101001000001
00100111001111101110001001110100
00000000011001111110010110101001
10001100011000110101111110000110
00000000011010001001111011101010
01110010110101000000010111000001
00000000000111000100001010011101
00111100111111011000111101000110
00000000010011010001101011100001
00101001101100111000000001110101
00000000001100100111011101011011
11111110000100100001111111101001
00000000000111010011011111000101
01000011110100010101000100100000
00000000001010111001000011110100
00110110101000101100010110010101
00000000010110000111000101001111
01000010010111111010110100001000
00000000000100001011011000011011
00100000111111011101101111000010
00000000011011100010110101010010
01111110001001000100011110101000
00000000010110011010110101001000
10011011001000101001111001010010
00000000010110110011100101000011
10111000111001100110001011001011
00000000001011000101111100011010
10100100110000010000110000000001
00000000011010100000010111101111
00001101100110011100111010101001
00000000000110100011010110111111
11001001001111001111000110000010
00000000001110000001011000110000
11011000110000011110010101000001
00000000011110110110110111000100
00111100111101110000001101010101
00000000001001100010101101010001
01100010000110001100111011011101
00000000011111100010000111011100
01101001000111110001100101010001
00000000000101101000010100111101
00010101001100100000101011000001
00000000000010001001011000111111
01110010001100000100011101111100
00000000011100100101001000111101
01100001100001001111010110100011
00000000010000010111111111101101
11011111101001101111100111110010
00000000001010011000011011110101
10011011001111111101100000001110
00000000011100000101110101000000
11111110000011010010000010001010
00000000000011110001111011000101
10110010110100111000000100010100
00000000011011110110001101011110
00111001011010011000110111110100
00000000010010001011011000110100
00101101011001111010001011001010
00000000000100011001100110110001
01101110110101011010110100111000
00000000011010101000001010101010
10111010010010001110110001110000
00000000011001011001100101110110
01000011001100010111001100001110
00000000001100001001110011010111
10100110010110110101110001100110
00000000001011101001101000101110
10011001111101110100011100010000
00000000001101111111001011001000
11010000001111111111111111110001
00000000000100001101100000010110
10101010010111100001010000001010
00000000001110111000110001000000
00001100110001101111010100100111
00000000010110111111111110001010
10111111101011011010101001000110
00000000011001011000010010010001
00100110011001111000111011100110
00000000011010111000101010000011
01010101010110100111111101110011
00000000000000000111000111111101
00110011010100100000111000010001
00000000000001100011000001111010
11000100101010100100110011101000
00000000001001111010101111110101
10110011010110011110001001001011
00000000001100100011101101011011
11100111001010111101101101100001
00000000001100010011001100101011
11000000100101010110000011101011
00000000001111001011011101110001
11111010001010101010001100100001
00000000001010111011111110110001
10010110111010100100111101001010
00000000010001000010101110111110
10111110010110100011001111101110
00000000010111111101011100111111
00111010001111000001110000000001
00000000010111011101011101011001
11110110000000111010101110111001
00000000001011101101001111110111
01101110000110011111111010111100
00000000001101110011110100001001
11000011101000010000000101110011
00000000011111000111100100000011
10111111010010010101100000100110
00000000011001100011011101010000
01001001010110111100011100111011
00000000010101001011101110111010
01110010100001000111010100100100
00000000000110000100111110001100
10010111100010110001001110110111
00000000000001101000100111001011
10010111111000110011001101110000
00000000001111011001011100101011
10101110000111000110000110101000
00000000011100001011010000110001
01010101000100100001111000111000
00000000001010001100000000000111
10110110001100011010001001001010
00000000000001010011000111011001
10111101110011001001100101011011
00000000000101001100110000010101
01010000101101100111101100100011
00000000001010111000110100011011
01001100000000011000100001111000
00000000010110000110101011111101
11000111011100101100100010010111
00000000010110011110100011011100
10101111000110010110110110001100
00000000010011101000111000111101
01011100010001101011111111001100
00000000001001010111010011101010
10001110111110101000010001101010
00000000000011000011011000110000
00111100000110010010011100110111
00000000011010100011001111110000
00010101000100011000010110111010
00000000001100100101001011101010
10110101011011101010100000110100
00000000010010101000001110111001
01000001000100010101011011111100
00000000010000110100100100101110
11001110000111101111110111111110
00000000001000000010001100100010
00100111000000110110110011110011
00000000011000100001101001001001
00101011100101010110000011000100
00000000010000001101101010000100
01111010100010100010010010101101
00000000010101011111011110001110
00100001110000110001010010110011
00000000011101100001010011001001
11001110101011110001100010011110
00000000011111010111111110100000
11101011011111111000101001101101
00000000011001000000100010100010
00001101010000101111110010010011
00000000011111001011111111101011
00110101010101010001100000100101
00000000001110111110100011100001
10000110010110010011110100010110
00000000000110101100011011011100
01000011001010010111000101011101
00000000011010001011101101000000
01111101000100111100110110100010
00000000000100101001011011010011
11001111000110000011000010011011
00000000010100010110011110111110
11100111110000000000010011001111
