01111111110000000000000000010011
01111111110000000000000000010011
01111111110000000000000000010011
00000001110101010000001111010011
01111110000000000010010000100111
10000110111000000010011000100111
10101000100000000010010000100011
10100001010010100001001001010011
00011011110000000000100000010011
10100000101101000001011001010011
10100001001011010001000011010011
11111100000000000010010010000111
00001001101000010000011101010011
01000001110001000000111010110011
00000001101010111001001100110011
00000000001100011000011000110011
00000001011101000000101010110011
00001001000000111000111111010011
00000000010100100001011100110011
01001110111000000010101000100011
01000000001000111000000110110011
01000001001111101000111000110011
01000000100110100000010110110011
01000101110000000000100110010011
00000001000001100010111000110011
11100000000000001000101111010011
00000001110101011000111100110011
01000000110110001000110110110011
00000000110011101010101100110011
01011010110000000000101010010011
00001000100000010000100101010011
00000000000101110000100110110011
10100000110011000001011111010011
11010001100000000010011100000111
00001001101000011000010001010011
01100110100000000000101100010011
00000000100100011010101110110011
00000001111010101101011000110011
11100011000000000010010010000011
00000001001100101000111111010011
00000000111110000000011000110011
00001000000111001000000101010011
01101000110000000010110000000111
00000001111101000101100010110011
01000001111000000010011000100111
10011001100000000010010010000011
00000001011000010000100001010011
01000000001000100000100000110011
00000001110000111000010110110011
00010001010000000010111110000111
01000001011101000000011110110011
00000000011100100000010011010011
00001000101011111000111001010011
00000000101100011000010111010011
00000000010110001101101110110011
00000000011111101001010110110011
00001001001010100000100001010011
00001000000110101000011001010011
00000000101001110101100100110011
00001001000110110000000111010011
00001001101001011000011011010011
01000000100110000000100010110011
11110000010000000010111000000011
11100000000011101000010001010011
00001000001110001000011101010011
00000001100010010000001000110011
00000000111000110010111010110011
00000000111110010001011000110011
10100000110001000001110101010011
00000000000000011010001100110011
10111101100000000010011000100011
00000000011001001000101111010011
00000000001001000101010000110011
01101011010000000010100010000011
00101111001000000010100000100111
00000000111110101010011000110011
01000000111000110000010010110011
00000001000010100101111010110011
00011101001000000010100000100011
00001000011010111000001101010011
00001000111110000000111001010011
00000001111001010000110000110011
00000000110111011000001111010011
00000101110100000010011000100111
00000001100011010000000101010011
10100000010010101001111101010011
00000001000010101010110000110011
00101101011100000010011000100011
00000001011011100000000011010011
10100001010111011001100001010011
01000000100100000000111110110011
00000000100101100000111110110011
10100000001010000001110101010011
11111011000100000010100000100011
00000001100010010000001000110011
00000001011100110001110010110011
01000000011000000000110000110011
10110101010000000010110000000111
00000001110110110010011100110011
00000000001111110001111000110011
00000001001000100000101111010011
01111010000000000010110000100011
01000000100100000010111000100111
10100000001001001001011011010011
01001000111100000010110000100111
00000000100100111000010011010011
00000000001110011001001110110011
01000000011100000000110110110011
01000000011110101000100100110011
10100001100011011001101101010011
00000001111100110001011110110011
00000000110100101001011110110011
11101111100100000010000000100111
11100000000010111000001101010011
00010010011000000010010000100011
00011110100000000000111110010011
10001110010000000000001100010011
00001001000101101000111101010011
00000001100010000101010000110011
01101010000100000010101000100111
11011111111000000010010000100111
00000000000100001010100000110011
10101111011000000010010000100111
11100000000000010000011001010011
00001001100110101000100001010011
00110000000100000010001000100111
00000000011000011010110000110011
00001000011111101000000011010011
00000001001010000000111100110011
00000000110101100001111000110011
11001000100000000010101010000111
10100000110010001001001011010011
00000000111001101101000010110011
00001000001101110000001101010011
00000001110001110101101110110011
00000000001100011000001000110011
10110100011100000010001000100011
00000000110110110000001011010011
00000001110010011000111000110011
00000001011001111000111111010011
00000000011100011001010010110011
00000001111110110010011000110011
01000010010000000010001010000111
01110011111100000010011000100011
11100000000001000000000111010011
00000001110001011000101111010011
11101111001000000010000000100111
00100100110000000010011110000111
00000001110000111101111000110011
00011001100000000000110010010011
01111011010000000000000100010011
00000000100110111000011101010011
10011011100100000010011000100111
00000000011001110000010010110011
01000000101000110000010010110011
11000101010000000010011100000111
11100100100100000010100000100111
00000000100001011000100011010011
00000001111000100010110110110011
00000001100111110001000010110011
10100000101100010001010111010011
00000000111110101010010000110011
00000001000100011000101111010011
00001001110010100000101001010011
00000001011000111101010110110011
00001001100000110000101101010011
10010011010000000010100100000011
00000000100111011010110100110011
01000000101011111000111010110011
10001001010000000010110100000111
00000000010011101101110110110011
10010101000100000010100000100011
00011111111000000010011000100111
00000000010101101101010010110011
00000001100100000101101000110011
11001111100000000000101000010011
00001001001111101000100001010011
00001000110010000000010111010011
00001000000100110000111011010011
00000001110010100000100011010011
10100001010010010001101011010011
00000001001000100101100100110011
00000000100010101001101000110011
00001000010111110000011001010011
11101110010000000000001100010011
00000000101010011000101011010011
00000000001001111101000100110011
10100000010111001001001101010011
00011000100000000000110100010011
00000000110010100010111010110011
00001000011010110000100011010011
00000001001110101001110110110011
01100011100000000000010110010011
01111110010000000000001010010011
01110100000000000010001110000111
00110000100000000010010100000111
00001001000010000000111111010011
01101000110000000010110010000111
10011101010100000010000000100111
00000000100000111001000110110011
01000000110101111000101010110011
11000111110000000010001000100011
11100000000011110000000101010011
11110001000000000010101000100011
11100000000001000000101111010011
10100000101000110001111111010011
00000000010110100000111010110011
00101010100000000010101100000111
00000000001001011010010010110011
00001001100011100000110001010011
01000000110011010000010000110011
10010011101100000010100000100011
10110110100000000000001100010011
10000111011100000010001000100011
00000001011001111101010110110011
00000001100101000000111110110011
00000000001111100000101000110011
01111001000000000010000010000111
10100001010011100001010101010011
10010001010000000010011010000111
01100100000000000010101100000011
00000001000001100000010001010011
00000001111010101000000111010011
10100001001101101001111011010011
00000001011000110001111000110011
00000000110101101000011100110011
00000000111011010000001010110011
11100000000011011000001111010011
10000100010000000010110000000011
00000001101111111001000100110011
11100010010000000000000010010011
00000000101001110101000010110011
00000000011000111010001000110011
01000000111101010000011000110011
00000001000001111000000110110011
11000001010000000010011000000111
00000001011000001101101100110011
00001000100010010000111001010011
00001001011011000000110111010011
11000000101100000010101000100111
10111110011000000010000000100111
00000000000001010010011110110011
00000001010101001000111101010011
00001000110100001000100111010011
10100001000110000001101011010011
01101000000100000010001000100111
00000000101011100000001001010011
10100010011000000010101000100111
11100000000010010000001001010011
11101110100000000010011100000011
01101110010000000000111000010011
00000001001010000000110101010011
00000001100011101101000100110011
00000001010010100101000110110011
00001000001110010000110111010011
00100111000000000010110100000011
00000110101000000010011000100111
01100010001000000010010000100111
00001111000000000010110000100111
11110000001000000010101000100111
00000000101011100101011100110011
00000001011101000010011010110011
00000000111101110101011110110011
00000001111111100010100010110011
01010001100000000010010000100111
00100100010000000010100100000011
11111111100000000010000110000011
00000000010001101001111010110011
00010000001000000010000000100011
00000001101100110000011100110011
10011001010000000010110100000011
10100000000000001001111011010011
00000000100010100010100100110011
11110111011000000010000000100011
11100000000011010000101001010011
00010110100000000000001000010011
11011100010000000010010010000111
00101110010000000000011000010011
00000001101001111001111010110011
01000000101010010000101000110011
11111010101000000010101000100011
01000000110011001000011000110011
00000000010010111010111000110011
10101100110000000000100100010011
00000000000010000000011010110011
00000000001110001000000100110011
00000000001110110010100010110011
00000000111011000000101001010011
00000001111000011000100111010011
00000000101011110101110010110011
00001001100010110000010111010011
10100001110110111001000111010011
01110010011000000010000000100011
00000001111011110010101110110011
10011000000100000010111000100111
00000000001001010000000011010011
00000000001111010001000110110011
00000001001100001101001100110011
11100000000001110000011011010011
01000000000001100000010000110011
11100101011000000010110000100111
00001001011001011000111001010011
01000001001001110000011110110011
01000001100111011000011100110011
00000001001110110101001110110011
00000001000111000010000010110011
00000000100011100000110100110011
00001001100101010000011101010011
10100011100100000010011000100011
11100000000010100000001101010011
00111001000000000000101000010011
00000001100110111000000100110011
00000000001000111001110000110011
10001110100000000000010000010011
00000000011111001000001001010011
00000110110000000010101000000111
00000000010011011010010010110011
00000000101010101000100011010011
00000000100000001001011100110011
01000001111011011000110010110011
10100000101001000001001111010011
00000001110111001000001100110011
00011110100100000010000000100111
00001001110001001000011111010011
11100000000011111000010001010011
11100000000011011000001011010011
00000001100001111101101100110011
00000000001110000001111000110011
00000001110101100000001110110011
01001101110000000000010100010011
11100000000001001000001011010011
10100000000111101001010111010011
00000001011100000000111011010011
10110001010000000000010000010011
01000001010000000010110010000111
00000001111100100001011000110011
00000001100001001000001001010011
11100000000001111000100111010011
00000001011101100010001110110011
01000001011100100000010000110011
01000111100000000010101000000011
00000000000001010000010011010011
10100001010000000000011000010011
00000000110101010001010010110011
10001001111100000010100000100011
00000000101110101000010110110011
00000001001010101010010100110011
01000000001010011000110100110011
00000001011001111001010100110011
10100001010110100001011001010011
10001010110000000010011110000111
10101010100000000010101010000011
10011001110000000010010110000011
00000000111001001001000010110011
00000001101011001000011001010011
11011011100000000010101100000111
01000000110001100000000010110011
01111110110000000010000010000011
00001000011001010000010001010011
00000001110000110101010110110011
00000000011100101000101101010011
10111000000000000010001010000111
11100000000011101000101011010011
11100000000001101000010011010011
00000000110010110101111100110011
01110110100000000010011000000011
10011011100000000010100000100011
01000001111001111000110100110011
01011101110000000010011000000011
10111010110000000010110000000111
01001000101000000010111000100111
00111011100000000000011000010011
00001000101100011000001001010011
00101011100000000000011100010011
00000001000101110001110000110011
11100001110000000000101000010011
11100000000001110000000101010011
00000000011011000010101010110011
01101001010000000010101010000011
00000000101011110001010100110011
00000001000010111000011010110011
01000001110111101000101100110011
00010001100000000000001100010011
00000000001000001000011001010011
00000000110011011001001000110011
00000001100001101001001000110011
00001001000000111000011001010011
01010100100000000010011100000011
10100001101010010001000101010011
10001010100100000010001000100011
00000000100111101001110100110011
00000000100000100000111110110011
00100010110000000010110000100011
00000001110011101010100110110011
01000000011000011000011000110011
00011011010000000010011000100111
00001001010101010000000011010011
01111110000000000010011110000011
00000001101101011101011100110011
00000000000101000101001000110011
00000000001001110000010001010011
00000000111011101001000110110011
00110100100000000010001110000011
00101011100000000010010000000011
01110101010000000000111010010011
10100001011001101001100111010011
01000001011000001000111010110011
10100001011001010001100111010011
11100101001100000010110000100111
11001001111100000010101000100111
00000001010010001000011001010011
10000010011000000010011000100011
01000000101000001000101010110011
00101101111000000010000000100011
00000000011110101010110100110011
00000000001110010000110011010011
10100000010110010001110111010011
00000000001110010001000100110011
11100000000010011000000111010011
00000001010111011000011011010011
10111001100000000000101000010011
00001000110010001000000011010011
10100001000000000001001101010011
00000001100101111000101100110011
00000000000110010010101100110011
00000001110111010101010110110011
00001001111100000010011000100111
00000000100110110101101100110011
10100000000101110001001101010011
01000100100000000010011100000011
11111010100000000010100000000011
11000011010000000010010000000111
00000001000100100001100110110011
11100111101000000010111000100011
00000001100011011001111100110011
11010110010000000010111000100111
10100000111000011001100001010011
00000001010000111001001010110011
00000000111100011001011100110011
11001000100100000010010000100011
11111111010000000000001010010011
00001011110000000010000100000111
00001001111000010000010111010011
01011000100000000010010110000111
00000000100111111000111111010011
10111101111000000010000000100111
10011110011100000010011000100111
00000000100001100101101110110011
11111101010000000010110000100111
00001001110111011000000111010011
10100101111000000010000000100011
01111110010000000010011000000011
00000001100010010000100111010011
00000001111011000101110010110011
00000001100011010010110000110011
00000001001111111000011101010011
01111101010000000010001100000011
01000000000111110000100110110011
11100000000000100000101011010011
00100000010000000010010110000011
10100010100000000010001110000011
01111101000100000010001000100111
00000000011011010010100000110011
10010101100100000010001000100011
00000000101001111010100010110011
00000001010100001010011010110011
00001000000001010000111101010011
11100000000011110000110001010011
00001000010011100000011101010011
00001001001111111000100101010011
00000000010011001000100011010011
00000001101110000000011010110011
10100101100000000010011000000011
00000000101010111001000100110011
00000001010111111000110000110011
00000000111100010000001100110011
00001001011001101000011011010011
00100001010000000010001100000111
01010011010000000010000010000111
10100000111111001001101111010011
00000001010011010000011110110011
10101101000000000010000010000011
00000001000110011101011000110011
00000001101010010000010010110011
10100001011101100001011101010011
00100110011000000010010000100011
00000000101101111001111010110011
00000000011101110000011111010011
00000000110100000101010000110011
00000000101111111010001100110011
00000000100000101001001010110011
00111011010000000000010110010011
00100011000100000010110000100011
00000000010110110101001000110011
00000000101010111000011010110011
00000001100001001010000100110011
11100000000001011000010101010011
11100000000010010000010001010011
00000001011010011000001011010011
10101101010000000000001110010011
11111001000000000010110110000011
01000010001000000010110000100111
00001001011010001000010001010011
00000001011110111000000111010011
00000001100010111001011000110011
11110111010000000000010110010011
11100000000001000000111101010011
00000000101010010000001110110011
00000001110001000010101010110011
00000000011001011010101110110011
00000000111010001001010000110011
00001000010111111000010011010011
01000001000011100000010000110011
00000001011011010010110100110011
10100000110110101001100101010011
00000001110010110000111001010011
00001000111110000000010111010011
00110011000000000010010000000011
00001000001101101000010111010011
01011010010000000000010000010011
00000001100101011010110000110011
10100001111000001001001101010011
01100010000000000000100010010011
00000000011001111000001000110011
01000111100000000010111100000111
00000000110110000001001110110011
10101111110000000010000100000011
00000000001010010001101010110011
10100000010110100001011111010011
11100110101000000010010000100111
00000001010111001000110010110011
00000000010110111000011011010011
11100000000011111000101001010011
00000000000101110000100001010011
00000001011000010010000010110011
00101000110000000000100110010011
11100000000001001000111001010011
00001100110000000010111000000011
01001101000100000010110000100011
00000000010111010010100010110011
00001000101000100000101111010011
01000000110000100000011000110011
11111010000000000000100000010011
00000000110111100000010101010011
00110001010000000000011000010011
00111010100000000010100110000011
11100000000010010000000101010011
01000001010111100000100010110011
01000001101001000000001010110011
10111001010100000010011000100011
00000000000111011001010100110011
00000001001111100101001000110011
11001000010000000010110100000011
00000000100000011010001110110011
00001001011101001000110001010011
00111010010000000000010010010011
10010110100000000010101110000111
10100000110001010001101111010011
00000001011100101000001001010011
00000000010101101000011110110011
01000000011100000000011100110011
00000001100100011000101110110011
00000001111110111000101010110011
00000001110001001010110010110011
10100001111111011001101111010011
00000001000110010000110101010011
00001000001110010000000101010011
00001000101110001000110011010011
01110101000000000000000100010011
01100110000000000000000110010011
01000001101001101000110010110011
00000001101000011101110010110011
10110100000000000010110010000011
10100000110010010001110101010011
00000001111010011000010011010011
00000100000100000010011000100011
00000000010011101000101001010011
00110100000100000010111000100011
11011111011100000010000000100011
01000001101101100000101100110011
00000000110000101101110110110011
10000010110000000010111000000011
00000000110010010101101110110011
00000000100101101000011101010011
01100011110000000010000000100011
00000000101000010000001110110011
00000000101011110001000100110011
10111010110000000010001100000111
11111000101100000010111000100111
00000000010100000101001000110011
01000001010010101000010110110011
00000000001101011010101000110011
10011011100000000000000100010011
11100011110000000000011010010011
01100100110000000010111000000111
10111001100000000010011000100011
01011101000000000010110010000011
10011111100000000010010000100111
11001110101000000010010000100111
00000000111000111010011110110011
10100001110010100001010011010011
01101110010000000010101010000011
11001111010000000010010100000111
00000000010011100000110000110011
00000001001101111001011010110011
10100000110100111001010101010011
00000000101101110000110000110011
10100010100000000010001000000111
01000001101101111000100010110011
01000000011111110000001100110011
01110011000100000010101000100111
00001000110111001000001101010011
10110100110000000010101110000011
00001001100010010000101101010011
01000000111111111000111100110011
11100000000011011000111101010011
01000000000001101000111110110011
00000000100010010000001100110011
11100110010000000010001010000111
00000001010110100000011101010011
00000001001101100010010010110011
11000000110000000010000010000011
00000001000110100010111010110011
00100101111000000010101000100011
11100010100000000000001110010011
00111001010000000010101000100111
01011010100000000010110110000011
00000000101011110000110100110011
00000001011110001001100010110011
11101001100000000010000010000111
00000001100100010000000111010011
00000001110010110001101000110011
00000000010111011101000110110011
10100000010101011001101001010011
10100000000110111001001011010011
00000000111101001000100010110011
00000000110111001101110110110011
10100000111011110001100011010011
11011111110000000010011000000011
00000000100111100000000111010011
01010001100000000010000010000011
01000110001100000010000000100111
00000000100110011000010010110011
00001001000101001000001111010011
11000100111100000010011000100011
01000001111101001000111010110011
00101001010000000010011100000111
11001101100000000000110010010011
11101010000000000000010100010011
10011101011100000010100000100011
01000001100000010000001110110011
00000000000000001000111110110011
01000001011000111000101100110011
11100000000010001000110111010011
00111011011100000010100000100011
01000001100100000010100000100011
00011110111100000010000000100011
00001001110110001000000101010011
00000000010100000000111010110011
00000001001000001101101100110011
00000000000111110001100010110011
10000101000000000010110110000011
00110001110000000010110000100011
10010011000000000010110000100111
00000001001101111001010100110011
01000000001111000000001010110011
00001001001011101000111001010011
10100001111010100001110011010011
00001000000101011000010001010011
11111001100000000010011000100011
00000001010010111010100000110011
11100000000001001000011011010011
01110110000000000000110000010011
00000001111111000001001110110011
11100000000001000000111001010011
00000000100000011001011100110011
10001110011000000010010000100011
00001001111001111000100111010011
00000000101111110010011100110011
10100101010000000000000010010011
00000000010001010010001010110011
00000001011001010101000100110011
11111111010000000010110000000111
11010001101100000010111000100011
00000001011000001000010011010011
01110110000000000010100000000111
00110001000000000000101010010011
00110111110000000000010100010011
10011111000100000010110000100011
01000001100110111000101110110011
10100000001110001001101001010011
11010111010000000000001010010011
00000001101100100000000010110011
00000000100000001000000101010011
00000000000011000010111110110011
00000001111000110001001000110011
01000001100000010000111110110011
10111010101100000010101000100111
00000001101001010010011110110011
10100000000100000001111011010011
00000001110101111101001010110011
11100000000001001000101001010011
00001001001110110000110111010011
00000000110001101000100101010011
01000001000010110000001010110011
00000000100100111000010000110011
00010110010000000000010010010011
10100000010101011001100011010011
01000000110111100000001010110011
11100000000011000000011011010011
00000001001111000001000010110011
00000001010011111000101000110011
00000001000001011101001100110011
00000000111101111010100100110011
11100000000010000000010111010011
00000001100100001001011100110011
00100100100000000000000110010011
10100000000111100001010111010011
00000000001010001000100011010011
00000000100110001000101100110011
10100001000110111001110101010011
00000001011100010010110000110011
00000001111001110001101010110011
00000001010111100101101000110011
10100001101101000001000011010011
01110101100000000000100010010011
11010011110000000010110000100111
01110100110000000010111110000011
00000001101101011001101010110011
11100000000010111000100111010011
00000000111101100010001100110011
01001101101000000010010000100111
00000001101000001001101000110011
00010100000100000010110000100011
11110011011100000010110000100111
00000001001000001001001010110011
11100000000010001000110111010011
10100001010110001001010001010011
11011100000100000010001000100011
00000001010010001000101001010011
01111110100000000000110110010011
11011101000000000010001000000011
00000000011001000010100110110011
00000000001111110001110100110011
00000000111111111101000110110011
00000000000011111000011111010011
00000001010001101000001110110011
00001000001010010000000111010011
00000000100110100010101110110011
00100011100000000010011010000011
00011001100000000010010000000111
11110010110000000010000000100111
01000000011110000000110110110011
01101001100000000010110000100011
01000000011110100000101000110011
01101111011100000010001000100111
11100000000011001000010011010011
01011101000000000010110110000111
01110010010000000010101000000111
00000001100110001000001101010011
11100000000001110000100101010011
00000001000001001001100100110011
10100001000100001001001101010011
00001000100001101000100111010011
01000110110000000010110010000111
00100010100000000000010010010011
01000001011011010000100110110011
01000101100000000010111110000111
11000100010000000010100000100011
01000001011110101000000010110011
00000001011111010010010100110011
11000100001000000010001000100011
10100001000000000001101111010011
11011100100000000000100000010011
00001000111000100000010001010011
11111111010000000000001000010011
01000000100100011000110100110011
01110001010000000010011000000111
00001000000100110000100011010011
00010110100000000010101000000011
11001101000000000010110010000111
00000001001001100010101100110011
11101000001100000010101000100011
01011000000000000010110000000111
11100000000001111000110011010011
11100000000000100000101011010011
00001110000100000010011000100111
00000001100001101101111010110011
00000000011110000010110000110011
10000111110000000010110000000111
00000000101010110010101100110011
00001001111001001000111111010011
01000000011110110000110010110011
11001110100000000010100010000111
00000001011101111000001100110011
01000001011101010000100100110011
10100001100001010001010111010011
01000000000101101000010100110011
00000001010011010010011010110011
00000001000001100001001010110011
00110001010000000010111000100011
00000000001010011101111010110011
11100000000010110000101001010011
00010100000000000000000110010011
11100000000010111000100011010011
11100000000010101000001101010011
00000001001010101010110010110011
00000001110001000001011010110011
11001010100000000010101100000111
10100001010001010001110011010011
00000000010001101000101110110011
00000001001011010000000100110011
00000000000001001000111001010011
10100000001011011001011011010011
10100001110101010001000101010011
00011110000000000010001000100011
11001010010000000000010010010011
11100000000010001000100101010011
00010001100100000010000000100011
00011001100000000010110100000011
00000000100110000101011110110011
11100111110000000000000010010011
00101100111000000010100000100011
11100000000000100000011001010011
11100000000000011000100111010011
00000000010001011000000100110011
01000000101111001000011100110011
00000000000101111010001000110011
00000000101111011001101000110011
00000000110100101101010110110011
00000001000010101000111111010011
00000001000001010101011100110011
10000010110000000010110000100011
11100100110000000000101000010011
00000000011101000000100101010011
00000000001001010001010010110011
10100000001101000001110011010011
00000001100110010010101010110011
00000001110010101000100011010011
11100000000001000000011011010011
11111110100000000000110000010011
10100001000111100001001011010011
11001000010000000000100110010011
11100000000000001000111101010011
00000001111101000000011011010011
00000001010100100000011110110011
00000000010100110010001010110011
00000001100000001000000011010011
11110011100100000010000000100111
00000000101100111000101001010011
00000001111111001000100110110011
10111001100000000000000110010011
10100011010000000000011110010011
10100001011011110001101011010011
00000001010100000001110110110011
00001000100111001000101101010011
00001100110000000010110010000011
00000000110110110010100100110011
11100000000011111000110011010011
10000001100000000010101100000111
00000000001110011000011011010011
00000000111000001101100100110011
00000001110101001010001100110011
10111100011100000010111000100011
00111011101000000010100000100111
11000010110000000010011100000111
11100000000011010000100001010011
00000001111000110000110100110011
00000001011011010000010110110011
00000001011110000000111000110011
00000000000001010101010100110011
00001000000011110000001001010011
11100000000000001000100011010011
10100000010101000001011011010011
00000000000110101000001110110011
10000110011100000010101000100111
11001101010100000010010000100011
00000000011100101101001110110011
11100000000010111000000101010011
00001000011111100000010111010011
01000001100111101000011100110011
00100011000000000000001010010011
00000001000000001101111010110011
11100000000001101000101001010011
11000010100000000010101110000011
01000001010001101000001100110011
00000000011000011000010011010011
00000001111010110000010101010011
10100000100000101001000011010011
11100000000011000000010001010011
11111110100000000010001000100111
00000000101100100000111011010011
10001101011100000010010000100111
00000001111101001000101001010011
11000000010100000010010000100111
01100111010100000010011000100111
00000001110010110000010001010011
11100000000011100000010111010011
11100110100000000010011000000011
01000110100100000010001000100111
01100001101100000010111000100011
00000001000111110101110110110011
00000001001100100000001110110011
00000000000001100101110100110011
00000001011110000000110001010011
00000001011100010101001100110011
00001000100001011000100101010011
10011000001100000010100000100111
10100000100001011001110101010011
11101001110000000010001100000111
00001001101011010000110111010011
01010110010000000000000110010011
00000000110110101010100010110011
11000000110000000000101110010011
01010101110000000010011000100111
11100000000001001000101101010011
00000000011110101001100100110011
00000000100000011101110010110011
10001000100000000010001110000111
10101000010000000010000100000111
00000000011001101010000100110011
10110000110000000000101100010011
00000001011011100001101010110011
11111100010000000000001100010011
00000000101110101010100000110011
11100000000000110000100101010011
01010001110000000010100010000111
00001000010110001000000101010011
10100001101011000001010101010011
00110000001100000010010000100011
10011100010000000010010100000011
00000000110001100001101110110011
00100110000000000010001000000011
00000001000011001001011110110011
00000001011010100001111000110011
00000001111000111010000010110011
10101000001100000010001000100011
00000001111101100000001011010011
00001101001100000010000000100111
01000001110010000000111010110011
00001001100101011000010111010011
01111011111100000010111000100111
01110100000000000010111000100111
00000001011110101000011000110011
10001110111000000010100000100011
10100000011101101001001011010011
10001100000000000000011110010011
01101101010000000000100010010011
10110101100000000010110000000111
00000001011101010000011101010011
10111101010000000010111100000011
00000000100100101001100010110011
00000000110011000101110110110011
10110001000000000000110100010011
00000001100000000010101010110011
00000111110000000000000110010011
00110001110000000000111010010011
00000000110011011010010100110011
00000001100011111000100001010011
00100101000000000000000110010011
10001001010000000010001000100111
00000000110000100000101011010011
00000001010010100101111110110011
11100000000011100000011101010011
10110010111000000010101000100011
00001001101011000000001011010011
00000000010110001000001100110011
00000001101100110101101000110011
01011000110000000010001000100011
01000001111111011000001100110011
00000001111100100010111010110011
00100110000000000010100010000011
01000000000011010000010010110011
11100000000010100000110011010011
11100000000001001000010011010011
00111011010000000010011010000111
00000000010101111000101110110011
11100000000001110000110011010011
11100110110000000000011100010011
01001001100100000010011000100111
10100000110010001001001001010011
00000000010011101001000010110011
10100001001000111001010001010011
00000000001110001000100000110011
00000001001101010101101100110011
00000001011111010101111100110011
10000110000100000010110000100111
00001001101110010000001011010011
01000001111100011000001010110011
01111000000000000010100110000011
00000001011011101000100010110011
11101101001000000010011000100011
11010100000000000010101000100011
11100000000010010000000011010011
00000001100001100101110010110011
01000000001111010000011010110011
00100100100100000010010000100111
00001000100101100000111101010011
11100000000001111000011101010011
00100001110100000010111000100011
10100000001000000001101111010011
11110010010000000000011100010011
11100000000010011000110001010011
00001001101101100000011011010011
00100100010100000010101000100011
10101111011000000010010000100111
00000001110001001001010000110011
11100000000011001000011001010011
00000000010001110101110000110011
00000000000001100000100000110011
00100100101000000010110000100111
10100001101110110001111101010011
00001001000000000010100100000111
10111011010000000000100000010011
00010100110000000010111100000011
00100000100000000000100010010011
01101110001000000010100000100011
00000001000110101001010000110011
00000001011110110000100100110011
00000000000110010000101010110011
11100000000000110000001011010011
00000000110001110001010010110011
11001110100000000010100010000111
00000000000000000000000001110011
00000000011111001100001001100111
00011001100101001110101001101100
00000000010010101010001101011001
10010101010011100010000100011111
00000000010110111010001111111010
00101100101111010010001111000101
00000000011110010010111000001001
10000110101101011011101100010000
00000000000000000001100100001100
00011010010111110111110010101001
00000000001000001011110001110010
00000000000000000000000000000110
00000000001000110110011001000110
00111100101011111110110110111100
00000000001111001100001010111111
00010111001110011000100111100010
00000000000001100010111010011001
10010010101100111000110001010001
00000000000110000101111000001101
11101101001111101001010010001011
00000000000000000110001001000100
11011011101110111000011010000101
00000000000000000000000000000100
00010111000110100010111111001111
00000000000000000000000000000000
11010000110110100110010100101011
01111010100111011001100001011011
11011010110101001010101001011010
00000000010000101101101001011000
00000111111011111101110100111111
11111011000111011100111001110000
01101110100011010000000100100100
00000000011001110010110110111100
00000000000000000011001100000111
00000000010010000100110110100001
11000000110111110110111000001110
00000000010101100001010001011100
11001111100010011100110001011110
00000000000000000000000000000101
00110110111001010100010111101001
00000000000011110100101100110000
11010000000101100001111111001110
00000000011110100011001110011001
10001101010000101010000101011000
00000000010101010110010111110010
00111100111010011001001100101101
00000000011110110100011101000110
11100001111101100010110100010100
00000000001110010100110111111110
11010001011101111000001111000101
00000000001000010110101000111100
11100101000000110000011001000001
00000000001001010001101001100110
00100011100111001000111110110101
00000000001000001011101011001101
00000000000000000001110110011001
00000000011000000011101111111111
11111111111111111110011010100010
00000000010001011110100111101011
01111011011001001101001011100111
00000000001010110001001101100010
00101001111111000010001101111000
00000000001011110111110001001001
11110010011010011000111010101101
00000000011111010100001101010010
10010100010010101001100000111000
00000000010000001111011100000110
00101011110000000110011001010100
00000000011111111101101101011010
01001001010000010010101100101001
00000000011010110100111001011000
00101011000101001011001001011000
00000000011110011011010111110101
00000000000000000000000000000000
00000000001111011001101110110101
01111010100111011001100001011011
00000000000101101101110111000100
00110101110110000010010001000010
00000000000000000001101010101100
10110100001001000100101001101110
00000000011011111011101010000101
00000000000101001010101000010101
00000000000111001100000100001001
01101000011011010101001001111000
00000000001111101000100010001011
10010111000100100110111000101111
00000000001010011101111010000001
11100001111101100010110100010100
00000000001000011001010001100011
11010100001110111110000001010000
00000000001111011100100101001110
10100001001111001010101111110011
00000000000111010011100000110011
10001110001001010011001000011100
00000000011100010100000000011100
10010011010010000101111011111100
00000000001110101100001010100000
11110110010110000101001011000111
00000000010111000100000001101111
11011100111000100111011000001001
01101100110011110000001100110001
10111101000111110011010010101110
00000000010101101101010010000001
10010001110101111000011101010000
00000000000000000000000000000000
00000000000000000000000000000000
00000000010111000110001101110100
11001111101000101110110011111001
00000000001110011011010111100000
00000000000000000000000000000000
00000000010001101001110011101011
01111001111100010000110000001010
00000000010110000110000010110110
00000000010001001001101010111110
00000000001001011110001010100001
11011011100011100110011110100001
00000000010100010010010101110100
10000010110111001000110010001110
00000000000111010001001010111001
01111010100111010010110000110001
10000101101111000110110011001011
11001000000001111100010101011101
00000000001111100001101000110110
00000000000000000000000000000000
00000000010000110110010110010001
11110001100100001100111010001001
00000000011000011101000110100000
11110001111110101110010001000010
00000000000111101100001010000010
11010100110100110111001010110100
00000000001100101011111001011000
10001111110111000111011101001010
00000000010100100110110000110110
00111101011110000110101010011111
00000000011100010111001100111101
00011000010111001100100001100110
00000000000000000001110110100000
00000010100010011011100010100100
00000000000000000000000000000000
11000000100010111001001001100100
00000000001100011110101110010110
00000000000000000000000000000000
00000000000100001110001110111011
01100000111010101100011011001011
00000000001000110111111100011110
01011110111011001001011100111101
00000000011000100001010010001001
00110001101010010101110011010010
00000000010011100001000111100011
00100100010110011111011111111011
00000000001010011110000010000001
10001010101000001111111001000110
00000000001101100011011111011101
01110101001101111000001111011001
00000000001010000111011101010111
00000011111010110000111011001000
00000000000001010111000001110110
00001100000010001000110100000000
00000000000000000001110101011000
00000000000000000000000000000000
00000000001001000100000000101110
10010001100000101100010110001110
00000000001100001011000011011101
00001001101110000101100000100110
00000000010110101100000101111000
11110011101110000001000100001101
00000000010100011010000110110000
01001101010011011101100101111111
00000000001100001100100111001001
10000110001010111001100101011010
00000000001101100110000111010001
11011001101100110110001110010000
00000000010110000000000110111101
11110111110101110010111001010010
00000000000011101011001111001100
11011000001101110011111010110111
00000000001111000010001001010000
11111101010000011011101001011011
00000000011010100000101000110100
11110101110001001000100000111101
00000000011101011100011111100001
11110001111111101101001000011000
00000000001001110110010011101010
10010101010011100010000100011111
00000000011000001011111011100001
00110100000101011000011010100001
00000000000010001111000111101101
10000100001001111011111001111101
00000000010000010111001110001010
10100110111111111100000011011110
00000000000010000111011101000010
00000110111001101110010110000110
00000000001000000000101100100101
10101010010110010010110101110101
00000000011010010101111010110010
11010000111001111011000100001010
00000000010110100111010110001110
11100100001001110011111101111010
00000000011110000000100110110010
10111011011111011010100101001000
00000000001000111000000111011110
11110111110100111011100111000111
00000000000000000000000000000001
00101100110000111000011001000111
00000000010101110101001011110101
01100011001010110011101101011110
00000000000000000000000000000000
11001100010001110111000101100001
00000000010001001001101010111110
00100011100100111001000111101110
00000000011100100110111011111111
11100010001101000001101001010001
00000000010111101110100100010111
00110010100111101101010010111011
00000000010001010111000000010100
10011110101011110101000001110100
00000000011011111111101010011011
10010100000010101001111111000100
00000000000000010000110011100100
01100111111110111101111001010011
00000000010000011001111101000100
10101101100010111101000101110110
00000000000110010001101100110100
01001011000000110011110101110100
00000000000000000000000000000001
01000010110011001111010111100011
00000000001100011011000101000010
10110011010011000111101101110110
00000000000001001011111000111101
11101111010101001001010001100001
00000000010111011110101111111010
10111110101111001010000101011110
00000000000100100010001000001001
11001011011111101110000000101100
00000101101111000101010000111100
11000110101100010000110010110100
00000000001010011111011010000001
00000000000000000000000000000000
00000000000100011001111010100010
10111110100011110100001101011001
00000000000000000000000000000000
10110011000101000101111101010010
00000000000110011101011101111101
01101000111111011001000011010100
00000000000000000000000000000101
00000000000000000000000000000000
00000000010000100011000110100101
11000011000000011100100000000101
00000000011001100100111000010101
11110010110000000100110100111111
00000000000101010111001110111000
00101000010111001111101010000100
00000000000101111101010001100010
10110110110010111001010001110110
00000000011010100000010111000010
00000000010100110110101100101111
00000000011100000000101001001010
10111110011001000111000111110011
00000000000000000000000000000000
11101001010110100101100100101111
00000000011011100010010001010111
10110110001000101110111110111000
00000000011001000011111101100110
10110011000000100111000011001101
00000000011001000110011010100101
00101100001100011000110001001010
00000000010011100111011110001011
10000011010000100010101101001001
00000000000011011010101100111010
10010100110100100101010000111001
00000000000000000000000000000000
11001011000100011110100011100111
00000000000000000000000000000001
01011100111101011001101111011000
00000000010101000010000011110010
10100011110001111000101111111110
00000000011011110101111101111110
10000101101100111111010011011111
00000000000000000000000000000000
10000110100100100001001111010010
00000000001110011111100000011111
01111100100001010000000001010000
00000000001011111000101101101001
01000110100011010011100101101000
00000000000101110110001011001010
10110100111111001100110001010110
00000000011011000111010001100010
00000000000000000000000000000101
00000000001010010111110010001101
10011010000011010111110100111111
00000000000000000000000000000000
11000001111000101111010010010010
00000000010101100000010010101100
00110100000010000000100011101101
00000000010000000001001100100001
10010100111001000111110111000100
00000000010111101000001110010110
01010100110101110000000000010100
00000000010010011000100101001110
10011011010010111010111101100000
00000000011001010111010101001111
00000000010011011001011101110111
00000000011111110110100001100111
00000000000000000000000000000000
00000000010000000101101001100010
01110100110011101111100010100010
00000000000101101101001111100010
00111110011011111110101110100001
00000000001110010100100111001111
10011011100000001101001011111011
00000000011100011100101111001110
10000110001111000101000111111000
00000000001111111110101010101101
00010111010001111101111100110000
00000000000100000101000110101011
11000100011110001001101010100001
00000000000010101100000110100001
10111011010101010010101001111111
00000000000010001110100011101100
01111011011100111100111100101001
00000000001001110110111111000101
00101111111000100100101010110101
00000000010101011100010001010010
11001100000100101111011010001100
10010010101100111000110001010001
00000101001111101001111110100101
00000000001111001111010111001001
11100001011011001110000111011011
00000000011111101010011110011011
11011000110110101100001101000101
00000000011010111111010010101010
01110101110110000101001011000111
00000000001110001000001001000101
11101000011000010010111101011010
00000000001101100011110110100101
00111010001111110101111101111100
00000000010111001100111111101000
11010101010000011000111100011100
00000000000000000001011111110100
00110100110010010101001000011110
00000000000100110000001001001001
00011100111111101001001010110111
00000000000000111111010000110001
11000010111000101000001011000010
00000000010001000001110100111101
11000010111110110111111111111000
00000000001011000011010100010000
01011010001001000110011000111001
11111010100111011001100001011011
10100001000000000000111100110110
00000000000101001110111110101001
00110111010110011111010000100010
00000000001100111011000010100100
11101111100011011100000111010110
00000000001001000001000101100010
11001001000001110111010101111011
00000000011011110010100010110001
10011011011010010010101001001010
00000000011101100111110000101011
01010010110100000111001101111001
00000000011111100101110100110111
00111001000000011111111100100110
00000000001110001010011101011100
00111000100110111111010011011010
00000000001111110111100111000101
10001010111001110001001111100011
00000000000000000000000000000000
11110111010011011000110011110001
00000000010100111001011111000000
01011100111101011001101111011000
00000000010010011000100010100100
00000111100000011000010101111101
00000000010000010111000110101111
00000000000000000000000000000000
00000000000010011000010011000100
00000000000000000000000000000000
00000000001100111100010110110111
11000110001100111100111101110110
00000000011100111010011010110001
01100110001010100010111001011000
00000000001010001010000001100011
11100100100110101101001000100010
00000000000111001110100010001000
00100111011011011010100110101010
00000000010010111100100101100000
10011101100100111100000100001001
00000000001110111100011101110010
10011110101110101011001101011000
00000000001011101011100110100111
00101100010110010011010101101101
00000000001101011001000011001000
10111110000001001000101111011000
00000000011010100111101011010111
10011111110101011100011001010100
00000000001000110100101011010101
10100100011111111100011110011111
00000000011100000011110101001011
10001011110010110010111110000000
00000000000010001000101010110101
11111010100101011010010001000110
00000000001111000101111110101001
00000000000000000000000000000000
00000000011100001001000100110000
00000000000000000000000000000000
00000000001011000100000101011001
11111011000101110001000101000111
00000000010100110110101100101111
11110101110110000101001011000111
00000000001111101000000110000111
01100010100010000101001000010111
00000000010100101010111110011011
11010001001001010111011010100010
00000000000000000000000000000000
00100100011100010010110010101001
00000000011011100001111101101001
01111000111101111110011010100011
00000000010000111111000111101111
11110010001010010001100101101101
00000000011011001000111000001110
11011010110101001010101001011010
00000000010001100000010001101101
00001111010001110100010001010101
00000000010111101101101000100010
00011101100001111101111110111010
00000000000001110110000000000110
01101011100110100001010110011101
00000000000110000110001010010111
10110101001101000111111001111100
00000000011011110001001001100101
00011010001000100101101010001110
00000000011001010111101110011010
11011110011000110001101010001001
00000000000000000000000000000101
11110101101011111000001001101100
00000000000011101110101000000100
11110011111010110110110111111001
00000000000101010100010010100011
00000000000000000000000000000000
00000000010011100001110100100001
01011111111000111110101111000011
00000000010101110011010101110010
01110100110111000110100101010110
00000000011000101101110110000110
11110011000010011001010000100101
00000000011001100100110011101001
10010110110100010011110100111011
00000000011010111010110001110100
01011100010100010110101011001011
00000000010001111001001110001010
10101011001100000000100011010111
00000000000010000010110110010111
00111011010011010101111111010101
00000000011100000100010001010010
01110100110011101111100010100010
00000000001100111110010001101101
01010110110000000010001101011000
00000000001111110100100110100011
01001110011010011111001000110011
00000000011110100001111000110001
11100001111101100010110100010100
00000000000011010101111110110000
01000010101010011101011011100001
00000000010100000010111100010010
00101010110000011000000111111111
00000000001101111101110100110001
11101010000010101100101000000011
00000000000101000101100100011011
01001100001000111010110101111101
00000000000111010000101110001111
00000000000000000000000000000000
00000000010111011101100010111101
11110111110111101101011111111100
00000000010011000001100100100111
01011100101100011100001110001011
00000000010011010100001011110101
00011011000010001010100110011110
00000000000110011010100001100010
11100000111111010010010001110100
00000000010000111111010001010010
01000000010111101100000010010110
00000000000000000100101111111110
11000110110010001101001101000100
00000000000100000000101111010111
11110000000011011110100111111011
00000101101111000101010000111100
10101110110111101000010110101001
00000000000011001100000000101001
00011111101100100101010101010100
00000000000000101000010110101111
00000000000101001010101000010101
00000000000000000000000000000000
01010110011010111100100000010110
00000000000111100100111001111101
10001110100011011011110111111111
00000000011011001101101010110010
01100010111110000110010100111100
00000000001001111101100101101001
11100111111111110100110000110011
00000000010011010100011110011011
11110101110110000101001011000111
00000000010000011010100111010011
10011111001010001001110010001000
00011000010111001100100001100110
10010011111111100010000100011011
00000000001100110110100010001100
00010111000011110101111101111000
00000000000000110011000000000011
10111010110001001001010111000110
00000000011101000110101010001111
10000010000011110011001000010001
00000000001011010101101001111010
11111001110110010001111000011101
00000000000011001100111010011110
10011101010101010110001010000000
00000000000011011000111111010101
11010011100111010000010010101110
00000000000011110001100111000101
11100111010100000000101010111000
00000000011100011011101101110011
00011111010101010100001000101110
00000000000010101010001011000100
11000111000111010111101001001011
00000000000110110100011011100001
11001100010010110110010001101001
00000000011010111000101111111010
10010100111110000000000100111000
00000000010110000110000011100101
00011010010101100110101100011001
00000000000000000000000000000000
11101101011110000000110000000010
00000000001100101101000111100000
10110111000010100110001001111111
00000000011100010101100110101111
01010100010001110011001101001010
00000000011001000010001001110100
01001101000101111110110110101011
11110101110110000101001011000111
00100111000011110111100011011100
00000000010100000001011010010001
11010100100101111001001110100101
00000000001100111001010001010111
00101111110100011110111001010001
00000000011111100110001000101001
11001110011110011011100111001110
00000000000000000000000000000000
10110000101110100101001001000000
00000000011011110101111110100001
10010100001010111101001011110001
00000000011111111100000101100011
11100011010101101000010010011100
00000000000111100100010001011000
11111010110001111010000011011000
00000000001011101001001000011111
10101011010101110011011111000011
00000000001111110011011000001011
11110101010100001110111001100100
00000000001001011110011100010101
10110010001110000111001011111001
00000000011100001011011110000010
11010101010000110000010100011100
00000000011000010101011101101011
10111010000010111000110010110111
00000000001101000101011001001100
11000110010000000011001111001111
00000000001111001010111111111010
11110011000011011001111111110001
00000000011101111101111010101011
10100001111011101110100001101010
11011010110101001010101001011010
01110100010111010111010001011111
00000000010100011110111010100101
00000000000000000000000000000000
00000000001011010111101001010110
00000000000000000000000000000001
00000000000001011001011101011101
11000101110111101111101000100110
00000000001110011101010111010000
01001100101110100000010001101111
00000000011001010011110000101101
11001001100001100111001111011010
00000000001000111001010101101010
00100101110011111101111110110010
00000000000101010100111000010101
00000000000000000000000000000100
00000000011111101001110011010011
11001100011101101111111010100111
00000000011101000100001000011100
11110110100111101111011001101101
00000000000011001101001001100001
11110111000100001001011101101011
00000000000010010000000100110010
01000100100110010001000101001000
00000000011011001101011011101000
00111111011011111011101011001111
00000000011111111001010010010010
00000000000000000000000000000000
00000000010111010101110111000010
10011001001010001011100010000010
00000000001011111110111011000001
00101000011111010011110100111010
00000000011101011010110101101111
01000010100100001110100010011101
00000000010100101101111011110000
11001110110000001011011011100011
00000000000000111010101101100101
01110010101011110010111010010100
00000000000110100100001010111101
11001110110100110000000000100001
00000000001000010110010100111001
10011111111010000000101111110000
00000000010000011011110110101100
00110010001110000111001011111001
00000000000111000100000110111000
01111101000100010111110010001001
00000000000011101101101000001000
10001110100010010011100000110011
11110101110110000101001011000111
01010010001111111111011111111101
00000000000000001001110000001110
01101110001000111011111100000110
00000000011001101110111111101100
00011101111000101011111110010111
00000000000001110001100010000000
11010110100110001100110001110111
00000000001110111011000010100000
00000000000000000000000000000000
00000000011010011101011100011110
01000001110000011011011100111001
00000000011100001110110100110011
00000000000000000000000000000001
00000000000000000001011111110100
10111010000101000010000010100101
00000000000000000000000000000000
00001010111010000001001101111101
00000000010001010010001001100000
11101001110010111011111100011110
00000000010111011011100011000001
00000011000110010000001011011011
00000000011110101111001111001010
00101011010011100110100011111111
00000000000000000011111111110101
00100111101010111110010011100101
00000000001111101111001101111000
11011010100111110111010011101010
00000000000000000000000000000001
00110010011100110000100111111011
00000000000111001100111111010111
11010011111100110011110100100000
00000000001010110100011110011000
10000101001111100010110101011010
00000000000011100111011111111001
00000000000000000000000000000000
00000000000001111010101110010011
11100001110101001110001100111100
00000000011011100110010101011010
11111011000111011100111001110000
00000000011100100111001011101111
00001010001110100011010011001110
00000000000000000001101001000100
10010101010011100010001000011000
00000000000110011110110000000100
10001111100100011100111100011101
00000000011010110001001100001100
01100000000000111100111100101000
00000000010101111101111100100100
01011110001010110110001000100011
00000000001010110110010011011100
11111011000010010010101010100111
00000000001111001101110010000100
10111111101000001011101000001000
00000000010110100010000101000011
01000101010100101001111000100100
00000000010001100010110000001001
00111011011010101010001011011001
00000000010111000001011001001011
00011111111111110111111010111001
00000000000011100101111010100101
10010111010011010011100110010011
00000000010101101001110010111000
01111010100111011001100001011011
00000000011101000110110110010011
11100011100001111000000011100000
00000000011111101010000001101110
00010001010110011000011110110101
00000000010001111000110011011111
00000000000000000000000001001110
00000000001100000110001010000001
00110101100110101100111010100010
00000000000000000000000000000000
00000000000000000000000000000000
00000000010100011000000101000110
10001101011001101110100111001111
00000000000001010000011000101001
10010000001101010110100000010010
00000000001111000000001010111101
10000001000010011110111100110000
00000000010011110011110010110010
00000000000000000000000000000000
00000000000100101111100100100010
01100100001001101000010001111110
00000000000001000001011010000101
00011001011101010011010011011010
00000000000000000000000000000000
00000000000000000001110101011000
00000000010001111101000110011101
11101101010101000100110011000100
00000000001001110111010000011100
00000000000000000001100100001100
00101000011111010011110100111010
01000100110011110001101000110011
00000000001001100000110000101100
01101100010001011000000001111111
00000000000010111010010111000111
10101101001100010001110011100011
00000000011110111110001000110010
11000101010011110110110111000000
00000000010100010111001100110001
01100101010010001110001111110101
00000000011010101000011110011011
11110000101011111000110110011110
00000000010011001110101110110110
11110110101010100011000110010000
00000000010010101000011011011100
11111010100000101011001011110110
00000000000000000000000000000000
10101111111000010010000000011000
00000000011111010100010111101101
00110000110011111011101111010110
00000000010100011011000000111100
00101100001001010011111001101010
00000000011111100000101101010001
00100100011111011001001111101101
00000000000100011000010001011111
10010001000101101011110011100111
00000000001110100110100010100010
00011011111111110000001100011000
00000000001000011000001100110000
10111100010000111100110111110000
11100001111101100010110100010100
11001010111011010101001011110100
00000000001101001100010010101111
11110101001110110011110100001011
00000000010010001011000111001011
10111111011100001110110010011010
00000000010001001011001110111010
11111010100111011100111001110000
00000000010000010111011011011010
00011001110101011101100110010101
00000000001000111100010110011110
01011100010010001101010101100010
00000000001101000111000100000011
01001101011111111000111010101011
00000000011010100111011010111101
11111101001001001111110010011000
00000000001110001110010000001010
10101010110100010000000110001101
00000000010101110111001000111000
11111011000001100010101100001101
00000000010000001110000011100110
00011100001111111100100000000100
00000000000110101010011101001111
00101011011110111101001100001101
00000000000110110100011010101101
11010000100011101101011101101110
00000000001110000100100001110111
01011101100001111111101101001001
00000000000100010011110000011011
10010110010011110001000110100011
00000000000000000000000000000000
00000000000000000001010011001100
00000000011000000001011101010011
00010100001111010010100000011101
00000000000000000000000000000000
11100110001111010011111010000101
00000000011000100011101111110001
01110111100110011110100110111101
00000000011100010010010010110000
01001001000110111111110101111101
00000000001101100010110100110101
00000000001001011110011100010101
00000000011010110011000000001000
01011000100100110100001010100000
00000000010100001111111111110001
10100010111010011100001101101100
00000000001100110110000101001011
00011000111001001111000010010111
00000000011001000110000100010111
11011101000100110010011000111001
00000000001111001100100100010100
10001101011110001110100001111111
11111011000111011100111001110000
01110101011001100110001111110100
00000000011101101110001000001111
11011010100110100001100001011101
00000000000101011000000110101110
10001101011110001110100001111111
00000000001101100111011001100000
11001001010010101111100110011110
00000000000111111001000101001010
00010001110101011011110011001010
01110100110011101111100010100010
00101011101010011101001011111000
00000000010110011001010010011000
00000000000000000000000000000000
11110101110110000101001011000111
11011011010000000001001110000011
00000000001011110100011000000001
10101101010110001100101000100001
00000000001110101001010111011011
11011101000101111011101000101100
00000000011100001111001001110001
10100010101111010000110101001001
00000000001101111011111100110010
11001101000000010000111110100100
00000000001101101001110010100001
11111010100111011100111001110000
00000000001011111110001101010101
01110111000000110000110101011010
00000000001001011000011011111010
00000000000000000001111000010100
00000000001011100110010100100111
01001000110001100101000000111101
00000000010110111100110010011010
11110000011110100001000010001011
00000000000011000111100111110010
11011111001011000101011011011000
00000000000000000000000000000000
00010101000111000111011110110110
00000000001001011011000100010101
01110000011011111110011000011111
00000000011111000011101011100111
10000000011100100110111011111111
00000000010111011110100001001000
10011100100100011011110111000100
00000000001100001011000110100111
11100111010011010101111100000011
00000000000100011011111011000100
01001101011101110100000111110011
00000000011011010111011100101100
11001110000100010100111111010001
00000000000000100010100001111111
00011100011100011001111010111000
00000000001010110001100110011101
10110111111001011000000111011011
00000000001111111010001111110000
00101010111110011101101000110010
00000000011001100110010001000101
11011100010100001010101100110110
11111010100111010110001001000110
11110110101011111100011100101001
00000000011111001110101111000000
01011101110110011001111000010111
00000000011011010001111100100101
11100101110010111101010010110011
00000000010010111011100100100011
10010010110101000010000010010111
00000000000000000101101100010010
00001001100001000011100111010111
00000000000111011011100100001001
00000000110110101010010011110110
00000000001100100101111101001001
10010010110111001000110001010000
00000000000000000000000000000000
11001001011010000010010011110111
00000000001001100000001110000110
00011110111111010000001000011110
00000000000010100111000101111101
10111100001111100010110110011011
00000000000011000000000110000000
10010110111000001010101011110101
00000000010101110101001001101111
01001110010101110001001011011010
00000000011111100101001010110111
10110001110010000100010001110000
00000000001011011101000011010000
00110011001000010001100110011100
00000000010011101110110100100011
01011001101000100100010111110000
00000000000100001111101010101111
11001000110111010101110011010011
00000000000110000000101011100001
00101000001101011010101100100110
00000000001000010001011000111100
10000010010110001010010100001010
00000000011001100111000001110011
00001001011001011111101100011100
00000000011000100100001001011011
01111001011101100000100100110111
00000000011001011101101010110101
00010100001001101001111110110000
00000000010010000101101100111101
11011101000100011110101011100101
00000000011111110000110100110110
00111100111001101001110100110110
00000000000101100011001001101010
01101000111101001110001010111110
00000000010010110000110011101011
00000101000010111110010101110101
00000000011111001101000111011010
01111010101011111001011101000101
00000000000000000001011111110100
00000000000000000001100100001100
00000000011011000111110111010100
00000000000010000010110110010111
00000000010011101001111110001111
10100110010011000110010101100011
00000000000010000011111000111101
00110101111100100011111111110011
00000000010000001010000101010101
10110011110101111110111010111110
00000000010110001100001000101100
00111001000100010101100101111101
00000000010101010001100001000011
10011000010011101111010000111000
00000000010001000100110110011101
10111001011101111000001100110011
00000000000101110010101001110110
01010011110000000000101001001101
00000000010000010000010001110101
00011111001000101100000010110101
00000000000000000000000000000000
01100111101110001101000011111100
00000000000011110111011100011010
11111010011000111000011011001110
00000000000111111110100010011010
11001100011111101100011101001111
01101100110011110000001100110001
11011100010000110100111111111110
00000000000010000010110110010111
10011111100001011100110111110110
00000000011100111010110101000010
00000000000000000000000000000001
00000000000010011100001101101000
11011011100111001111000101111101
00000000011100010011101011000101
11110110001100101010101110110101
00000000010011001111010110110111
11010110111010110111101001000100
00000000000000000000000000000000
00110111000100011101111100111101
00000000010010111001000100000110
01101110100000110101000100101100
00000000010110010010000110001001
01100100011101011001110011000111
00000000010010100110110011110000
00001111000000010110110010111110
00000000010111010000000000101000
01000110100010100011010001110000
00000000011110100100001111110100
11100001110001110110100001010100
11100001111101100010110100010100
11001010110001111100000101000001
00000000010110011101000111100000
00000000000000000000000000000000
00000000011111101000000000011111
01101011011010110000110001110101
00000000010110011111110011111010
00000001000100110101111010000011
00000000010000000101100110000101
00000101010000011111001111001110
00000000011011111001000110000001
11010110000011100100111100001000
00000000001101000001110000101010
10110010001011010000001000100001
00000000010001110110111110000101
00000000000000000001001101011100
00000000000111110001000100001111
00101101010000111001010100011111
00000000000000000001100111011100
10111001100000001011011111010001
11111010100111011001100001011011
00010010011100000010010010000000
00000000001110100100010101010000
10000101101111000110110011001011
00000000001011110100110110100000
10100101011000110000011011001011
00000000011011001000111000001110
00010110111011001000111000010011
00000000010110011110110001110000
11001001111001010011110101011111
00000000000000000000000000000000
01001111010111100000100110000001
00000000001111000111001110001010
01110100010001110001111000111010
00000000011010000011111100111010
00011111011111100000001110111101
00000000000001001111010001000101
11111001000101001100110011110001
00000000001010011011110111111110
11101011010000000100110000010000
00000000011101100110010111010111
00011110010001010010001101001110
00000000011111100100000001010110
01101100110011110000001100110001
00000000001110111001101000100011
01010000111100010111110101010010
00000000010100011100000010001110
01111101101001000001110000000100
00000000010101111000010001110111
11100111011100010011001110001100
00000000010000101000011010001101
10100110011001100000010011011000
00000000010000101000101101001110
00000000000000000001011111110100
01001111010111100000100110000001
11011110101110011001011101111001
11110101110110000101001011000111
01111010110000111100010011101100
00000000010111101000000101001100
01001110011101011011000111001010
00000000001000100010011110111101
11000110100110101000000100011101
00000000011110001000000101101000
01100000000000111100111100101000
00000000010111100001000010101001
00000000000000000000000000000000
00000000010000101111011111000001
11111100110010110010101001100100
00000000000001010110101111011100
01011010001100011011101010001101
00000000010011001001101100110000
10110000101010100010001110101000
00000000010001010000111011001001
01100000001110111001110100100100
