01111111110000000000000000010011
01111111110000000000000000010011
01111111110000000000000000010011
00000001011100101010001110110011
00001000111011110000100011010011
00001000010110010000001101010011
01111011111000000010100000100011
00000001110101010000100101010011
00000101010000000010100100000011
11100000000010100000001011010011
01000010001000000010101000100111
01000001010010101000001110110011
11101001110000000010101010000011
01101100110000000010100110000011
01000100101000000010000000100011
01110110111000000010100000100011
01000001010010100000111000110011
00100001000100000010001000100111
10100000001110101001011101010011
01000000000011000000100110110011
11001011000000000000001010010011
10100011100100000010001000100111
00000000110000101000110000110011
10110101000000000010110000000011
11001001010000000000001100010011
00001000011011010000111101010011
11100000000010111000010111010011
00000001100000110000100011010011
00111011101000000010010000100011
00000000111100110010100000110011
11100000000011001000000101010011
01101110010100000010011000100011
00000000000010111001100110110011
00100000010000000010110100000011
11100000000000101000101011010011
00100001100000000010100000100111
00100011010000000010010100000111
00000000101011001101111110110011
10100001110100100001011001010011
00010010110100000010001000100111
00000000001110010000110010110011
00000000001000101000110101010011
00000001011011001001001010110011
00000000010111000010101110110011
00000000101010101000101110110011
00000001000011100000100101010011
00000011100000000010010000100111
11100000000011000000110011010011
10100001100101100001101011010011
00000001000100100001100100110011
00000001110101000101000100110011
00000000010110011010000100110011
00000000010000100000111111010011
01000001110000100000000100110011
00111001100000000010001110000011
11111001000000000010110100000011
11010110110000000000101010010011
10001010100000000000001010010011
01000000010100000010101000100111
11100000000001100000110111010011
11011010110000000010110110000111
00001000010100111000100111010011
00010110001100000010000000100111
00000011010000000010100000000111
01000000011001010000111000110011
10100000001111110001001001010011
00000000000100111010101010110011
10100000010110001001111101010011
10111011111100000010110000100011
10001111011000000010000000100011
00000001000111000001110000110011
00000001110110101101111010110011
01000000101000100000100100110011
10001110100000000010001100000011
00000000000010101000110001010011
00000001101111111001010100110011
10100001010011111001101111010011
00000000000000101000101011010011
11110101010000000010101000100011
00000001111110000101100010110011
00000001101010100000111111010011
11100000000001001000001001010011
00010001001000000010111000100011
11100000000011001000001111010011
10100001001100000001101101010011
00000000111101010010001110110011
11010000010100000010010000100111
00000101000100000010111000100111
00010000010000000000100100010011
10100000101110110001011011010011
01000001100101101000111000110011
00000001111110010000101000110011
00000000101011110001111110110011
00000001100001000000101101010011
10100000011001110001000011010011
10110001000000000010000110000011
01010011001100000010110000100011
00000000111000000001011110110011
00000001101101111001100110110011
01011111110000000000101000010011
11100000000001110000011011010011
10100000110000011001011001010011
00000000000001010010001110110011
00000000111111000000100110110011
01110000000100000010010000100011
01001010000000000010001010000111
00000000111111001000010001010011
00000001101010111010010010110011
01011111010000000010111000000111
10100000100011001001000011010011
11111001010000000010101100000111
00101101011100000010100000100111
00000000010000100001000010110011
01000000010001110000011110110011
00001110100000000000110110010011
10100001110100010001101001010011
00001001100010111000100011010011
00000000101111100000001010110011
11001111100000000010101100000011
10001110010000000000011100010011
10100001000001001001111111010011
11100011010000000010010000000011
00001000100101000000100001010011
00000001110111010000111011010011
00000001110100001101001110110011
00000000010110000001101110110011
11100000000010100000110011010011
01100000001000000010110000100111
00001110110000000000000100010011
10100010100000000010010110000111
00000000110001001000110001010011
10011011010000000010000110000011
01110100111100000010011000100011
01111101000000000010001010000011
00000000000000101001101010110011
01011001000000000010001100000111
00000000010000110000101010110011
10000010100000000010000110000011
10100000001000011001011001010011
11100000000000100000010011010011
11101101100000000010110000000111
10111010100000000000011010010011
00001000101100000010001000100111
11000011110000000010111100000111
11100000000011011000011011010011
10111000110000000000001010010011
11100000000011111000000101010011
00000001000011101010000100110011
00000001110011101101011110110011
00000000010110100000111010110011
11100000000000100000101111010011
00011111001000000010111000100111
00000000111010000000010110110011
00000000111011101000100011010011
00001001101010110000111101010011
11100100100000000010111000000011
10101000111100000010011000100111
11100111000000000010010100000011
10010100000000000000111110010011
10100000101001100001001101010011
01000100110100000010100000100011
00000001111011111000001111010011
01000110010000000010110000100111
00000001000010001000000111010011
00000001011110111000010011010011
01101101011000000010001000100111
00001001110110100000111011010011
00000000010010111000100110110011
00100101000000000010001000100011
11100000000000001000011101010011
01000000110010111000110000110011
00010010100000000010101000000011
00000001110110000000001111010011
01010100100000000010100000000011
00000001000111011001000100110011
00001000101100011000101001010011
00001001001010000000100101010011
00000001110011001010000110110011
00000001100000010000101011010011
10110010111100000010000000100111
00000000100110011000010101010011
01011001110000000010101000100111
00110100010000000010100100000111
11100000000000000000110011010011
00000000100011011000111101010011
00101111111100000010110000100011
00001001011100101000001111010011
00000000100110110001001100110011
00001001000001110000110001010011
00101000010000000000110010010011
00000001110010101000011011010011
00000000001001000101001000110011
00000001001111011000001000110011
00000001111011011101101010110011
10111111110000000010101000000111
11100000000010111000001011010011
00000001110000110000101010110011
00100101010000000010001000100111
01000001111100001000001010110011
00000001011010000000010011010011
00000000001010010000111110110011
11110101000000000000111000010011
00000001101110100010111000110011
01000001110010001000001000110011
00010011100000000010110010000111
01111100101100000010001000100011
00000001000100100000001010110011
11100100110000000010111100000111
10100001001111101001000101010011
01000000001111111000111000110011
00000000010000011000100111010011
10110001000000000010001110000011
10100001110010111001010001010011
11110010000000000010010000000111
00000000110011010000101100110011
00000000000011111101010010110011
00000001001111001001011000110011
00000001111010110000101111010011
00000000011001011010100100110011
10001110010000000000111000010011
11000110101000000010100000100111
11110010010000000000010010010011
11100000000000011000011111010011
00000000010100010000011101010011
01000000101111101000010100110011
00000001000000010000010000110011
01000001000000001000100010110011
01000001000101111000100110110011
00000001111011110000101110110011
10101101111000000010000000100011
10011001000000000010000010000111
11100000000011000000010001010011
00000001100101010000011101010011
00000001111001011000100101010011
00000001110011000000010111010011
10110011000000000010111000000111
00000001000000000000101000010011
00000001111100001000001010110011
00000000010100001000111111010011
01111101100000000010010100000111
00001000100001111000010001010011
00100111101100000010001000100011
11100000000001000000111001010011
00000000110000101010101000110011
11010111010000000000101010010011
00001110000000000010011100000011
00000000111001101101101010110011
01110100011000000010101000100011
00000001011011110101110110110011
00000001101111000101010100110011
10100001101001000001001011010011
00000000101110100001111010110011
00000000000111010101011100110011
00001001101010001000011111010011
00000000011011101010110100110011
00000001001011101001011110110011
00000001100111011000111101010011
10001000100000000000110000010011
00000001001010110001001100110011
01000001101101100000110010110011
00000000101001111101010010110011
00000000101111011000101110110011
10110110000100000010111000100011
10110101100000000010101100000011
11100000000000110000111111010011
01101110110000000010000000100111
11100000000000010000110011010011
10100000100010101001000101010011
00000001101100011101010000110011
01000001001010111000001010110011
00110011000000000010001110000011
00000000001101110000111001010011
00000000011011000101100000110011
00001100010000000010010110000011
01000001011001001000001100110011
00001000110101110000010001010011
10110011110000000010110110000111
11100000000011101000010111010011
00000000000100101010001000110011
01111111100000000010010100000011
00000000110000110010110000110011
10111111100000000010100110000111
00010111010000000010100100000111
11100000000001111000001011010011
00000000101111000000110000110011
11101001101000000010100000100111
11010101010100000010111000100011
00000001001110100000011000110011
11100000000010111000110111010011
01000000111101011000001100110011
10100001110010000001000111010011
00001000011011110000011001010011
00000000110101101010001000110011
01000001000111101000010100110011
00000001101111001001001110110011
00100001101100000010001000100111
11011110111100000010001000100111
10100001000101010001111111010011
00000001000110011101111100110011
00110000110100000010111000100011
11001000000000000010011010000111
00111110001100000010110000100111
11100000000010111000110011010011
00000001100011001010110010110011
00000001001010011001010100110011
00000111000000000010100000000111
00000000101111111000010011010011
10100000110111110001110111010011
00000000000001010101010010110011
01000100100000000000011010010011
00000000010101100010010110110011
01000000000000111000010010110011
00000001110011101000001110110011
11100000000001010000101001010011
01000000110000110000101110110011
00000001010101110001000110110011
11100000000011011000010001010011
00001001010000101000011011010011
01010111000000000000100110010011
11110011101100000010101000100111
01011010110000000010100100000111
10101011000000000010001100000011
00000001110101101010101110110011
00000001001101111101010000110011
00000000100010000010111000110011
00000001010100100000000111010011
00000000100101100000101001010011
01010100010000000010100110000111
01110110010000000010110100000011
00000001011001001000001111010011
01110111100000000010101100000011
00001000101111011000101111010011
00010101100000000010101100000111
10100001011101011001010001010011
00000000100010000000100000110011
11100000000011010000100111010011
00000000000010011000000010110011
11110110100000000010101110000111
10100001000111011001110011010011
01110010010000000000010100010011
00000000001000000010101010110011
00000000100000000101011000110011
01000001001100000000011000110011
00000000010011101000101010110011
00001000000011000000000101010011
10100011100000000010001010000111
00000000100110010000110000110011
01001000110000000010010010000011
00000001010110101000110011010011
00000001101101011001001110110011
00101010000100000010001000100111
00000000000100101000101111010011
10100111111000000010111000100011
11011111110000000010001110000111
11001101110000000000111100010011
00000001111000110000010010110011
00000000101011110001000100110011
00000000101010100000111000110011
00001000001001110000100111010011
00000001101001010101110110110011
00010101010000000010111100000011
00000000010010010010001000110011
01000001001111010000100110110011
00001001010110000000100011010011
00000001000001001010010010110011
00000011110000000010011010000111
10110010100000000010000010000111
00000000000010011101001000110011
00000001000011100101000010110011
11000000000000000010000110000111
00010101110000000010011100000011
00000000110110111000101001010011
00000000010010101010010000110011
00110111010000000010000110000011
01101101000100000010011000100111
00001001111001000000000111010011
01000000010100101000101000110011
11100000000000100000000101010011
11100000000011101000000111010011
00000001110011001010010010110011
00000001110000101000011000110011
01000000101100101000110010110011
11100000000000100000010111010011
01000000010110101000010100110011
00000001011010000101101100110011
10000111010000000010011110000011
01011111110100000010101000100111
10001111100000000010001100000111
01000101101000000010000000100111
11111111010000000010110010000111
00000000010101010000010001010011
00000000110001101010110000110011
01001011101100000010001000100111
00000010000000000010001110000011
11100000000001101000110001010011
01101011100000000010010010000011
01100100100100000010000000100111
11110000110000000000000100010011
10000101111000000010101000100111
11100000000000111000110111010011
01111000100000000010000010000011
11101001100000000000101000010011
00001000011111100000000111010011
00000000000101000010001100110011
11111001000000000010011100000111
11100000000001001000011111010011
00001000100000000010010000100111
00000001111111100101000100110011
00000000111111011001100110110011
00000001011011100010011010110011
10100000011011110001011011010011
10001010100000000010010000000011
11100010000100000010110000100111
00001001000100111000011001010011
11000001100000000000011100010011
00000000011110101101001110110011
00000000011111110010110110110011
01000001100110011000111010110011
00100011010100000010100000100111
00000000101010110000000101010011
11001111000100000010100000100011
00000001100111100101011100110011
10000010100000000010100100000011
01010110010000000000000110010011
10100000110111110001011101010011
11010000010000000010000000100111
00000000101100000010100000100111
00000000101010011010111010110011
00000001111010010010000110110011
01100011100000000010011010000111
10100001001111011001111111010011
11011110101100000010111000100111
01001001100000000010111000000011
10010010011000000010011000100111
11000000010000000000110010010011
00000001100111110010010010110011
00100111010100000010110000100011
00001100110000000010010010000111
00000001111111011000101001010011
00000001110010000001111010110011
00110110010000000010001000100011
00000001101000011101000010110011
10011000010000000000000010010011
00000001000100110000001100110011
00000001011100011001000100110011
00000000100001000101001110110011
00000000100111011010110110110011
00000001010110101010111100110011
00000000010100111001010100110011
11100000000000001000100111010011
01000001110100100000111000110011
10100000111011000001100101010011
10011111010000000010010000000011
00000001000100001000010111010011
00000001001011100010110110110011
10000101000000000010001100000011
10001001000000000010111000100111
00000001100011000000100011010011
11110000010000000010011000000011
00000000100000100001100100110011
10010010000000000000111010010011
00000001101000010000101010110011
00000111110000000010100010000111
01011000010100000010010000100111
00000000000000010101101110110011
00000000001000001101001010110011
00000000000101011101011010110011
00000000111111101010101110110011
11000001110000000000001100010011
00000000011100101001011000110011
11011101110000000010110100000011
00000000001110000101001110110011
00001000111111110000010111010011
11100101110000000010001000100011
00000001001010001000011011010011
00000000111000110010000010110011
00000000110101101000001001010011
11000010110000000010011000100111
00110100110000000010001100000011
00000001011101101000001111010011
11110111000100000010010000100011
10111001000100000010111000100011
00000000101001100000101000110011
00000001111111101010100110110011
00000001110111000001110100110011
00000001111101000101010010110011
11100000000010000000110001010011
01011000100000000000101100010011
00000001101011101000010100110011
00000001001000011101010100110011
10100111110000000000110000010011
00001110000000000010001000100011
11100010000000000010110110000011
00000001111010110000000011010011
10101001011000000010100000100011
00001001111110010000101001010011
00000001010101110010111000110011
00000001010000110001000110110011
01101011000000000010100010000011
00000001001011111010001100110011
00011001000000000010101100000111
00001000010010111000111001010011
01000000101101001000111000110011
00100000001000000010011000100111
00000000010000111001001110110011
00000001101011110000011101010011
11100001110000000010100100000111
01100111110000000010111100000011
01001100000000000010010010000011
00001000101101011000101101010011
00001000101101111000001101010011
10100000111011101001001011010011
11110001010000000010110000000011
00000001101000110000001110110011
11110001110100000010101000100011
10110111000000000010011000000111
01000000110100000000111110110011
00000001011101000000001111010011
01111100100000000010101100000111
10111110000000000010011100000111
11100000000011000000011111010011
10100001100110000001100011010011
10011111000000000010001100000111
00110001110100000010000000100011
10100001001101010001100111010011
00001001100111100000000111010011
00000000111100101101010100110011
00000000001001010001100100110011
00000000100011111101110000110011
00001001100111000000010111010011
00000000011001100101011010110011
00000000000011000000010011010011
00000000100011101001110010110011
00001001110111111000100111010011
10000100100000000010111010000111
00000001001111010000011101010011
00000001111001011000010111010011
00001001111011011000000011010011
10111001000000000000100010010011
00100110110000000010100100000111
00000000100111101010101010110011
11010100000000000000001010010011
00000001001100010000110111010011
00000001000000100000000101010011
00110001001100000010000000100011
00000000110110010001010010110011
00001000010101111000100011010011
00001000101011110000111111010011
10110101110000000000010100010011
00000001010001110000101101010011
00000000101011010001100110110011
01000000010011000000001100110011
00001100010000000000111010010011
00000000110000010000000100110011
10100000110110011001011011010011
11100000000010010000010101010011
00000001001111001001000110110011
01000001101101001000011100110011
00001000000000000000100010010011
00011111000000000000000110010011
00000000010101011000110110110011
00000001101011111000101110110011
11100000000000100000011111010011
01100101100000000000100010010011
00101100010000000010000110000111
11010101110000000010001010000011
00110000000000000010111010000011
00000001100100010000001011010011
11100000000011100000010101010011
00000101000100000010100000100011
01110100111000000010100000100111
10010001101100000010011000100011
10111101110000000010000100000111
00000000110110011000011110110011
11100000000000001000000101010011
01000111110100000010111000100011
00000001011101010000110100110011
11100000000000001000110111010011
10100000101111000001111001010011
00000011100000000010110100000111
10010011000000000010111000000011
00110000010000000010010100000011
11111001110000000010100110000011
00001000110111111000001001010011
10100000000011001001110101010011
00001000110010010000111111010011
11100100010000000010111110000111
11110000100000000000000010010011
01111011110000000010100000000111
00000000111111100001010000110011
10011010010100000010011000100011
11100000000001010000010001010011
01000001010011010000111010110011
01000001111010010000010010110011
00000001011010000010111100110011
10100010000000000010101110000011
00000001101010011001110110110011
00000001100101011101100110110011
11100000000010111000010111010011
00001000011011010000111101010011
00001101000000000010001110000111
11010000111100000010110000100111
11011001000000000010101110000011
10001110000000000010001000000011
00000000000000010001011000110011
00000000001001010010111100110011
10100000100100001001111011010011
00000001111010001001011110110011
01100101111000000010010000100111
10100001011000111001000011010011
01100101000000000010011010000111
10100000110011011001011001010011
11100000000000101000111101010011
11001001110000000000110110010011
00000000111101100001100110110011
01101100000000000010010000000111
01111010111100000010100000100111
00111110000000000010000110000111
10011011110000000010111010000011
00000000001101100001110100110011
10100000100111111001001001010011
01100101001000000010011000100111
11001011100000000010011010000111
00000001010000010000011111010011
10100001100001010001010011010011
00000001010001000010111010110011
11010110100000000010101110000011
10100111100000000010110110000111
01001110001100000010100000100111
01000000110110100000100110110011
11100000000001110000101001010011
10100000011101010001001001010011
11100000000001001000101101010011
10100000010000000010010010000111
10100000110000101001000111010011
00010011000000000010110110000011
11100000000001001000010001010011
00000001111110011001010010110011
01001110100000000010101000000011
00100010011000000010001000100111
11010011100000000000000110010011
10100001100110011001011111010011
00000001111010000001011000110011
00000000100111100010001100110011
00000001111000001001101110110011
11010100101100000010000000100011
00000000010010001010001010110011
10011111100000000010110000000111
00000001101011101101000110110011
00000000111101111000011101010011
01000001001101111000000110110011
10100000000110000001010011010011
00000001111011010101100000110011
10100000000011101001000101010011
01000000110000111000101110110011
00000001111010110000101101010011
11101100100100000010111000100011
01011111111100000010000000100011
00000000010011111001010010110011
00000001111000110001011100110011
00000001001001110001011010110011
00000000011101011000011100110011
00001001111110100000110101010011
10100001011010101001001011010011
00001101100100000010011000100111
11100000000000110000001111010011
10100001101000010001010101010011
01000000110000000010111110000011
01010000100000000000110100010011
00110101110000000010010100000111
10010000110000000010100000100011
00000001001011000101110000110011
01000000001010001000101100110011
01110000010000000010100000000111
10100001111111101001001111010011
00000000011010010101110010110011
00000000010110011001100100110011
10100001000110010001011011010011
00101110110000000010000100000011
00000001110111100001110000110011
00100000101100000010100000100011
00001000101010010000110111010011
00000000110110000101101110110011
00000001110010110000001011010011
10011011001100000010000000100011
00000000010100010000111110110011
00000001110000001000010000110011
00000000000101100001101010110011
01000001111100001000101010110011
01000110000000000000011100010011
00000001110001011001100000110011
00000000100100110010110000110011
11100000000010110000000011010011
10000111111000000010110000100011
10100001110110100001101101010011
00010010110000000010110000000011
01010110010100000010101000100011
00000000010110000101000110110011
00000001010000010010000100110011
00010010000000000010001100000011
10100001101111110001100001010011
00110111100000000010110100000011
00001000100000000010000110000011
00000001010010110101101110110011
00001000101111111000010111010011
00001000001001101000011111010011
00001000010000101000101001010011
10100001110000101001000111010011
00000001110011010000110010110011
00000000110010110101010010110011
10100000111010011001101011010011
01000001011101000000111000110011
00000000101110000010101100110011
00000000100010101000001001010011
00101000000000000000110010010011
00011100001000000010100000100111
00000000111101111000001111010011
00000000101111011001010110110011
00000001011011000001111110110011
00000001001101110001111110110011
00000000011010101001000100110011
00000000000111001010010100110011
00000000100000111000111000110011
00000001100000101010110100110011
00111101110000000010111000000111
00011010100000000000111000010011
00000001010111101000001110110011
00000000111000101000001011010011
11100010000100000010100000100111
01001101000000000010111010000111
11111001100000000010110000000111
10010111011100000010000000100011
00000001101100011000000111010011
01000000010001011000001100110011
00111001000000000010100010000111
00000001101010110000011111010011
00000000000111111101010000110011
00000000101101010101111000110011
00011000100000000000001000010011
00001001001111100000000011010011
11111001000000000010101110000011
11101000100000000000111110010011
10011100100000000010011100000011
00101110100000000010110110000011
00000001101001000101110110110011
01000001101010001000000100110011
00000001010101000101000010110011
00000001010100111101010100110011
00000001011000100000110011010011
11001100001100000010011000100011
10100001110011101001000101010011
00011100100000000000100110010011
00001000111011000000001011010011
01000000110111101000110010110011
00000000000001011001010110110011
00000000111100101001010100110011
11101110000100000010100000100111
01101111000000000000101110010011
00000001100010010000100111010011
00000000111111100000111101010011
10100001100001011001010101010011
00000001101111001010011010110011
00001001010100100000010111010011
00000000101110111101001010110011
00001000001001111000000101010011
10111001010000000010111000000011
11100000000010001000000011010011
00000001000100110000010010110011
00000001010011110010101010110011
10100000101000010001101111010011
11000111000100000010101000100111
00000001111001101101100110110011
11101100100000000000110100010011
10100000011000000010110000100011
11000101000100000010100000100011
10100000111111110001101011010011
00000000010010000101100000110011
00111110101100000010010000100111
10100001111111011001101111010011
11110101010000000010010000000011
00000000100011001000001010110011
10000011010000000010001110000111
01000001110000101000100000110011
01011001010000000010101000000111
10100000010101100001110101010011
01001000000000000010100100000011
00001001111000011000000111010011
10000011000100000010010000100111
00000001110010111000110000110011
01111100000000000010101010000011
00001001001010100000000011010011
00000001110110000001101100110011
00000000100101001000111100110011
11100000000010101000100011010011
01101000001100000010110000100011
11100000000010101000111101010011
01000001010010101000001110110011
11111100000100000010110000100011
00000001001000100000011111010011
00000000110111110101010010110011
00000000100110110000011000110011
11100000000001010000011011010011
11100000000011001000010011010011
00000000000010011101110110110011
00000001001000100101111100110011
00000001101011011010001100110011
00000001000000100101010000110011
00101110100000000010011010000111
00000000000000101000100101010011
10100000001101011001001111010011
00111100001000000010010000100111
00000001000101100010011110110011
01000000011011101000111000110011
10100001111000010001101011010011
00000001100000111010000100110011
00000000001010010001001110110011
01011111100100000010111000100011
01000000011101010000011000110011
10100001110101101001011101010011
11010110010000000010001010000111
10111011011000000010010000100011
00000001100101000010010000110011
01000000010000000010100010000011
10100001011111010001101011010011
00000001001111100010100110110011
10010011000000000010010000100011
00001001011001001000010101010011
00010011010000000000111000010011
00000001110101010001010100110011
00000000001101010000011011010011
01000001110100010000000100110011
00100000001000000010110000100011
10100000100001100001111001010011
00000001110110100001100000110011
00000000011101001010001100110011
00000000010111110001001000110011
00001000001111100000010101010011
10001110110000000000001010010011
11100000000001101000111111010011
10010101010000000010111000000111
01000000000100011000110010110011
11100001001000000010101000100111
00000001111100011010010100110011
00001011010000000000011110010011
00000000110000010000100000110011
10100000101010010001010111010011
11100000000011111000111111010011
10100001100010000001011011010011
00001001011110011000010011010011
00011100000000000010001000100011
00100111110000000010001100000011
01101111000100000010000000100011
00000001011011011010110010110011
00000000001000011010111110110011
10010111010000000000101110010011
00100011110000000010010000000011
00000000000011100001111000110011
00000000000001010001101010110011
00000001100111101010010110110011
10100001111000101001001111010011
00000001100001101101111100110011
10010000110000000000100010010011
00000111100000000010011110000011
01000001111111111000011110110011
11110010010000000010110000100011
00110111100000000000110000010011
00000000100010011010100000110011
11110011010000000010001110000111
11100000000010000000111111010011
00000000010010011010110100110011
01011010010000000010101010000111
00000001100010101001101110110011
00000001110001000000001100110011
10010111100000000000001110010011
10100000010011000001100001010011
00001000011100000010011000100011
11100000000001000000010011010011
00000000010100011000100000110011
00000001100001000000000011010011
00000000100000110010010110110011
00001001011001111000100001010011
11011100101000000010010000100111
00000000010001111000000100110011
10110010000000000000100100010011
01000001000110001000101010110011
00001001111101001000000011010011
10100001000101100001001111010011
00000000110000001101001000110011
10100001100110010001111011010011
00000000000101010000110000110011
10100001010001110001010001010011
00000010100000000010001000000011
00000001010101100000011100110011
11100000000000010000001001010011
10100000110101011001111001010011
10010011100000000000110110010011
00000000010110100001101100110011
00000000010101011000010100110011
00000001101011110101011110110011
00000001001100010000001001010011
00000000000100110000011001010011
00000000010000001000001101010011
00000001001110010010000010110011
11100000000001000000001011010011
11100000000001010000111111010011
00000001110100101000000101010011
00000000011100010000000110110011
00000001101011110101111110110011
01000000001010001000010110110011
10100000100000011001101001010011
00000000000010101101100100110011
10100001110110111001101111010011
00000001001100110101111010110011
11100000000010100000000011010011
10100001100011000001110001010011
00000000100001100000111011010011
00001001100101001000010011010011
10100000101101100001111011010011
11001101010100000010100000100111
01110001011000000010101000100011
00000001000001010010000100110011
00000000100011010000011010110011
00100111011100000010111000100011
00000000011101100000111101010011
10100001010001110001101111010011
00000000001111110000111100110011
00001011000000000000011110010011
01000000000111101000101000110011
00000001011000110000111000110011
00000001011101001000110101010011
00000000011111000001110010110011
10010011100000000000011000010011
00000000101111110101000110110011
11011100100000000000111100010011
11011011101000000010000000100111
00000000100100101000111001010011
00000001110101111101000100110011
11100000000011001000001111010011
00000001001110011010011100110011
00000000100111100000110100110011
10100101010000000010100110000011
01101101101100000010001000100011
00000111000000000010111010000111
10001111010000000010011000100011
00000001111000011000110000110011
10110000100000000010100000000111
10100000011110101001100101010011
00000001111101100101010000110011
11100100001100000010001000100011
00000001010101011001001010110011
01000001101011101000011100110011
00000000010011010010011100110011
00000001010010000000001111010011
00000000111110001001100110110011
00000001001101000000111100110011
11000011001000000010001000100111
11100000000010101000110111010011
00000001001010100000111001010011
10100000010010111001001101010011
01000000101001010000100000110011
00001001011001011000010111010011
00000001100111110000100101010011
00000001110101010000011110110011
11100000000001101000111111010011
00110110100000000000111000010011
11100000000000001000100011010011
00001100000000000010100010000011
00000101001100000010001000100111
11100000000000000000001011010011
00000001000010011000101000110011
00000111100000000000010000010011
10111111000000000010000110000011
00000001110111110101010110110011
00110000110000000000010100010011
11100000000011111000101101010011
00000001011011011101101100110011
00000000100101010010000110110011
00000001111100001000101011010011
00001000110010010000011001010011
00001000101101001000111001010011
00000001101101000001100110110011
11100000000010111000110101010011
00000000110001111101011010110011
10010010101000000010011000100011
10011010111100000010001000100111
10111001010000000000011000010011
10100001010000100001100011010011
01000001010010100000010010110011
00000000011001101010011100110011
00001001000010001000011111010011
01000001001000010000100100110011
01110100010000000010001010000011
11001101110000000010100000000111
00000001101000001001000110110011
00000001110010101000001111010011
00000001011101000010101010110011
11011100010100000010100000100111
01011000000000000000000100010011
01001010001000000010110000100111
10001100110100000010101000100111
10101101000100000010010000100111
10100001011011100001010011010011
00000001011100010000001010110011
00000000001011101000110001010011
01000000110111000000111110110011
11110001010000000000101110010011
11100000000000000000011101010011
01101001110000000010000010000011
01000001110000010000001000110011
01010001100100000010101000100111
00000001100010100101111000110011
01000000110011001000000010110011
01010101000000000000100100010011
01000111110000000010101110000011
10001000010000000000011100010011
00001000100000000000001100010011
10100011010000000000001110010011
00000000101111000000010110110011
00000000101011011000110000110011
00000001101100101101010010110011
10111011010000000010001000000011
00000001011001111101000010110011
00000001001000111001100010110011
00000000000000000000000001110011
00000000011111001101001111100000
10011001001111011010100001111011
00000000011001111011000111100101
01010101010011010100101110001111
00000000001000110101100000011110
10001110010101110100101100011111
00000000010110110000011000001110
11101000101111101010011111001010
00000000000001001100000110010100
11000000000010110000001011010001
00000000011101010000011110100101
10010110000011010001001111001110
00000000000101101110001001110000
01011001000111101010110000010100
00000000000111000001110111110100
10100011010010111011000110010001
00000000000101011010001111111011
01101011111000110001010001001111
10100100110111001111001100000001
00001001011110010110000101101000
00000000001111011111110110001010
01010101110101011111111110000111
00000000001010100011011111100000
00100000100100010101101000011011
00000000001011000001110011101111
10110111010111001110100001100011
00000000011111110111110010010011
00000000000000000000000000000001
00000000010101000000011000101101
10100110101101110100011110111110
00000000000010110010000011001011
11011001101010010111001101000101
00000000010111011010110010100110
11100001010110100101011011001100
00000000000001100101101111001110
11110011011010001101100001110110
11010111001010001010000111011000
10110001111100101110011010001111
00000000001101000101111110010101
01111110011001110011110110000011
00000000010010111110100110001110
10011000000111101001000011011001
00000000000010000111010010100000
00001111111001011111101010101001
00000000001001011000000000111101
01001110110100000100011011000101
00000000011001000010100010011101
10010001000001110001110011010001
00000000010100100011111100100101
00101010011001101001010101101010
00000000000001010100111001101100
01101100011001010100001010110110
00000000010100100001001110010100
00000000000000000000000000000000
00000000011001111001101100001010
11000101111101011101100010100110
00000000001010100100110101000000
11000000001111111001100110101101
00000000010001101110101111111000
10100010101001110010101001001111
00000000011111001110110110000100
00000111001001011100110100011011
00000000000100101101101111100101
10101110001000100000111011101001
00000000000000000001010100111000
00000000000000000000000000000000
00000000011101011011111000001101
11101111111011000101011011100111
00000000001001001001111001011111
01101011100100101011111011111000
00000000011011010001100111110001
11111000110100010101000001110000
10100010101001110010101001001111
11110001100100000010111001010111
00000000001000011100001110011000
01110111100000010001110111100100
00000000011010001001000110111111
11100111100010010100001100111101
00000000010111111010010001000010
11000111101110110111001010000101
00000000011101011110000101111100
11101111101101010010011110101110
00000000010111111010101011111000
10101101110100001011010101111010
00000000001000101000001100001000
00000000000000000000000000000000
00000000010110111000100111001101
10000101001101001110111100110000
00000000011011111110101100111101
00001110011010110110001101010111
00000000010000000110000001011001
00010100101000101110001100100101
00000000000011101010110001101011
01000101111110101111001111001011
00000000001111011100110010000000
00100101100100110000011110001000
00000000010000000010000000010100
11110000110100100010110011111111
00000000010111101100000101110001
00011100100010111110011011101011
00000000001100001000001000001101
00000000000000000000100010111011
00000000001110101010110111101010
11111011100100100000111000100011
00000000000000000000000000000000
00011010000010101000011101011011
00000000010000101011010110111100
00001001001001010000111000100101
00000000000000000110101110110001
10100111000011101111111010000001
00000000000111100011100001010011
10000010001111000100001111000000
00000000011101111001110100010000
01011101010001111010111111110011
00000000001100101101001010110000
11110110110011011100010100110010
00000000010101100010100001111000
00111110011101010100111111101110
00000000001000101101010110111001
11111101110110010101110101010101
00000000001001001110011010100101
11111110100100000010101001111100
00000000001000010010101110100000
00110100111011111111001000101100
00000000011011010001011010100101
10110001011001000011011000110111
00000000000011001111100101110111
11001001101001110100101110000011
00000000000011001101000011001000
01011101110110100011100001001001
00000000000011010110100111001111
10010000001000100000001110110010
00000000010010100010100101101111
00111100000010011001111001010101
00000000000000000000000000000000
10111111110010101111101111100101
00000000000011000100001010100110
11101000110100010001101001010011
00000000010111010011010001010001
01011000100010011011111011101111
00000000000100000111101001010000
11011100000101111011110011010000
00000000000100100000011000010110
01010100111010111101111100100100
00000000010110110110110111011000
10000100011011111101101100001011
00000000011000001101010001110001
10001001111101100111011010011001
00000000000111011111111010110110
00010001101001000000010011000010
00000000010011011011000111100111
10010110011000100100000001001011
00000000010110011010100010010110
10100101001110010111001001001100
00000000010001100111010101101110
11111000100101000000010001101001
00000000000000000000000000000000
11110101100000101111101010001011
00000000011010101111110011001011
11110100111010100111000011101110
00000000000000000000000000000000
00000000000000000001110101111100
00000000011011010111100010101000
00010001111011001100101000001010
00000000011010110100110000101010
11111010010010110111100000011010
00000000010001011100110110000011
00010011100010011111111001100101
00000000010100101100110110111010
10011001000101111110101110010010
00000000000100101111010000110001
00111100101110110100000100100010
00000000010110110111100111110001
00000000000000000000000000000000
00000000000110000010110001100101
10100110101100010110000101010101
00000000000011111000010001001001
00000000100000110101110001001000
00000000011011010100011001000011
01111101000010111100000110010101
00000000000110000100010110000011
01111000010001000010110010011101
00000000010111011010000111111100
10000011100100101100101000100000
00000000000001110110001001111001
01000110110001000001100110011111
00000000000110011000010100001110
11110101001011111001101101100110
00000000010010001111101100110000
11101011110010011001100101000110
00000000001101010110101101011101
00011110011001010001111101100000
00000000011111011010000001101011
10000000011001110000111100101111
00000000010000010111000001001100
11011010100010110001110000101111
00000000011111000000100011010100
00000000000000000000000000000000
00000000011100110011010010000110
10010111111100111011000101000100
00000000000100001101000111100100
00100100000101110110001111000001
00000000000111101011101110010101
01110010111000000101100100001000
00000000010111100001001101100101
10001111011000110101010000000110
00000000000011010000101110111011
10110101001010000100110111101101
00000000001100000010000101101111
01100010010100101010111010011111
00000000000110110011011001000000
01000001000010011101000101110011
00000000000010011101100111001111
01111100011011000111100011101100
00000000010100110110101000100100
01100100001011001011010010011001
00000000010111101101011110111000
00010010001110101000100011100111
00000000010011111001111111110001
01011010000011000000110010110001
00000000000000000000000001000000
10010100110011101011110110011001
00000000000001101110100010110101
00101010000100100111010100011111
00000000011011100100110110001000
11110000000111111110011000111000
00000000001010010100001110101000
00111101100101110101100111101011
10100100011011100010100001010010
11101101101010101000111011100100
00000000000011001111111111011011
01011100011100010011100011110011
00000000011010001001001001000010
10100110111011100011101100101110
00000000000100101001010000100111
00000000000000000000000000000000
00000000011010110111110100101110
01110001010010111001101110001010
00000000011000110011011100011101
00110111000111000000110111100111
00000000010001111000000111101001
00101111101010001010001010100010
00000000000110101101010101111101
00010100111011000101010011111101
00000000001110110101100101100010
01001010001000110001010111101001
00000000000111010011000010010011
00000110000110011111011010101100
00000000000001011100010001110101
00010111111010111000101011110101
00000000000110110110001100001110
00111000110111100000101000011000
00000000000111100101001101101000
00010111000001101010011101100001
00000000000111001111001101010111
00000110001011000100000000010010
00000000000010110000000111011110
00010111011001101001111111100010
00000000001000101001100000100101
00101011000000011000110010110100
00000000010100011100111001011100
10000111101110010100110101000000
00000000000010101000011100011011
10100101001010010011011111001111
01010111001010001010000111011000
11000110010100110011101110010011
00000000010101100111010001001011
11001010100100101100010101000100
00000000001101000000011010011101
11000100001010011100100001011111
00000000001001111101001000110111
11101010000110100111011001011000
00000000001100101110101001101111
00000000000000000001111001001100
00000000001010011010001100100100
10010000001110010001000101110100
00000000011111110001101011111001
01000110110100001011010100100101
00000000000101110001001001011110
01000010110001100101000101110000
00000000011001010110110110011111
00000000000000000000000000000000
11101000101111101010011111001010
01010100001000001000010011001110
00000000010111101011100110011001
11011100101000110111000111100000
00000000000000001000011010111001
01000000111010011100101011110010
00000000011011001111110001000101
10111101000111010111100110110010
00000000001001101100010111101101
01001101100100011000111110011111
00000000010010011011101101101101
01110101011111010011010001000111
00000000000100101010011001100010
11101101110110101101001101000010
00000000001101110100011000000101
00110000110011010101110001100101
00000000010010011111000000011011
10010100101011101101111110000100
00000000000101011101000001011000
11110101010011001100000101001111
00000000000001110011010101110001
00111100000111100000111101100011
00000000000000000000000000000000
11010000000011001001011101111110
00000000011010000011011000001111
01111001011000100110100101110110
00000000001010110010101010000000
00000111000000001001110010001100
00000000011111111111110100110110
01010010010000101010101100110010
00000000011010100100010100011011
10100100011011100010100001010010
00000000011000000011101100111110
11101100011101000010011000010101
00000000001111010101011101100100
00000000000000000000000000000000
00000000001001110111110111111011
00000000000000000000000000000000
00000000011101110111110011100001
11100110111100001110110111000101
00000000011011000000000101110010
00000000000000000000000000000000
00000000011101000001000110000001
01001100100101010110110111001011
00000000001110010011010101111110
01110011010001100010011010010111
00000000001101110100110010010100
00000111111001111011111110010000
00000000010011001110000000100110
01101010110110111101001100110101
00000000011001001111110110011000
00000000000000000000000000000001
00000000001111010100100100000011
10111010111001100001001101110011
00000000010101100100011000100110
01010000110010000111100001000111
00000000011111101110111111001111
10110000011100100110111000110111
00000000000000000000000000000000
10010101101100010110001110001101
00000000000101010010100100010011
00001111001000100001001110111011
00000000001100000011111010010000
11000111100000101110111111001100
00000000011001101111110010001000
11101001010111111111110011110001
00000000010011011011010111010000
01100100101011001001101101001110
00000000010001011000111111011010
11011001000000000110101111000001
00000000011110111000110110011101
10010100111011111011100111110011
00000000010111010001100010010101
11011110100111100101101101000010
00000000000111110110010100011010
00101010000010011111000011000111
00000000000010110101011100110000
11000100011111111011100101001101
00000000010100011100111111010100
11010101011100111010101101101001
00000000010111010101000101000111
11001011111011110010011001010100
00000000010000011010011101101100
11111011110110101100111001011101
00000000000010011110101000000010
10000001000001111101000010100011
00000000001111111000111110011100
01010100011100001111001111101110
00000000011100110000101011000110
00010001001101001010110101110001
00000000000001010000100010010010
01111000100011101000100011010111
00000000000000000000000000000000
11000110111110100101100111001100
00000000001111001010110101101110
11111011011100100111010000001110
00000000001100000111110000110000
00001101011010001111001001011000
00000000010001111010001110110110
10110100101111011011101111101110
00000000000010101111101010110010
10000110101100011000110001010111
00000000001100011110010000010110
01101110111101001101000000011110
00000000010101100111010111111010
00111011010011010100110100001100
00000000000010001011111111010000
01010011011111011000100000110001
00000000000011000001111100110000
10100110110110000100110101010011
00000000001000010110001101101110
00100100110111001111001100000001
00000000000010001010110010101010
10010111111100111011000101000100
00000000000010011110100000100010
00100010001111001011001111000011
00000000000000000000000000000000
01001010011000001101011011001100
00000000010101010011000010001111
11010111011000010010100001001001
00000000011111100111100011100001
01001010101111000010010111101001
00000000001100101101010111000010
00001000010110101111001000111000
00000000011111000110011001010100
11010000011000110001100001011101
00000000001111101111011110000010
01110001011000111010000111100110
00000000010110111001101001010111
00001010111111011011111100100001
00000000011000001111011101100011
11001011111101101111010110111110
00000000010101101110000010010111
11010101011101001111011110110010
00000000000101100100110110001010
00000000000000000000000000000000
00000000011110100011111000111111
10101001101010100111000000001000
00000000010110001111000000000010
00001010000010100011101101100100
00000000010001100100101100000110
10011000111100001110111011011011
00000000011101011011010001000001
11111010100011001001010010111100
00000000000011011100001000010101
11001000101010010001101000001101
00000000001011011010001110101101
10100011001101010101010111110110
00000000010000111011010001001000
01100011000010110011111001110110
00000000001111110001001100110011
11011100111010000010011101010110
00000000000110111011000100100000
00010001101001011111111111110010
00000000000000000000000000000001
00011100011001001001111110100101
00000000010101011110101110011101
00000011001001110011111011010100
00000000010011011111101101110111
01110000110100100010110011111111
00000000011110010000110000001000
01000010001101010101100010010100
00000000010111011101100100001010
00100110001010010101110010111011
00000000001010111011110000100000
11100111001100110000000010000100
00000000010101011011011000010001
11010010000011101111101101010011
00000000000000000001000100010100
11100000110100111101000100010011
00000000001011110101100001100111
10001000110001110000011111111010
00000000010001110111001011011110
11001011000011001011100011111101
00000000011101111101011100101101
01011111111111100101001111010011
00000000010111100001001101100101
01111011110101001011110011101010
00000000010101011000010000010111
01001101110100110000100100000001
00000000001011000001100001001000
11100000001100001111100101011110
00000000011101010000100110100101
01110010110000111000011110001010
00000000000000000000000000000000
01101010101010001111000100000111
00000000010010110011010101011001
00101101110000111011100000000001
00000000011101011100000111100000
10100100011011100010100001010010
00000000011100011111001001001110
00000001110100101011000001011110
00000000011011010011010001000010
00101100101100011100100001010110
00000000011011100000001101010001
01111110111000001011010111000101
00000000001101010111110000010011
10011110001000101001100111111101
00000000001100001011010000001011
00001011100110010111111011010100
00000000011011011000111001100100
10001011011010100000001100100001
00000000010101011101100111100110
01001100011100000001011001001101
00000000000000100100011100100101
00101011100000011001110011011011
00000000010111111001011100011100
00110100101101000101110100010101
00000000001101101101111111010101
11110000001111101101001110011111
00000000000101001110011111101010
00011000011100111000011101111100
00000000010101011101101111000110
11101101001100110001010110011000
00000000000010110010110010000010
11011111011011110100011000010001
00000000000001010011101111100010
00111000110111001101101011010001
00000000011100101001100111010001
10011011010100100011000111000100
00000000011110111011010011101110
10100001100011110010000100001111
00000000010101101111111010110010
00110101010100111110011011111101
00000000011010110010100101001010
11011010011100111100010110101011
00000000011111111100011000001000
00010010011101101001110101111110
00000000011001101011001000011100
10110000111101010111111010100110
00000000011011100010100110100111
00000000010001111010001110110110
00000000001011000101010001110011
00110000011101010100010110100001
00000000001000100111110011101001
10111001111100011011000100100101
00000000001110111111111010010001
00000000000000000000000000000000
00000000001011011010110011100010
11010010001011001010001010101101
00000000000100001000100010100111
10010010111010011100111010000001
00000000011011101011010001111011
00010110001001100111101001100100
00000000001111100100011100101110
01000111000000110001100000001000
00000000000010000011001100111000
00000000000000000001111001001100
00000000011110100010100100110010
10111000000000010101100101001110
00000000000000000000000000000000
11001001110011111011100010011010
00000000010101110100100010110001
01001000001100000101101101110110
00000000010101100000000110000110
11010111001010001010000111011000
00000000001100010010001110000111
10011101000011110011010110100111
00000000010111101010111010001110
11000011111101101110001000110110
10111111110010101111101111100101
01011000100010011011111011101111
00000000010101111111011001001011
00011001000010010110001111011000
00000000011001001111001000110010
10011110100001001001010011010010
00000000001111111010110001101110
10111111010101100100010111011101
00000000011111011100110001100001
01111001000101100110111001110100
00000000010100100110111100011100
11000100011000100011110000110100
00000000000111001011010011000101
11000010001011111010111000000101
00000000010000100011001000011011
11010011000110000001100010101110
00000000010110111001100101011101
01111010010001111001000001101000
00000000011010110010100101001010
10111101011101111010001101010100
00000000011011000000001010100010
10011111111110111110000001100011
00000000010100101101100011111101
10101000011001001100011110111101
00000000000000000001011111110100
00011011101001100001010100001001
00000000000011011011011111000001
01100100000111100010110011000000
00000000010110000110000100111110
11001110000100011110010010011111
00000000000010111111110010000111
00001011010111011101111101001001
00000000000000101001001011011010
10110011110001000100101001000111
00000000011011000000000011011101
00001011100001001101000001010100
00000000011110110011110110111001
10100110000000111000000101110100
00000000000000000000000000000000
11111100010110111110000001110111
00000000000000000000000000000000
00010010000000111010101110001111
00000000011101110111001110101011
01001000000100010000000111011001
00000000000000100000001010111010
10100100110111001111001100000001
00000000010010010010000111100000
11000011101101101011110000110101
00000000000000010100111000100001
01100110101011110111000000001100
00000000010010101001010110111111
01001011001111100011011011100001
00000000010101011010101101001011
00111111110101110100010101001001
00000000010010100101111011100100
00000000000000000000000000000000
00000000011001001101010000001101
01000111110110111100010100011001
00000000011011010001111101111001
10100010111111001101000011111101
00000000001011011001110001101001
10100001111011101011111011110111
00000000000100101101000001101100
01000111011111101101101110011011
00000000001011001101000100100011
01101000110001000101111100101111
00000000011000000011110001101100
01010010011100101111011101011101
00000000000000101111011111101111
01001001001100101001011100011000
00000000010010111000000001100101
10101010000001110010100001110010
00000000001111110000011001010011
00101001101011000110010101110101
00000000010010100011010101100010
00010010000011101001011001001011
00000000011011010010110000111010
01010100001011111000000101101111
00000000000011010111000001111101
11010111011011111100011010011011
00000000001111101101110001001010
11001110100000110011000110110110
00000000001001100010100101101110
00000000001110110101100101100010
00000000011011100101100011111101
00111001100011010111000101110010
00000000000000010100010101001111
10101011111100001010010000000011
00000000011110001011100111011100
10011001110010110001001111010100
00000000011110010001111011001100
10001110011111011010111010001101
00000000010001001001111010010001
00110010110100100110011100000111
00000000000000000000000000000000
01001111101100010000000110111110
00000000010111100001001101100101
01111011110010111111110011000100
00111111110101110100010101001001
00000000000000000000000000000001
00000000000010001000010100110011
00011110001001101011011101011101
00000000011001000101110100001101
01101110110110010001101010010010
11111110100100000010101001111100
00011100000100101111100001110001
00000000010111010110010101001100
00010001101001011111111111110010
00000000000001001111101001010111
01100100100010101101110110100000
00000000011010011110011001110011
01011000001011100111110100100100
00000000000111100101001101101000
10110001110000101010010000100001
00000000011001011000111010111111
01100001011111011000001010010000
00000000000000010000001110000101
11110011100100111001110111000110
00000000011110110000000110001111
01000111011110110101101100111011
00000000000000000001100011011100
10011010110110101001111000010010
00000000010100000111011000001100
01111100001001001000101010000010
00000000000010010111010000011111
00000000000000000000000000000000
00000000010000001001101010110011
10001000010101000100000011101001
00000000011000100011001001010000
10010010001111111101110110101000
00000000010010110111110110001101
00111000010011011000110111000000
00000000001000111000001010000110
10110101001010111101100010010000
00000000010011010010010010010111
00010011101010100101001111111000
11110000110100100010110011111111
01101000011011010110100000110110
00000000011000110011100011001001
00001001111110000010001100000011
00000000000011111010100101101111
10110100111100001111101010101011
00000000000110100110001011011111
11100011111100110101110100000110
00000000010011110010110011000111
01010111010001101111101011101101
00000000011000101000011100000110
00000000000000000000000000000000
00000000000110111110101101100001
01100001111001100111111101000000
00000000010011011001001111010000
01010001111011111100101101110001
00000000000000001101100010000000
00011111011110011110000001110100
00000000010101110101100000001110
10010011111000011111100111000110
00000000000100010011101001010011
00000000000000000001000100110100
00000000011000110100011111111110
00000000000000000000000000000001
00000000001011001111111111100101
11001110110000101011011001000110
00000000001001011110111000101000
10011000101111110110111101101100
00000000010101001111100011001111
11100010111100000011010010110111
00000000000000000000000000000101
10000010101100111001000111101110
00000000010011001000100111111101
11100001101011001001110111111111
00000000010010001111011110010110
10000100110100101101011100100110
00000000001001110100000110111101
00011101101010111110000110001100
00000000010010111000011110110010
01101100110101100011100101000001
00000000000111110100100101110010
01010010101111000100110000001100
00000000001100011111000111010100
00010010111110111101010100110000
00000000010100101011010011101011
10011111110110000110110111011101
00000000000000100001100001010010
01110111001000110111110110001101
00000000000000000000000000000000
01010100000100011011110100100001
00000000011000011110100110101101
10110001101110000011101101001011
00000000011011110100111001010100
01111000011000100101010000010011
00000000000101001010111111001111
00000001101110011100000011100111
00000000011111100010001101100100
00010011110001101010101111111111
00000000000001100110010110000001
11101000101111101010011111001010
00000000001000010011010001110000
01010100100001110010110111111111
00000000000101001100110101011100
00011000100001111111101111101101
00000000011000010010110011101111
00000000000000000000000000000000
00000000000010100010010101100010
00000010000110100101101011111100
00000000000000010100100000101100
11001110010111110111101011111110
00000000011010100111001101110101
11000001010001000100110101110000
00000000010000011100000010101010
10010100011100011101111111101010
00000000011010001001100101011011
10111011111001100110100010000100
00000000001100100000001110001110
10111010110100011000011110110111
00000000000010000100101110010010
10111011010101101011101110001101
00000000000110011000010010011110
01000100111011011111100010110111
00000000001110010010110010001110
01001101100001100101011111111101
00000000011111100110101001000010
00000000000000000000000000000000
00000000000000010100000100111011
01111010010101101001110100110100
00000000000000000100000101111011
11011000001010001100111000110011
00000000001101000111101011101111
10000011011111010000100001110111
00000000000000000000000000000000
11001101000011111000010011111010
00000000001011011000101101010110
10111010001000011110001000010101
00000000001100110111100001101101
01110000000111011110110100011011
00000000010110110001010010100100
01100010101100010001001011010101
00000000000000000000000000000000
01000010110101100010100111001100
00000000010000101010010011101100
00000000000000000000000000000000
00000000001000111001101101010100
10011101001101001001101111011010
00000000001111000110111100011100
00000000000000000000000000000101
00000000001010011010100100101010
10101111110001000001101100010000
00000000011010110110110100111110
10001010011001110100100101101111
00000000001110101111011010000100
01011010011000111000100001111100
00000000011000100010110100111001
01110010001111100100110111101100
00000000010001110011000110100110
00000000000000000000000000000000
00000000000000000000000000000001
00010100100001011101010111111011
00000000011001111111101100001100
10001001100111100111010010011110
00000000011011101111101011010001
11100000100010000010101110011101
00000000000110110100101110001101
00111010010101001010101010010110
00000000000110111001111111011010
11001010111000010011010110111000
00000000010111100001001101100101
10000001100011011100000100101101
00000000000110010100100011001000
10110011110100110011001001110111
00000000010100100110101001110111
01110100111110101010001010111000
00000000010011110110010011011100
01110101000000100000011010011001
00000000011001001110110011011010
11111011011011110001110000110011
00000000000111010000011010010110
01001001011101101111010100001111
00000000000001101010010110101001
10111101100001100011111101010000
00000000010000011010000001011101
10011101010101010101110000111101
00000000011110010100100001101111
00010110110101111000000111001101
00000000010011100100000100010010
10111011010101101011101110001101
00000000010011100011011001001001
01110111001111010110100001000110
00000000000110101011100010111101
10001000001011110111000010001101
00000000001011110110001010110010
01011001100010101001010111100101
00000000001101101010010111011110
10001001001100111001010100001011
00000000011110010110001011010010
01111001101110110101100001101011
00000000001011100010001100100011
11011100111000111010000100101010
00000000011101110001101011010011
11000101111101111011101101110111
00000000010010101101011100100100
00100010000001000000011110000111
00000000000011110011111000100111
00000000000000000000000000000000
00000000011101100001011000101000
00111111011010011011011000001010
00000000001100101111000011011001
01011011100100011101011111101110
00000000000101101100111101110000
00101110010001110001111110000101
00000000000011011100010101000110
00110100100011011001100011100000
00000000001011101100111111101110
00100010011010001010010111011100
00000000000101100110001111011110
10011011001010111011111011001000
00000000000100111110101001000000
00000001111101111110000111010000
00000000000000000000000000000001
10101001001100100100010001000100
00000000000110010111010001110001
00100110111111011011100101111100
00000000011100011111000001111100
01011000100010011011111011101111
00000000000000111110111101110000
00001111101110100100010110000111
00000000010001111010001110110110
00001011011000011101001001111001
00000000001100010010001000000100
00100110001000100101110111110011
00000000011100101011010010011001
10101000001110001010000001101011
00000000000011111000111100110000
11000000110011100110010101100011
00000000010111010110001010100000
01100110101111100000111101010110
00000000000110011100011010100111
10100110100100110100011001010101
00000000011100001100010000110010
10110001011100100100101000111111
00000000010111101001011001101001
10011000001010110010111001111100
00000000011100001110000010100110
00000001000110100101110101101010
00000000001011100101100000110111
00000000000000000001011111110100
00000000011111110110100001100100
10000111000001011101010001000100
00000000000110000010011001111000
10110010000010100111001011001101
00000000000000000000000000000000
00000100011000111010111011001001
00000000001101001001110101101100
10111100101111111100111010111101
00000000011000011100011111100011
10001011111100000001110011001001
00000000010001000010010111000111
11110011110000010010010100001100
00000000001000111111000100111001
00000000000000000000000000000000
00000000011101100001011000011001
00101000110011010011111000111100
00000000001000011001001010110001
00001001101111100110111000011001
00000000000001001100000100101010
11101100011011011100100001110101
00000000000101011100101001101001
11000000100111100110000011100000
00000000011111110010110111010011
11110000110100100010110011111111
00000000010100011111010010101010
01111110100100000010101001111100
00000000010100000111011000001100
00111011000111111000010111011101
00000000000010110100111101100010
10000000111011000101011001111111
00000000001000001101110100111111
01110011000101011101000010010110
00000000000111100001011100010001
00010001100100111011001011111110
00000000010010100110010001100011
11110111101100100001010010011111
00000000011011111001010000110111
11010011101010110001010101001001
00000000001101011110110111111111
10111011011001011001101111011010
00000000011111101011111100111001
10111011011010011001111011100100
00000000010000100000111101101010
01111100100110100010011001100001
00000000011111001101100111001001
10010100011111000000110000011110
00000000011110111000101010111100
11111110111111001111000011001010
00000000011110111110110011110101
01111111011011111010100110011000
00000000001000111111111110101010
10010101010101010100011000111100
00000000011111101100100010101101
00000001011010011111001101101100
00000000011110111111000000011101
01000100111011011111100010110111
00000000011011011000111001100100
10101000101000000011110010001111
11010111001010001010000111011000
11110001011001101110111001111010
00000000001000010000001100001001
01110001000111010110111101001111
00000000000111110110011001010110
00000000000000000000000000000000
00000000000000101010111001101110
10110011100101110111100010101001
00000000000000000001010010100100
00101111100000100011000000101111
00000000010000010100011110000010
10101101100101111111010100110111
00000000011100000001010010110110
11100001011011110000111001100101
00000000001000000011010111001111
00000000000000000000000000000000
00000000011001110000000011101011
00010110110000000110110110111011
00000000010100010101111011111010
11001101001001101101111101101011
00000000000100100101001111111000
11010000110010100101100101010000
00000000011111101001010000110010
00111100111000100111111000000011
00000000000010000000011101101111
10111001101010010101111111010111
00000000010100001000001010010011
01100001011111011110010001001111
00000000001000011010000101110010
11100010111110110010001111010000
00000000001001001101010110100100
00010101100111011001001011011000
11111111111111111111111111111100
11110000110100100010110011111111
11000111010000100110000101010000
10001101100010100000010100001100
00000000010010011100011110010011
11101011111100110010010111101100
00000000000011111111001001111011
01001010110100010111101101010101
00000000010001001101010111111111
00000000000000000000000000000000
00000000010111100010100101010100
01101011110001010110011100100011
00000000011011000001000011101100
00101100010000010010100111111010
00000000000110101110111011011001
10110111111000001001001011100101
00000000000011101110000101001111
11111100011111001001101101001110
00000000000011010111100111011110
01010111101101110111001111111110
00000000000011010010101101100100
11110001111111011110011100001000
00000000010000011010111111100010
11000011100001000000011010111101
00000000010010101000011011110111
00000000000000000000000000000000
00000000000101000100011111101101
01100001001111111111001110001010
00000000011000110110111110011110
00101110000100000011100010010101
00000000000000000001000011011000
01110000001110000111111100011010
00000000010110111100101000001010
00000111010100101101100011000000
00000000001000011011011000110110
10110010111000101010001111000111
00000000001101011100110100000111
11101110001000111111111101100100
00000000010011111011100100011110
10010111111100110110101100011101
00000000001110110110010000111111
00010110011000001001110111000010
00000000000001101101110000010001
10000001000000101010111011001110
00000000010011100011001101100101
01111000110001000010111111000001
00000000001000101110100000001110
00110111101111010111010001010011
