01111111110000000000000000010011
01111111110000000000000000010011
01111111110000000000000000010011
01000001100110101000101100110011
10100001100000100001011001010011
11101000000000000010010000000011
10100000101100000001101011010011
01000000010110100000111110110011
10111001110000000000101000010011
10000111110000000010011110000011
11110101110000000010011000100111
11011110110000000000101000010011
00000000110110111010110100110011
10111101100000000000010110010011
00001001011110100000010011010011
10100000100000101001011101010011
11100000000011010000111111010011
00011001010000000010000100000111
00000001111100011001000110110011
10000010111000000010010000100011
00010111010100000010001000100011
01100011101000000010000000100111
00000001011001011000110111010011
11100000000001010000001101010011
10101110010000000000001110010011
00000000100001101101111010110011
11100000000000110000100101010011
11001000110100000010001000100111
00000000100100001000101101010011
11111001010000000010101100000011
00001000000100000010100000100011
01101110010000000010110000000011
00000000000010000000000010110011
11111011100000000000101100010011
00000001001010101101101110110011
11011001000100000010100000100111
00001001110010110000110011010011
10001101111100000010011000100111
01101101110000000000011100010011
01000000010010001000101010110011
00111000110000000010110000100111
10100000100011111001010101010011
00000000001011000010111010110011
01000001111100001000101100110011
00000001100100001001011000110011
00000000101110010000100100110011
00101011100000000010001100000111
11110010000000000010110010000011
00001010110000000010100000100011
11010011110000000000101100010011
00000000111000010010010100110011
00000001011001001000011000110011
00000001001100111101110000110011
00100011010000000010101110000111
00000000110101010001111100110011
00000001101001000101111100110011
11000011000000000010101010000011
11011111000000000010101110000111
11100000000001100000011001010011
00000000001001100001011000110011
10100000001011110001101101010011
00000000111100111000011011010011
10111010100100000010000000100111
00000000010000010101011010110011
11100000000000001000011001010011
01011000101100000010111000100111
00000001110000001001100010110011
00000001111100101101100110110011
00000001010111101010011100110011
00000000111010001101101110110011
00000001101000100101000110110011
11110010100100000010100000100011
00000001111110101010011010110011
00000000111001100000001001010011
10111100110000000010001100000011
01000000100101100000010000110011
00001001100010000000100011010011
00000000000101001101111110110011
11100000000011010000000011010011
10001001110000000010001010000111
00000001001000010010111010110011
01011011010000000010110000000111
00000000100010001000100010110011
00000001101110111000011110110011
11100000000011000000100101010011
01010010011000000010000000100011
11100000000011111000111101010011
00000000001001111101000110110011
11011010010000000010111000000011
00000000101000101000111110110011
11110000100000000010100110000011
01111101110000000010000100000011
01111000100000000010100000000011
01000000100011101000111110110011
00000001110111101101010000110011
10100000011110110001101101010011
00000000110001000000110110110011
10100000011111000001110001010011
11100110100000000010000000100111
00111001000000000010100000000011
01111011100000000000000010010011
01100110011100000010110000100011
11010010000000000010101010000111
00000001101110000000111111010011
00000000111101100101101010110011
01000000001000100000111100110011
10111000110000000010010000100111
10111100110000000010101100000111
01000001000110011000101110110011
00011001010100000010001000100111
00000000011111001101110010110011
00000001001001101010110110110011
11001011101000000010000000100111
00000001011100111000000110110011
00001001011010100000100001010011
00000000001111011101101010110011
00000000101100100000000011010011
00000000110011111001110000110011
11100000000001100000111001010011
01000001001110010000101100110011
11100000000000010000111111010011
10100001100010010001001101010011
00000001101010110010111110110011
11100000000001011000011101010011
00000000111101001001110010110011
11100000000010011000101101010011
11011011010000000010101000100111
00000000001101111101100100110011
01000000110111010000100000110011
00011000111100000010100000100011
00000000111100110000011100110011
00000000110001110010110100110011
11100000000001000000111111010011
11000110100000000010010100000111
00000000000011100000010101010011
11100011110000000010001000100011
00000000010010100001101100110011
11100000000010100000001001010011
00000000011101101000011100110011
00000001000011010001001000110011
10100000010100010001001011010011
10100000101111001001110101010011
11110010110000000000001100010011
10010000100100000010111000100011
01110011100000000010011010000111
11100110110000000010101110000011
01000001010010011000011110110011
00000001010100000010001110110011
11100000000000000000111011010011
00010001100000000010100110000011
00011100110100000010001000100111
00000000001110110010010110110011
10100000111010011001000011010011
10100001111011000001111001010011
00000001100100001000111100110011
00000001110000110000111010110011
00000000100010011000110110110011
00000001000000000101001100110011
11101010001100000010001000100111
00000000111101000000010101010011
00000001001101000000110100110011
00000001111100111000111010110011
01000000000111000000111000110011
11010001000000000010011000100111
00000001111001010101111110110011
00001001000001011000011101010011
11100010011000000010100000100011
01111000110000000010100100000011
00000001100010000101111110110011
10100111101100000010010000100111
00000000011001110000001000110011
00000000110101011001101110110011
01000000011111110000000010110011
00110110000000000010101010000011
00000000100000010010010110110011
00000000000100110010011010110011
00000000101101000000101101010011
10100000111110000001010111010011
11111010111000000010100000100111
01010000100100000010100000100111
01000000010011101000101110110011
00111001000000000000010110010011
00000001110010001000110101010011
00001001000101011000101111010011
00000000001110100101101000110011
00101011110000000010001010000011
00000001111101101010001100110011
11100000000000110000110111010011
00001000111001111000101101010011
11011000000000000000010000010011
00000000101001000101100010110011
00000001101010001001111110110011
01000000110000000010100010000011
10101101010000000000101010010011
00000001010100011010010010110011
00100111010000000010011010000111
00000000000100011000111100110011
01000001110100000010111000100111
00001001011100110000010001010011
10100000110001100001110101010011
10010000000000000010000110000111
10100001010011011001010011010011
01101010010000000000110010010011
00001001010110000000010101010011
10100001010000000001010011010011
01011110110000000010111010000111
10100001110000000010011110000111
00101101101100000010111000100011
01110001110000000000001010010011
00001000001100110000111111010011
00000000100110000000010100110011
11100000000000111000111101010011
01110100100000000010011110000011
00001000100111011000100111010011
00000000011001011000110000110011
11100100110100000010100000100011
00001010100100000010010000100111
00111011001100000010001000100111
10100000111011000001010111010011
00101110000000000010010010000011
00000000111010111001101000110011
00000001010111001101110110110011
01000000100111000000010010110011
00000000011000011101000100110011
01000000000010011000010010110011
01000001001100110000011100110011
00000000110010111010111000110011
11001000001000000010101000100011
00000000000100001000011011010011
00000000011101011010001000110011
11110100110000000000010010010011
00000010000100000010101000100011
00000000101111001001100010110011
11011010100100000010001000100011
00000001011111111000001111010011
00000001111110111101000110110011
10001010100000000000100010010011
00000000110101100101010100110011
10100001000010010001000011010011
00000000101111000101101010110011
00001000011001001000110001010011
00000000000010011101100110110011
00000000101111001101110010110011
10100000010000000010101000000011
01000001010110010000101000110011
10000001010000000000101110010011
00000000111111001010000100110011
00110010101100000010011000100011
01010111111100000010110000100111
10011101010000000010011010000011
01110000000000000010010110000111
01010011010000000010001110000011
00000001100011101010101010110011
00000001010110110000001110110011
10101110101100000010101000100011
00110111110100000010110000100011
00000001001001000010101100110011
00000000011001111101101010110011
11100000000001111000100111010011
11000011110000000010110010000111
00000000101111110010011010110011
00001001111101010000010001010011
00000000110001110000110010110011
10000000110000000000000100010011
00101001100100000010011000100011
00000001001100110101011000110011
00000000100101011000111100110011
01001101000100000010000000100111
01000001110101110000110000110011
00000001000010110001011010110011
00000000111110111000111111010011
00110010010000000010101100000111
00000000000000111001110000110011
00011111001100000010100000100011
10011011100000000000011100010011
10110010000000000000101000010011
00000000001011011000010011010011
11110011111100000010001000100111
01000001010001001000001010110011
01101101100000000000001010010011
10100001000011111001001001010011
01000000100110000000110100110011
00000111011000000010111000100011
10100001010101010001001101010011
00000000101111110001011000110011
00000101110000000000110010010011
00000001111011110010111000110011
00111101010100000010111000100011
10011111100000000010000110000011
00000001001011011010111000110011
00000000010010100010111010110011
10111011011000000010110000100111
00000001011000101000110001010011
11000110000000000010101000000111
10111100110100000010010000100111
00000001110010111001010010110011
00000000001111100000111010110011
00000000101001011010110110110011
11100000000011111000001001010011
00000000111001001001010010110011
00011011101000000010111000100111
00001000100000000000010110010011
10011111000000000010100110000111
00000000010011010001010010110011
00000000000101011010110000110011
11101000000000000000101010010011
11001000011000000010100000100111
00000001101110101000011010110011
00000000100101111000001101010011
00000001110111001001000100110011
00001001001011000000111001010011
10111110100000000000101000010011
00011101100000000010111100000011
00000000001000101000110100110011
00101000110000000010110000100011
11011101010000000010000000100011
10100000111100000001011011010011
10111101011100000010111000100111
00000111001000000010000000100111
00000000000101010101010100110011
00000001110101010000101100110011
01011101110000000000100010010011
11100000000010010000000101010011
00000001011011100001011000110011
10000110100000000010001010000011
00000000110011101000110110110011
00000000001101101101110010110011
11100000000000101000011011010011
00000001011100101000000100110011
11101001000000000000010110010011
00000000001110001101010000110011
00000000111011101010101000110011
00000000101001111000010011010011
00000000110010011001001110110011
00000000100010110000001101010011
10100001011100111001101001010011
10101101101000000010010000100011
00010111100000000010001010000011
00000000001010110000011101010011
00100000010000000010011110000011
01001001110000000010110100000011
10111011010000000010101100000111
00000001000010100000001111010011
00000000101011001000011010110011
10111010100000000010011000000111
11001101000000000010111000100111
10100001101000000001111111010011
00000001011011110010011000110011
00001000111110001000011111010011
10100001101100010001011011010011
00000000111010111101010010110011
00001001100001100000111011010011
01000000100110111000101010110011
00100110000000000000010100010011
00000000101111000001111010110011
01000001010101111000111100110011
01000000100000000000101100010011
00000000111011010001110010110011
11100101100000000010010110000111
10110010101000000010001000100111
00000000011101010001101100110011
00000000011010001010010000110011
00000001101001101000011111010011
10111111010000000010101000100111
11100000000010110000011001010011
00000001011010010000001001010011
00000000101100110000100010110011
00000001001000001000011010110011
00100110000100000010011000100111
00000001010101001101110010110011
01001101010000000010111010000111
00000100110000000010001000100011
10101101110000000000111100010011
00000000101110010000001001010011
00000001100000100101101100110011
00000001001111110000010111010011
00000001000111001000100010110011
11010110111100000010000000100111
00000001001101111001010000110011
00001000001110111000011111010011
00000000101000001000111000110011
00000001001110011101011000110011
10010100110000000010101010000111
00001001110111100000110111010011
00000001011000101000001000110011
00001110000000000010000110000011
00000001000011000000010010110011
00000000110101011001011000110011
00000001011011110101100010110011
00000000111111001000010101010011
00111111110000000010011100000011
01110001001100000010100000100111
00000001111110000000000101010011
00000101010000000000101010010011
00000001101010101101100010110011
00001000101001100000110111010011
00100000010000000010100000100011
11100000000010001000001111010011
01000000001010101000001010110011
00000000100110101001101000110011
00000000011101101010011100110011
00000000110110010001101110110011
01000001101111111000001000110011
00000001000001010000100000110011
01100110110000000010001000000111
01000001101010010000100100110011
00000001111111110101101110110011
00001001000110001000011011010011
00011100100000000010011000100011
00000000011011010010110010110011
10110011010000000010101010000011
00100001000000000010100000000011
00000001110011011000111111010011
01010111010000000010111000000111
10011001110000000010110110000111
00000001011111101000100100110011
00001000111000000010000000100011
11100000000010001000111001010011
00001000101111110000110001010011
00000000101100000101001000110011
00000000001001101010100110110011
00000001111001110010001010110011
11100000000010000000100101010011
01000000110100111000011110110011
00001001101010101000011001010011
00001000101000010000100011010011
11001010001000000010000000100011
10111011000000000010001100000111
10100111101000000010101000100011
11100000000011010000000111010011
01000001011100110000101010110011
01100110001000000010101000100111
10101000110100000010011000100111
00000001010000110000001001010011
11001101010000000010000100000111
00000001001110001001111010110011
10010001110100000010010000100111
11100000010000000000111100010011
00000001001001100000101101010011
00101010100000000010101000000111
00000001000010111000010010110011
00000001011111011010100110110011
01100000100000000000100000010011
10010110000000000000111100010011
10111100100000000010101000000011
11100000000011010000001001010011
00000001001101001010011110110011
00101000111000000010101000100011
11110100010000000010000010000011
01101111010000000000011110010011
11010000100000000000001010010011
00000001001110101001111000110011
01000011010000000000011010010011
00000001010011100010011110110011
00000001111011100101100100110011
00000001101100111101101100110011
00000000101100110000111101010011
00000000100010010000010001010011
11110111100000000000110000010011
00000001011010101101010000110011
01101000000100000010100000100011
00000000010011111010001010110011
00100001011000000010111000100111
11011010100000000010001100000111
10001000010000000000011000010011
10101001000000000010100010000111
00001110100000000000101010010011
00011101110000000010110000000011
01011100100000000010100010000011
00000000011011110000001110110011
10011100000000000010010100000011
00000001000011010010101010110011
01000001001100110000011000110011
01110100110000000010111010000011
11011000000000000000010010010011
00001101010000000000110010010011
00001000110110110000101111010011
00000000111100100001101010110011
00000001100000100000001001010011
00000001000000000000001010010011
10100001100010100001010001010011
00000001111101000010110000110011
00001001011000100000101111010011
00011010100000000000011100010011
00000001000110010000101100110011
00000001100101110000101010110011
00001000000010100000101101010011
10100010011000000010001000100011
00000000011110001000000011010011
01000000110001101000100100110011
11111010010000000010100100000011
10001001010000000000001100010011
11011111000000000000110000010011
11000100101000000010100000100011
10100111010000000010011010000011
00010110110000000000100100010011
00001010001100000010110000100011
00000000101100100000101011010011
00001000111111010000111001010011
11101010100000000010101000100111
01000000111100111000001000110011
11110111111100000010110000100011
00000000000000111101011110110011
11010000001000000010001000100111
00011101000000000010011000000011
00011111100000000010000110000011
00000000010101101010101010110011
11011001011000000010000000100011
00000001101101101000010111010011
00101000110000000010011000000011
11100000000010111000000011010011
10100001111011011001101001010011
01110011010000000000111100010011
11101011011000000010100000100011
11100000000010110000001101010011
01001011100000000010100010000011
00000000111100010000111100110011
00000001000010101001011110110011
00001110110000000010111000100011
01000001110011101000100100110011
00001000101011011000100011010011
10100011000000000000010010010011
00000000100000011000101000110011
00000000010011001010001110110011
00000001010110011000110101010011
10100001001000011001001101010011
01000000010101000000110100110011
11100000000000011000111001010011
00000001000101000001111100110011
01000000011111111000001110110011
00000000110011001010100000110011
01110001111100000010111000100011
11111110100000000000100100010011
10100000101010101001110101010011
11100000000011010000100011010011
01000000010000000000011110110011
00000000010001001010100110110011
00000001011001001001011010110011
10100001000110100001011101010011
10011000110000000010000000100011
11100101000000000000001110010011
00000001001010100000000111010011
11110101011000000010011000100111
11101010100100000010011000100011
11000001010000000000001000010011
01000111100000000000100110010011
11001111110000000000110110010011
10100000101010111001110001010011
11100101100000000000111110010011
00000001101001111010001010110011
10100001110000110001011011010011
10100000101011110001111001010011
11100000000011110000001111010011
00000000111111110001010100110011
10001010111000000010100000100011
01001101100000000010001010000111
00000000000101011010111110110011
10001100001000000010111000100111
11100000000011100000011101010011
10100000101110111001111001010011
00000001010000000010110100000111
10001110100000000010010110000111
00000000100100111010101110110011
10100001101010011001011111010011
01000000011100101000111100110011
10100001100001001001001011010011
10001110001100000010000000100011
00001000110110110000111111010011
10100101010000000010000110000111
11101110110100000010000000100111
01110001110000000010001000000111
11000001110000000000101010010011
11100000000001111000111011010011
01001001100000000010101000000111
00000001101110010101111010110011
00001101011100000010101000100111
10110001110000000010111000100011
00000001100110110000111110110011
00001001010100000010010000100011
00000001100110000010110110110011
10100001000101000001000111010011
01101011000000000010100000000011
01000001011011001000001000110011
11100000000000100000110001010011
11001001110100000010011000100111
00001000111111000000100001010011
01000000101000111000010100110011
00001000001101011000110101010011
11110111011100000010011000100011
10100100010000000010111010000011
10100100001100000010001000100011
00000000110001100000111100110011
01000000100010100000001110110011
00000000110011101101010110110011
00000001010111001000111101010011
00000000001101110101010100110011
11100000000010001000110111010011
00111100000000000010001010000011
00001000100000000010000100000111
01000001011110000000011110110011
00101000010100000010001000100111
11100000000011110000001001010011
00000001010011001010110100110011
01000000010011010000010000110011
00001001000100100000000101010011
00000000010101000001111000110011
00000000001011111000111110110011
10100000011010011001010001010011
00000001111111111001111100110011
11110000101000000010000000100111
00100010100000000010000110000011
10100001110001001001100111010011
11100000000000101000100011010011
00100100001000000010001000100011
00001001001101110000100011010011
00000001101110010001101000110011
10100001111011110001000011010011
01111010100100000010010000100111
11100000000011100000011101010011
10011011110000000010110100000011
00101010100000000010010010000111
01000000100010001000100000110011
01101001100000000000001000010011
01000000110010100000001110110011
00000000110101001101001000110011
00000001101110000000100111010011
00000000101011000010100100110011
00000001111010001000011001010011
10001011110000000010011100000111
00000000011011011000010110110011
11000011111000000010000000100011
00000001010010111010100010110011
00000000110001001101101110110011
10010011100100000010101000100011
11110010001000000010100000100111
11010100001100000010101000100111
00000001010100001010011000110011
11001100100000000010100000000111
00000000101000101000000011010011
00000000011011111101001110110011
00101001000000000010011000000011
00000001101000000101100100110011
00000000000011100010111010110011
01000000111000100000000010110011
00001001100001001000011101010011
00000000100010111000111011010011
10100001011001111001001111010011
00000001100110000101011000110011
11101101000000000010110110000011
00000000100100000101100000110011
00000000000100111010001100110011
00000001110010101001110110110011
11100111101100000010001000100111
01000000111111000000111110110011
01100101010100000010011000100111
00010111110000000000110000010011
00000000110111001101000010110011
00101000000000000010011000000111
11100000000001101000011001010011
00101100011100000010011000100111
11100000000011010000111101010011
00000000101001101001110000110011
10100001111011010001101001010011
00000000111100000010001110110011
10111101101100000010000000100111
00000001110010011101111110110011
11110010000000000010111100000011
00001000010001110000010111010011
00110011000000000010100100000011
01100110101100000010111000100011
00000001111110100101111010110011
11011111010000000000101000010011
00000001001010100101110100110011
00000001111101010000110101010011
00000001111010011101110100110011
00000001000101010000011111010011
11100000000001101000000011010011
01000001000001000000111000110011
00000001101001101101000100110011
00000001110100011101001000110011
00001101110000000010001000000011
00001001101111111000000011010011
00000000001111001101010010110011
00000000001101001101110000110011
00000001110111110101111110110011
10100100010100000010010000100011
00001001100000110000101111010011
11010101110000000010010100000011
11001110000000000000101010010011
00000110000000000000101110010011
11100000000000000000011001010011
01000000101101111000001100110011
11010110000000000010001000000011
10100001101100100001010001010011
00011100100000000010100100000111
11101001110000000010110000000111
10100001000101001001011111010011
01000001101111110000011100110011
00001000011110111000010001010011
11100000000010010000011111010011
00000000101000000001000100110011
00000000010101101000001110110011
10101111110000000000110010010011
01000000100000101000000100110011
00000000100101111001111000110011
00000000101010000000010000110011
00000000001010100010111100110011
10000011110000000000011100010011
00000001100010000010010100110011
10100000100000001001010111010011
11100000000011001000110111010011
01000001001000100000010000110011
00010001000000000000111000010011
00000000001011101101101000110011
00000000001010111101001000110011
00001001101001011000101011010011
00000000011110101010101000110011
11100000000010100000001101010011
11100000000001010000100001010011
00000001000000010000111011010011
11100011110000000010100010000111
11010011000000000010011010000111
00000001001010000001000110110011
01000000010100000000011110110011
10101011100000000010111110000011
00000001101110100001100000110011
00000001011100101000111001010011
00000001000011100010011100110011
11100000000011010000011111010011
11100000000001000000011001010011
00001001000111000000010011010011
00000000101101111000100000110011
10100001011001101001101101010011
11101011011000000010010000100011
10100000100011011001011001010011
00000000010110000000111001010011
01001101000000000010111110000111
10100001011011110001101101010011
10100001001000000001100101010011
01101011000000000000111000010011
01000001111001111000110110110011
11100000000010001000000101010011
00000000011010101000011101010011
00000001100101111001000010110011
00000001010111110000000011010011
11100000000011110000100011010011
00000000011000010101010110110011
01111000000000000000011010010011
11100000000011010000110101010011
00000001101001110001010010110011
00000000010100111010111010110011
10010001000000000010011110000111
10100101100000000010010010000011
10100001110011110001000111010011
00001001100010000000001111010011
10100000011001100001101111010011
01000001101001001000001000110011
00001001011110110000010001010011
00000001110000101000001110110011
11110001010000000010100010000011
00000000110101111101100110110011
11101010011100000010100000100011
01000000100100001000010010110011
00000001100010000000110100110011
11000111011100000010000000100111
11000000100000000010000110000011
00000001100010001010101110110011
01100000100000000000101110010011
00000001011100101101010110110011
11100000000011100000111001010011
11001111111000000010110000100011
00001001011010100000010101010011
00000000010001011001011000110011
00101010000000000010011000100111
11000011110000000010000110000111
11100000000010001000111101010011
00000000110101000000010111010011
00100111100000000010010110000011
11001000000000000010010000000111
00000000011101001101001110110011
11100110110000000010000100000011
11110011010000000000111010010011
00000001000111111010001100110011
10110001010000000010111110000011
01111000010000000000000110010011
10100000010110111001111111010011
00001100010000000000100100010011
10001000010000000010110100000011
10100000100100000010001000100111
00110111010000000000101100010011
11001010001100000010001000100011
00000000110000111000100001010011
10000001010000000000101010010011
01000001111100100000010100110011
00001000100110101000000011010011
00000000010011111001100110110011
11100000000000011000101011010011
11100000000001111000011111010011
01000000110110110000100100110011
00000000100000100000111010110011
11100101110000000010010110000111
00000000100100000010000010110011
01000010110000000010111110000011
11100000000000011000001011010011
00000000100110101001100100110011
00000000001100100001101010110011
10011111110000000000010110010011
10100000011110001001100001010011
00000001011001000001011110110011
00000000101011110101001000110011
11100000000011000000111111010011
01000001000100011000100010110011
10100000001100000010010000100011
00000000100101010000000110110011
00001110110100000010001000100111
11100000000011110000010101010011
10100000100010000001000011010011
01000100010000000000101000010011
11011111101000000010101000100111
00000001000101000101110100110011
00000001100011100000110001010011
00001000001000100000001111010011
00000000010111010010100000110011
10100001100000000001110011010011
11100000000000101000101011010011
11000101110000000010001000000111
00000001110101001000101011010011
00000000111000000000001100110011
01000000000000100000100100110011
00000000101101000000101010110011
01000000110110111000001110110011
00000001011010100101000110110011
10100000100001000001101011010011
00000000010110000001110000110011
00001000100000100000010011010011
01000000101101101000010110110011
00000001111100110101100010110011
00000111000000000000001110010011
00000001001110101101100100110011
00000000000101000001001100110011
00000000000100000000111110110011
01101001110100000010101000100011
00000001010101001101101100110011
00000000110011000000101000110011
00000000001100110000111111010011
00000000010101110101011110110011
10001000100000000010010100000011
00001000010010111000010101010011
10101010000000000010111010000011
00000001110001110001101000110011
10010001000000000010111110000111
00000001010000000010111110000111
00101010110100000010111000100011
01000000011110101000101110110011
01000001000110001000011010110011
11101110010000000010000010000111
00000000000110101101100010110011
10011001110000000000010100010011
01010101110000000010110110000111
11110101110000000010010010000011
00000001000101101101011100110011
11100000000010101000110001010011
11100000000000010000000011010011
10100001011110110001011111010011
00000000110000011000101000110011
10100111100000000000000100010011
00000001110000011010110100110011
00000000110101101010001010110011
00000001001001010101101010110011
01000001101101011000101000110011
01111000100000000000100000010011
00010010110000000010011110000011
00000001010010001000010000110011
00100011001000000010001000100011
01110110100100000010010000100111
00000000001100101101000010110011
00000001100101111000011011010011
01011111010100000010001000100011
11100000000010101000111011010011
01000001100001010000000010110011
10101011100000000010101010000111
00000001011111100010001110110011
00000001000010001001100110110011
00000000010110010000001001010011
00000001001011011000100011010011
00000001000000010001101100110011
10010011000000000010011000100111
01000100110000000000101000010011
00000001110001100000010000110011
00000000101100101101101100110011
01011000010000000010000000100111
01000001000100010000010100110011
00111110010000000010011000000011
11100000000011111000001001010011
01000101100000000010011010000111
00000111010000000010110000100011
10100010110000000000011000010011
01000001111111011000000110110011
00000000110100011000100001010011
00000000001111010010001010110011
00000001110000000010111100000111
11100000000001001000110111010011
10100000100000110001010111010011
00001101110000000000000100010011
00001000011110011000000111010011
00000111000000000010010100000011
00000001000101001001011000110011
00000001110011100010001000110011
11100000000001111000010111010011
00000000101110110001000010110011
11110110100000000010101100000111
11101100100000000000101000010011
11100000010000000010011000000111
00010001010000000010101100000111
11100000000010010000000011010011
00001000011001111000100111010011
01000000111010010000111100110011
00000001000000011000010101010011
11100000000000100000001001010011
10001000110100000010101000100111
00000000101111100000000100110011
10100001010010001001100111010011
00000001110010110010100010110011
00000000011110110001111110110011
00000001101000101001011000110011
00000001000011011010000100110011
00000000010001111001010010110011
10100001010101101001100111010011
01110010110000000000110000010011
00000001000000011000111000110011
00000001011010000000100100110011
11101001010000000010101010000011
11010110110000000010100110000011
11010100010000000010011000000111
00001000100100101000011111010011
00010110110000000010111100000111
00000000001000001000011000110011
11001100101000000010001000100011
00000000110111011010000010110011
00000000000001011000100101010011
00000000100110111001111110110011
01111101001100000010010000100111
01000000010110011000000110110011
10010000110000000010101000000111
00011000100000000010111010000111
00001000010100110000100111010011
01000001101001100000100110110011
01000000010000000000010010010011
11100000000000100000100001010011
11100110000000000000000100010011
01010000010000000010011000100011
00000000000001101001100000110011
00010110010000000000001000010011
00000001101101111010110100110011
00000001010100000000010101010011
00011000000000000010110110000011
00000001100010110001000100110011
11010010010000000010111000100111
00000001010101111000110000110011
10110111000000000010001110000111
00001000001000100000011011010011
00000001100110011101011010110011
00001000100100011000110101010011
00001001111100100000001001010011
00000001101100011101111110110011
00000000110111100000000101010011
11100000000001000000011111010011
01000000000000000010010110000111
00000000111001001001111110110011
00000000001010010101001000110011
00001001000011101000010001010011
11011011110000000000011000010011
00101011100000000010111110000011
00110100110000000010000110000111
00000000111110001101001000110011
00000000101100011001000110110011
00000001010101011010111000110011
00000000101110100010010100110011
00001001010111011000010101010011
11100000000000010000011011010011
11100100000000000010101100000111
00000000110100100001000100110011
00000001101000011000010101010011
00000000100100101101001110110011
00000000101000110001011100110011
11100000000000011000011101010011
00111100001100000010001000100011
00101001010000000010111000100011
11101000110000000010001010000111
11100000000000111000011111010011
00000001110111001101000010110011
01000000010110011000100110110011
01000001010100110000110010110011
01000001100100000010110000100111
00010000010000000010010000000011
00001010011100000010111000100011
11010100100000000010000110000011
00000001110100110001010100110011
00000000100110110001010100110011
10101110100000000010110010000111
10100001100000000001000111010011
00000000111110111001101010110011
00000000110100010001100100110011
01000000110001011000000100110011
10100110000000000010010110000111
11110010000100000010100000100011
00001000100001100000010001010011
00000000011011111000101010110011
00000000111111011001111110110011
00000001100110000000100100110011
10100001001001111001001101010011
10100001001010111001010111010011
00100111110000000010010110000011
00000101101000000010101000100011
11100101000000000010100110000011
00000000110010001010011110110011
01000000101100101000001010110011
00000001001100110000010000110011
01000111100000000010100000000111
00000000000011100101101010110011
00000000101010000101010000110011
00000001001111001000000100110011
00000000110111101101101110110011
00000000000000000000000001110011
00000000000010000110001000110011
00000011000110010110000101100101
00000000001011011100100000001101
11001011110101001000101010010011
00000000001011110000001100101110
00011011001100110001011011010011
00000000010110000100010000010111
00000000000000000000000000000000
00000000011011110000001100010011
10101010101001111000111101000111
00000000000100110010100001101100
10100010010111110101011010011111
00000000000001100011110011000000
10011000010010110000100001011001
00000000011001001001000000001110
00100010110110010001011100110000
00000000000101100110010110100001
01001101100001100000000011100100
00000000010110001011011010011010
01111111010001110010101101100010
00000000000110001101101001100000
10111001110011100001010001101101
00000000000110111000000000010100
00110000101010101001011000000111
00000000000010000001110110011110
00110010010000000000010011000001
00000000011000011110100000100011
11010110001000101010001000011010
00000000000001010000101101110100
01110101100011000111001111110100
00000000001111010110001011101100
01000010010001001110010110100111
00000000000000100100000101111111
11001111100001111011011111110110
10101101000111110111101111101010
01100011011100110100110011110111
00000000000111101111000100110110
10101010000100001011100001001010
00000000010000100000000111010011
10100101001001001000101000111000
00000000001101110001110101111111
00000000000000000000000000000001
00000000011000010011101101100101
01111110100000001000001110101010
00000000001010001010011000100010
11101110100111100111010100101001
00000000011001111010010010111100
10011100100101110110110001010110
00000000000000000000000000000000
01101010110001000011110010100110
00000000001101010000010100100100
11111010001011110111000001001110
00000000010000100100011010110110
00111000000101111010000000001000
00000000001001100001010000100011
01001010000111010110010101000110
00000000000110010110111000010101
11011100101110000001100001001110
00000000011111001000010100001001
11010111101011000111110001000001
00000000000000111111100001010100
00101111111110100011101011000010
00000000011000101110111111101111
00000000010110100011000111101111
00000000001011100011110110000001
00010001010110001010000011000100
00000000010011110111101001101001
11011010110001011011100011101101
00000000000000000000000000000000
11110011101111110000111001011001
00000000001111100011110110010111
10011100001100011011001011100011
10110110101010110111000001111011
01100001011010101011111010011101
00000000000000000001100011001000
00001101110001000101111100000001
00000000000001000010010110001010
00111010001100101011110111110001
00000000010100000100001011000101
00000101110010010011110100011110
00000000011101010010011001101110
10100110010001011001010110001011
00000000010011111111100001011110
10000011010000011010000100111001
00000000011100111001001000111000
01000100101100000111000110001010
00000000001100101010001000110110
11010011111011001001100011101100
00000000011110010010001001000001
11011101100011110010111110100100
00000000000101010010100000001000
01010001001000000011111011100011
00000000000000011111000101000101
11010000100000000101010011001001
00000000001100000101001110101001
01011010011001000010110010111100
00000000001000111100001010011101
11010011111111010110010010111101
00000000011110000101010111111110
10101100011111101010011000001101
00000000001000000001111010000000
11100011110101111000101110011011
00000000011010111011000100011001
10010011011000101101001010011111
00000000000001101110101001010101
11100100011010101110111010101101
00000000000000100011010100111111
10001110100011110111001101100111
00000000001101100111111111110111
11011111010010101001010011001110
00000000010101001110111001100011
01100111100101001010010110010111
00000000011101011000111000100000
11111100000101101100000110100001
00000000010010011101101101000101
00000111011110000100010101100111
00000000010000000001010111001011
00111111001110000110110101001100
00000000000011100111011010001101
10110011000010001011111011110111
00000000010111000110001011100111
00100010010000000100110011100100
00000000000010011001000110010000
10000101001011010101001010100000
00000000001111000001101010110011
11110000100001100111001011001000
10000000001101001000000111101110
00000000000000000001111101111000
00000000011010011101010010010110
11001101001110110110001011001011
00000000010101011001111101011111
01101001001111010101010000001101
00000000010010001000010101010011
11111100011110001010101000100001
00000000000000000000000000000001
01010010011011000101001011110110
00000000011111011001111111010111
10000101110101110000110101011111
00000000001100010101001001111101
00110100100000010110001101000010
00000000001111000000111110001011
10011010111001010101011110000001
00000000000000000000000000000001
10110001101011000001011101101101
00000000011101011100101110010111
11110011011001001111111011110110
00000000010001001111101100101101
10110000110101010111010000001110
00000000001000110101011001100001
00011101010100000001000010000011
00000000000000110101000000000110
00000000000000000000000000000000
00000000001010010101010011010001
01001110001100010010000101101011
00000000000100101010000100111100
11010011101011001110010000100011
00000000000111001000100111010000
10010100000111111001011111011111
00000000011000001011111110101110
11000001101011110010001100001010
00000000000000000000000000000000
10100111111111011011010010000111
00000000011101110000100001111001
00110101111001101001101011111001
00000000000010010010100000011001
10100011110000101110010010100111
00000000000100000011100110001101
11001110100010111100110100110001
00000000000110110111000111001111
11111010000011010001110001100001
00000000011111000110000001110101
11010001110000111100101000011110
00000000001110001010101101101000
11111110100111001001110111011000
00000000011000100110001111111000
00000000000000000001111011001100
00000000001001101101110101001000
11111110101011011011010011011110
00000000000001011100101100110101
10111011111001010000111111000010
00000000001001100011110011000011
10011100000110110001000100111011
00000000010000001111000011111010
00101110111010100001111000011100
00000000000101110101000101110101
10101100110011110011101010101001
00000000000000000000000000000001
00101111010111000011000110010000
00000000010011010001001010110010
01010000110010101111000101000110
00000000010110011010010111011010
11100111011011101111100000111010
00000000000111111101000101001010
10001100011010001001001110110111
00000000011000111010110100111100
00100011110010001100011110000001
00000000000000000000000000000001
11010101000100000110000010011011
11000001110010011101111101011001
11011010100111000011011000100011
00000000011011011011011000001101
11010110100100100100010010100110
00000000000010100111111110110100
10100110110011010101100011001011
00000000001110100111100011110111
11001100110011110110110111000101
00000000010100000001101101101110
00001101110011011001101010010011
00000000001000001111011001001011
10101110001100001010001110000110
00000000011101010110011001001111
10011101110100000101110100101011
00000000010111011111001110101010
00001011101000110000000001011100
00000000010101010100001110110110
00100010111000110010100011000100
00000000010110000011111110111101
11010100001101101101000000101101
00000000001110100111111101001111
11000010000011000011110111100010
00000000001100010100111101010001
01000001000001000100000110000101
00000000011101001001010000001010
00000000000000000000000000000000
00000000000111111111100001111001
10010111000001000001001111011010
00000000000100101001111101111010
10001101010111101001010101010011
00000000001111111110110001111100
00000000000000000000000000000000
00000000000111000101010011100100
01101001010010010100011010001000
00000000000010100001001100110101
11001001000111011111110100100100
00000000001111100100001011111100
00000000010001001110011110011001
00000000011110100111001110001100
00000000001000000001111010000000
00000000000101101101000001101110
00000000000000000000000000000000
00000000011010111000111111111001
01111011110011100011100100011011
00000000011001011010000110101001
11110101101100011000001111000000
00000000000000000000000000000000
00110101010011001111010001110101
00000000001011001110111010101001
01111001011000101001111110110110
00000000011010000111001110110111
11011110100100111000010100010110
01001001000100111110100111110101
10110000000111001001100001001010
00000000001011001101010001111100
01011010000110001001011111110100
00000000001101101011110000010110
00101100100010101001110110100101
00000000001101101011011010001101
01101000001110011100001111100101
00000000010010011001011101011101
01000101110111101100011111010010
00000000000100000010000110010000
00000000000000000000000000000000
00000000011111001011010110101110
11110111001111101000101010101000
00000000010010101100010010100000
10101001111001110011001100100110
00000000001010100100010001101011
11100111111110100110111110011011
00000000010001011111100101100100
00011110011100001101111011010001
00000000011100000110001111111110
11011011101100001000101011101001
00000000000011111000110101111010
11011111010010101001010011001110
00000000010111100110011110110100
01000101000111100101101000010001
00000000000101010011010110101110
00100010010000000100110011100100
00000000010010111100101001011011
11111101111001011101110010111011
00000000001101101100001001110001
00100101001001010101101011100101
00000000010010100111111110101110
00110100101000111100110110000110
00000000000100111110000001110111
11110000101101011110100010100111
00000000000000000000000000000000
10001111110000010101000011100011
00000000010110100011000111101111
00001101100001011000011101010100
10001011110100000111110001100100
10011001101001001011011000011100
00000000011011000100011001100011
00110000101010101010011000001111
00000000000000000001111101111000
10000000110001010110110011101010
00000000011110110000011101000010
01111000000111011111111000110010
00000000001011001100010010011010
01000000011010011010011100111111
00000000000001000110100110110010
10101111011111101001111010111001
11000010010100110010101010000111
10110110101010110111000001110001
00000000001110110001100111110010
01001110011101111000010101101101
00000000010000100100011010110110
01011111001001000010000010100111
10000000011010111000111111111001
01010100110010110100100111000000
00000000001010001011010100101001
00101011001101010110000001100010
00000000000110011110000100001111
01110011000001000100101000111000
00000000010010001100001001100001
00000000000000000000000000000000
00000000011010100000101011111111
00010101101001101001010111111100
00000000010000100100011010110110
01111101000011011110101000101001
10000000011010111000111111111001
01001001100110100110101001011001
00000000000011011101000001011000
00110011110111011111001100110111
00000000001010110001110101011001
01000001110010011101111101011001
00000000011111000001100011001001
00011101001000000001111011110001
00000000011110011110111011000011
11001011011110100101000000011111
00000000011111110111110111110111
11011111111011111011110110001111
01001001101100001101100111101110
01001110010111110000101110001000
00000000001101010101101111100111
01111001001000010000000010101110
00000000000101111101011011000011
11101101000000000000100011111110
00000000010001001111101100101101
10000110101000001011100101011101
00000000000011100111001000111001
00000000000000000000000000000000
00000000011100010001110010011100
01000101101000111101011000110110
00000000000111101101111001011010
10100100110100110001001111100011
00000000010010101100000101101011
11111000100111101001010011001001
00000000001110110001110010000011
10001010110101110001100111010110
00000000000001111111001010000100
10000000000011110111011101101111
00000000010011110010011011011011
00000000000000000000000000000000
00000000000000000000111101111111
01100110001001000001000100110110
00000000001111010101100010000101
00111110101111111110000100100111
00000000000000000001011101000000
10000011010101011000100010010011
00000000001000110011011000100000
11100001110011000110010010000101
00000000000000000000000000000000
11111100111010001001101101011011
00000000000101101010101101110100
00000000000000000001001111011100
00000000011101000011000000000000
10000000100100010100111101101000
00000000001000001100101000111110
10110110011110110000011010000010
00000000000110000111010011110100
01100010110110011010111001110010
00000000001101000010000000110110
01001010011110111100011001111101
00000000010101000111001011100000
10010111110110011101100110101101
00000000001111001001000110101110
10110101110011010011110001100011
10101111111110100011101011000010
10010101001001110001101001110111
00000000000011100001101101011110
01011001010111101101001010001011
00000000000101110110110101000000
01100110000110010101001001111100
00000000000100100110010111100110
00110010011001101101100010000111
00000000001100001110011111011010
01101100000000010011111110110111
00000000000100011000011010101101
00110000001111100010001000100001
00000000000000000000000000000100
11100100101111011100000110011100
00000000000110000100000001010111
00000000000000000000000000000000
00000000011110010101000101101110
01000111001001101101011010001011
00000000010000110011001000010100
00100100000110000000010100100101
00000000011101010100110100101010
00010111111011111110000110110010
00000000000011111101010000111001
00000000000000000000000000000000
00000000000110000011100110001001
01010111100100110010110111010111
00000000010100101010101010010001
00000000000000000000000000000000
00000000001000000001111010000000
11001001110011001010001010001100
00000000000000000101100001011110
10001010110111011011011000100000
00000000001111101000110101110010
00001010100000111100000011101011
00000000000001010000000101101011
01010000001010110001010000001101
00000000010010110010010010110100
01010101100111000010111010100001
00000000001111101001100101010110
01100110011100001101001001010111
00000000010011001011100110101001
10111001100001111111011000110101
00000000000011101011000000100110
10111011111101001001000101011000
00000000000000000000000000000000
00000000000000000000000000000001
00000000000000000001001000100100
10110001101011000011011000010001
11000001110010011101111101011001
10011110010100111011010101011000
00000000010111110101101101011101
11011111110110010111010011101011
00000000001110011110100000001001
10100011111100110100000011010100
00000000011000100000010111000110
01010100110010000011111001111010
00000000000100010010101111010000
01011110111000101101010111110001
00000000001000111010110011101010
00000000000000000000000000000000
00000000001011111011001100001001
01000110011010000101010111110011
00000000011000001000010010100100
01100111110101000000000000000100
00000000011100000010101001101111
11101100101011110001110010100101
00000000010000011101110010101001
10101111111110100011101011000010
00000000010101101010100010110100
10001011110100001000000110000100
00000000000011010011110100111000
11101010101011010101001111110000
00000000010010000100111011010011
10100101000001000010001101101011
00000000001010100011101101101010
00100110000100101000001110010111
00000000010010001000010101010011
01001011011010110010001100100101
00000000010111010110001011111111
00000000000000000000000000000000
00000000001100110111101110111100
11011001011000110000010100010000
00000000000000011101111000010011
10010001010101001100111001111111
00000000001100001111110111001100
10111111001101010100000110011111
10001001001110100100101011110011
00001110011000111110000101100100
00000000000101111111011101010110
00010111110010101000000011010000
00000000001100100100011010000100
11100101000110110000100011001111
00000000000011000110101011100001
11011011000011101110010000011110
00000000000000000000000000000001
00111000110101100111110010000101
00000000010001100111110011000111
00000000000000000000000000000000
00000000010010111010100001100010
10101110011110011010000010010000
00000000000010110100010100111010
01110100111011010000001000000100
00000000010101001001010100111101
10111110010101100001001100000011
00000000010010011000101000101000
10111000101000001111011110101001
00000000000100111110000001010011
11010101100101110010111101000110
00000000010111100010001100000110
00101010010011101000000001101111
00000000011100101100011011100100
00000000011010111000111111111001
00000000010111111101100110011111
10100101101010110000001000100000
00000000001100011011010111011000
10011110111100100001111110100110
00000000001110011000100111001100
01110011010111010100111001100000
00000000010011011011001010010101
01110100011011101000101010101011
00000000000100000010100100110000
11101000010000110101110100110011
00000000000001101011011111110100
01000000001011100001001001110110
00000000000100101011101111100110
10100110010010001001011111001110
00000000000000101001110000100001
10011010111110111001101001001111
00000000000110001110101110011111
11111100010010100011000111010101
00000000011000111000100111101111
01111111010111011001000111101001
00000000000011101111100100011111
11000010111111000100010011110101
00000000001111110101111000111011
10110010101001111001111111001001
00000000010101001011001100101010
10110110110110001101000111101111
00000000001100001101101101111000
00110111111100000101011101100001
00000000011010111100001101110111
11101101011001011100010000011111
00000000001101100110100011110110
01110010001100111111001110001011
00000000000000000000000000000000
00100010101011010100110011010110
00000000011001100001000000011000
11011000100000000000100011110110
00000000000000000000000000000101
00001111011000101010011110010001
00000000011100110111000000011100
10101100110111010011010101000111
00000000000000000000000000000000
10100001110011000010000111011011
00000000001111000010010010111111
00000000000000000000000000000000
00000000000101100010111000000001
10001111011010001110001101111111
00000000011111010110011100101110
11000010010100110010101010000111
00000000011000101001000111111000
00000000000000000001110001000000
00000000000000000000000000000001
00000000000000000000000000000000
00000000010011111011000110001101
00000000000000000001010000010000
00000000001101010011010110010000
00000000000000000000000000000000
00000000010111110010011010001111
01101101100011101011001000100010
00000000001111100100010011101001
10000010001010010100110111110100
00000000000110001101000101101110
00000000000000000000000000000000
00000000000110010111110001101010
00000000000000000001011111110100
00000000001110010011011110011101
00000000000000000000000000000100
00000000000000000000000000000000
10101001001101100001001101100111
00000000011100110110010110011000
10100000110010000000001110110100
00000000000111011101010100100010
00111011111110110110100001101010
11000111001000010011001011110000
10001100001111110011001110010010
00000000011100001111011101110010
00101011011000010000000101000111
11001011011110100101000000011111
00000100110101110111110101011011
00000000011101101111111100010000
11011000000101001010101011100101
00000000011000110111000001011011
10110011011111011011100111000111
11010000100000000101010011001001
10111111011101000011111011011001
00000000010011001000010111000111
00100011100101101111010111010010
00000000011010111111011001011101
00001101101101011110000000101111
00000000010010011011100000100010
00101111011111111010101100111011
00000000010100011111110100110010
10100110001000111011100100000001
00000000010110110001110010101110
00000101000011100110001011010001
00000000000111001111100101111000
00101010100000011110011001110111
00000000011110111010011111010110
11101010000010010101011101010000
00000000000101001011100101110010
10001100101111100011000011110100
00000000011100000001100100101111
11011001111001011110001000111110
00000000010000001111111110110110
10100010011100100111010011000000
00000000011101011000111110101000
11000001010101001100001000010010
00000000000101101010110010111100
01010101100000001011001111110101
00000000000000000000000000000000
11110011100100100110000110010010
00000000001011010001001101101011
01110000000010001111010101011001
00000000010111101111011101100101
00000010100111011100011001011110
00000000001010010111111101100111
10111011010011001110110010111000
01000001110010011101111101011001
00101100100011101111101000011010
00000000010101100100010000111101
00000000000000000001011111110100
00000000011101000100111011000011
01111100111001111100100010111001
00000000011101101101010011100100
11100000010110000101111000100110
00000000001101101011010011010100
01110111110001101001110101111111
00000000001100001000110011010110
00110001010110110010010000111100
00000000000010001110001101010000
11100100100010111001011101001001
00000000000000000000000000000000
01000000010100010010111100011100
10011001111010110110111011111000
01001001101100001101100111101110
00000000001110110000000110000000
11110110011110100001110101011010
00000000011110111000100100011110
00010110101001000011101010001111
00000000000000101111010011111111
10111111100101110101111000110111
00000000000111011111111111001100
01110110011101100110111101000111
00000000000011011111000100111111
00000000000000000000000000000101
00000000011000110000100110011101
00111000000101111010000000001000
00000000010011011010101110111100
11011101100110000000100100111100
00000000000000011101100000001100
00111010010100101111110110111001
00000000000100001001110111000101
00000010100111011100011001100011
00000000011100110000000001101010
01000001000001100010000110100000
00000000011101010010011001101110
00011000011101101100110010111000
00000000000000000000000000000000
01101111000001010110110000011101
00000000000011011011101011101100
10100000000001111111111001010001
00000000010110100010110001011101
00000000111101101001111010001110
00000000011011110110111011011011
01000101101011101110010111011100
00110000101010101010011000001111
10110101110101110110001110010110
00000000000111111110110011001100
01110100001000110011100010111011
00000000011010000001001101000111
00000001011000100000100010101111
00000000011110010000111001010000
10111100011111101111010001100000
00000000000110110011101001111101
11101101111110100001111100000111
00000000000000000000000000000000
10110011111110100001100101101111
00000000011011001001110000111010
11101100011101000010010000101111
00000000000001111101011010011001
10101100100110000011000010111100
10010001100110110111011110000101
10000010000100111111010101010111
11010000100000000101010011001001
11110010010111010011100111100101
00000000000000000000000000000000
00000000000000000010111010000010
00000000000000000001011010111100
10110001110100001011000011001011
00000000010100101100111000111101
10001001001110100100101011110011
00000000000000000000000000000000
01111010101101100110111110001001
00000000010011001111111000010100
00001101100001011000011101010100
00000000000000000001111101110100
00111111011010110000000000010000
00000000001000110000000111110000
01101010111111011000111000101001
01001001000100111110100111110101
11101011010111011101001001010000
00000000011110011110001100101011
01000110111110011010000011000100
00000000000000000000000000000110
11110010110110100100010010011100
00000000001111000000011000111010
10100001110110101110010010000011
00000000000010011010100101010110
01100111001001111011110010110110
00000000000111110010010111011011
00101101011110101110010000001101
00000000001111101011111010001110
11101010101100101110011101000001
00000000011011001010101000110111
11011110100100111110010001111100
00000000000011101001110001010000
10000110001010111000001000111001
00000000000101101100011110000010
11111011010100010100100001100111
00000000011011110110001100000011
10001111000011000000001001101000
00000000010001001110011110011001
11000011010010011010111101101101
00000000000000000000000000000001
10111011100111110001010000110010
00000000000000000001011100110001
10000101011100110100111100000111
00000000010101000101100000001000
01101111000011101010110111110100
00000000001011100001110111101110
01001101001101110111011100010011
00000000010011110111001111011111
11010100101011001101010011010000
00000000000101101011110000000111
01010101001111010000101011100111
00000000011100110010001100010100
10001101101011011010101011111000
00000000001111101110100011111001
00011011110011000001011110100100
00000000010101010100000101111111
01100101110100100000101000000110
00000000010011011100111001110110
00000000000000000000000000000100
00000000010001100010110000000001
00100001011100011101000000111101
00000000000110011110011111100101
10100011110000010001001100111100
00000000000000011111010100011110
11001000100000010010001110111000
00000000000010110011110101011100
00000000000000000000000000000000
00000000001110110111011101000111
01101011110011110111101100011110
00000000000000000000000000000000
11011000101101010010101111110110
00000000000010110100011010101111
00110001000010110111111000101101
00000000010010001000010100101000
11001110110110101001110101111110
00000000001000011101111000111100
10110001101011000001011101101101
00000111101101111001011010000000
10000001011001110011101000100010
00000000001001000111011100000010
11011011000101111011001001110100
00000000000011101001010101110111
01000010111111000100101000111111
11101110000010100010010111100010
10101111000010111011100110111101
00000000001111001000110011111100
11110101111100001101000010110101
00000000010100110111100110011100
00010010010101111011010011001011
00000000000011011000101000001000
01010011100110001001010100011010
00000000010011101110101100110011
11101111101011101010011001001111
00000000010010001101101000010011
01011011101001101011110100001010
00000000000111010010001100111010
10101111111101100000100111011000
00000000011101100010000010101000
00000000010001011111100101100100
00000000000000000000000000000000
11011000011111111011001010000001
00000000001001111110110011000001
10110101101001100101011010000100
00000000000110111011110100001101
10100000100001100011000001011011
00000000011110001110110010111100
00001110010010111101010001010010
00000000011100110111011000000011
11001000110110101010100011110101
00000000000101111001100010010110
01110110001110010000100111100110
00000000000010101111100010100111
11010100011000000011010101011101
00000000010001101000010010011100
10101101000111110111101111101010
00000000001110110000011110001100
01001010001110010101111001110000
00000000000110110101011011000100
00000101100000010011110001010101
00000000010010100111010111001000
10100101011000011011001110001100
00000000001010100100010001111100
11010001100110101001110110101111
00000000011011110011001100110111
10110010100010110110010111001010
00000000001011011100100101010010
10101110001110100001110100001100
00000000010110111101101100001100
01010101100000100100001000111111
00000000011111000011110010100111
11000011101110011001000101101100
00000000000100101010000100111100
10110000011001100110110010101010
00000000011010111110101101001111
10101010000001101110100101110001
00000000000001111000000110110100
10100001011100110001101101011100
00000000010000000001110011011010
11110101010010010011100001000010
00000000000001011000000000110010
00000000000000000000000000000000
00000000010011000100011101011111
01011010101100010111110000001010
00000000011101110100100011011000
01001011011110100100001101011110
00000000010110100011000111101111
10010001100110110111011110000101
00000000001110101100110011100101
00011000101101110000100101110110
00000000011010001100001100111000
11010101100001100111010010100111
00000000011011001100001111100010
00101011010101010110000111001001
00000000010100111000011111001011
00101100111000001000001000010111
00000000000111101001100101000100
10110000001110110111010101001101
00000000010110001110101001111111
00011111110101101001101011011111
00000000000000000000000000000110
00000000000000000000000000000000
00000000000001001100010111100010
11101101100110010000000011011000
00000000001010111011011001110100
00000000011010111000111111111001
00000000000101110101000110101111
01011101001011100011011010000100
00000000011011100101110000110101
11101111011010101110111001111100
00000000011011101001011000100001
10110100011010101001011010001000
00000000010000100010000000100011
00011010001000000101011011100011
00000000010111100110100000111100
00100010100111111000011011010101
00000000000100010001001011010111
11000100001001000101101000000010
00000000000001010100100001001100
11111001001111110111000001010000
00000000011011011100101110011100
00100010000010011000011000011000
00000000000001110110111011010010
10000000000000000110111000110110
00000000011000101110110010101010
00001110010111101111011010011011
00000000011001110011001101101010
10101111111110100011101011000010
00000000011100110101000000100000
01001001101100001101100111101110
00000000011010100000010000000001
10110001010110101000000001101000
00000000001010011000000101100011
11001111110000110000010001000000
00000000011011111110101001111111
01001100111101000100001100110111
00000000000000000000000000000000
00001111110100001011101110011100
00000000001111111101111010010011
11001001111010000100001111000110
00000000011010000101101010110011
10010000111111100011101110000110
00000000010101111101111100101100
01110110010101110110000010110011
00000000001011000001011100000011
00111100001110110111111101101011
00000000001101011001001111110110
10001010110101110001100111010110
00000000011000010110000101011011
01001000110100010110010111011000
00000000011000011110001110011010
01001010111010000001110000010110
00000000001111110011100000001000
01111011000100001010100111000101
00000000000000000001000110010000
10011111101110101000100000011101
00000000000111001111111010011111
00001100010100111111001101011111
00000000010101111011111111000101
00100011011001101111101100011101
00000000000100110000000110001000
10110101110100111010011010001110
00000000011111011011010110000001
01111010001001010001101010100111
00000000010111001000010000000100
00010010111000011111000011100100
00000000001000010010001100011000
00011100010010100010101001111010
00000000011100111010011000010100
00000000000000000000000000000000
00000000010011001101001110010001
00111010011010001110100111000010
00000000001010011111011001100111
11101011110101110000100100010111
00000000011000010010101100111111
00010110001011101010010101000101
00000000001001000111011111001010
00010100010001010011111000001000
00000000001000011101111100111111
00011000010000010111101110101000
11000111001000010011001011110000
01101110101101100101011010100010
00000000001001101011011010111011
00110011101001100100011111110111
00000000010100110100001010001100
10000010001000011010010100011100
00000000000000010101100110100100
10010100000011000000111001000100
00000000011110110010111100101111
00011000011000010001100011010010
10000000001000110000101010100110
00000000000000000001001011011000
00000000000000000000000000000110
11001011111100011001110100000101
00000000010111000100011100010101
10001011100010100001101100111001
00000000010111110011101001101001
00000000001100001111110111001100
11110101001101100101111111011011
01010111010110010101011001110111
00000000000001011001011111101001
00001110000011111001111101110000
00000000000010000001100110101100
01100111101000010111110001100001
00000000000010010010011010100010
00100000001111111010101010100100
00000000000111110110100100000010
01100111011110000101110100001111
00000000011001100000100111000010
01100110111011111111100110101000
00000000000111100110000110010100
01111101011100010000111111001101
00000000000100000111111000101000
01101011110001101111111100100010
00000000001111011000011100011010
10111110011000001001001110010010
00000000010111111101010100110010
11000001000110011101011101010100
00000000000001100011101101000110
11001011010011100101011101010011
00000000010101101110110101011001
01001101110011001011101001101010
00000000001100110000010100100100
00000101001011100101101001010000
00000000010101001100110100001110
11110100000101111100101001111001
00000000011100011111010101000010
10110000101000100111111101110010
00000000000111000110000101101000
00100010010000000100110011100100
00000000011000110000000011101111
10000010001011111110100001100001
00000000000000000000000000000000
11011111011001111001010111111000
00000000011001001110011011001010
01001110001110010010010100011101
00000000011111011110101011001000
11111000110010100110001001110000
00000000001000011110100101001111
10011001111010110110111011111000
00000000001011100100100101011000
01100101110101101101101001010011
00000000000111001110000110110011
11101110000010100010010111100010
00000000000001011001010101110001
01000101110101001011001011011100
00000000010001100001010100000011
00000000011011001001010000000010
00000000011010011011111100011101
00111010101001100000110011100101
00000000011101000001100110000101
01110000101101011110100010100111
00000000011100111010110010110110
00100101011011001010011001010100
00000000000010001001010111110000
11110010111011011111001000011000
00000000011001001101010000110110
10001001001110101011110100001101
00000000001110011100001100000111
11110111110001000111101110100011
00000000001111101100111100010101
10010111111001110110000101111001
00000000000101011011101101101100
11101010001000010011001000110001
00000000001110011111000110001001
01001001010010100010100100000110
00000000001110001110101001100110
11000001110010011101111101011001
00000000000000000100111111001001
00101111000000110011011001010010
00000000010100100010111011111011
01111011110101111000100010110000
00000000000100101111110011101010
01010001111110010011110111001111
00000000011101100100111011010000
00010001010110001010000011000100
00000000011000011011101000101001
01000001100001101111111100101000
00000000001101011011101100101101
11000011011010010011111010111000
00000000001101001010110000100100
00100101111001101100110010011111
00000000011000111111001001111011
10011001010100000101000111001011
00000000001101111011001101011011
00100111101010110111111110010010
00000000011011111110111011001110
11000110011001000110101001001101
00000000010100000110100111100000
00111010000111100010101100010000
00000000000111010100111111010101
01111101111010111011000100110111
