01111111110000000000000000010011
01111111110000000000000000010011
01111111110000000000000000010011
00001001101001111000100101010011
01111100010000000010001010000111
00001001111100000010101000100111
00000001011111101000010001010011
11111100100000000010010100000111
00000001011110000000010011010011
00001000110001001000101011010011
01010100111000000010101000100111
00001001000010000000100001010011
00001000000111001000010111010011
00001001111101110000001101010011
10000001010000000010111100000111
00000001000111100000011111010011
10101111100000000010111010000111
01001111010000000010100010000111
00000000000110001000111001010011
00001000111001111000011111010011
11000011110000000010100110000111
00001001000011010000110001010011
00000001010110100000110011010011
01100001000000000010110000000111
11101111110000000010001000000111
00001001110010111000010101010011
10100001010000000010010010000111
11111001110100000010000000100111
10010100110000000010100110000111
00001001110110000000011011010011
10001001110100000010111000100111
00000001100010000000111101010011
00000000010001001000010111010011
00101011010000000010101000100111
01111100001000000010100000100111
01000111110000000010010100000111
10001101001000000010000000100111
10010110001100000010111000100111
11001110111000000010001000100111
00000001100010100000001101010011
00000000101001110000010011010011
11010110101100000010011000100111
00001001000100000000111101010011
10010100010100000010100000100111
01101010000000000010111110000111
00000001100000000010011110000111
00110101110100000010000000100111
00000000111110000000000111010011
00001000110110000000111001010011
00001000011100001000110001010011
10001100100000000010110100000111
11010010110000000010110110000111
00000001000111100000001101010011
00000001101111100000010011010011
00001000010011110000101111010011
00001000011010111000010101010011
00000000001000101000101111010011
00001000011100101000100111010011
11011111100100000010101000100111
10001000010000000010110000100111
00000001100011110000010001010011
00001001110000100000000101010011
00011011110000000010100110000111
11100000110000000010111110000111
00000000101111110000111101010011
00001001011100000010001000100111
10100010010000000010001000000111
00001000010100000000001011010011
00001001111101111000100111010011
00011011101000000010011000100111
00000001011100101000100011010011
00000000101101011000001101010011
00000001110011011000110101010011
00000001000000010000001001010011
10100001110000000010111000100111
10000001110000000010000010000111
00001001101100111000110001010011
11100000110000000010101000000111
00000001111011011000101101010011
00110101010000000010001000000111
01011010010000000010111000100111
00000000100001101000101001010011
00000001011111000000000111010011
00000000001110000000010011010011
00000000100101101000111111010011
01100100010100000010101000100111
00000001111010100000001011010011
10111010000000000010111110000111
11011001000000000010110000100111
01011000010100000010100000100111
00101010110000000010100010000111
11010000110100000010111000100111
11101110101000000010000000100111
00001000010101011000101011010011
00001001011000011000100111010011
00000100010000000010010110000111
00000001110011110000000111010011
00000001101011101000111011010011
11011100000000000010000000100111
00010010010000000010110110000111
00000001011010110000011101010011
00000001011111001000100101010011
00001000100000000000000111010011
10111011100100000010110000100111
10010001011000000010110000100111
00000001100010100000010001010011
10111000000000000010010100000111
00001001000110110000111111010011
00001000011011101000101011010011
01011011100100000010100000100111
10000010111100000010011000100111
11110100001000000010001000100111
00001001101000001000101011010011
00001001001111100000010101010011
10000001010000000010001100000111
00001000101100001000010101010011
00000000000110011000010011010011
00101011011000000010001000100111
11111011000000000010011000000111
00001001010110111000100111010011
10001000000100000010101000100111
00001001010001001000111111010011
00001000011010100000110101010011
00001000110000111000101111010011
00000001101001110000101111010011
00011100000000000010000100000111
00000000110100011000011101010011
00010110000000000010110100000111
00000001110110000000010011010011
00001000111000111000111011010011
00000000010000001000101101010011
00000001001010011000001011010011
11000001101000000010001000100111
00000001100000100000011111010011
01100101000000000010011100000111
00000001010001010000010001010011
00101001000000000010111000000111
00001000001011000000011101010011
11010101010000000010111100000111
00001000001111100000110011010011
00001000110100110000100111010011
00001001101111000000111001010011
10111111011100000010001000100111
11110101001100000010100000100111
00001000011101010000000011010011
11010100110100000010110000100111
00001001100100011000110011010011
11101110110000000010110000000111
00001001110011000000110111010011
00000000100000100000011001010011
00001001100000000010010000100111
10001111100000000010100010000111
11001101000000000010001010000111
11000111000100000010001000100111
00001000110100101000100011010011
11000010110000000010101000100111
00001000010001001000100011010011
00000001000111110000010101010011
00001000110111010000001011010011
10110110100000000010000100000111
11001010100000000010110000000111
11101111100000000010101000000111
00001001100110000000111101010011
00001001010100101000011001010011
01101001101000000010010000100111
00000000101100110000100001010011
00001001110110001000010011010011
11011010100000000010101000000111
10100010011100000010111000100111
11100101110000000010011100000111
00000000011101100000001111010011
10110001110000000010100000100111
00111010010000000010100010000111
00000000110111010000010101010011
00000001010101100000011011010011
00000000010001001000101011010011
11011011011000000010100000100111
00001000001011101000110111010011
00000000011011111000000101010011
00001001000111100000010011010011
00000001111011011000100001010011
01000001011000000010011000100111
00000000100000100000010001010011
00001000101110000000110101010011
11111111110000000010111000000111
00000000110010111000000101010011
00000000000110000000011011010011
01100101100000000010000010000111
00001001011010111000001001010011
01111101000000000010110000000111
00001000001110001000101101010011
00010100000000000010000000100111
00001000110110011000100011010011
00001001111001011000101111010011
00000000000101010000110111010011
00000001110011010000010111010011
11100100011100000010110000100111
00000001100111110000111011010011
00001000010011010000100001010011
01100100101100000010000000100111
00000000010001011000001111010011
10110101111100000010000000100111
10100100001000000010110000100111
00001000100101011000001111010011
00000001110111010000010011010011
11101001110000000010001110000111
00001001111000100000110011010011
01101010010000000010111000100111
00000001000001110000010111010011
00101000000000000010011000100111
11010100000000000010101110000111
11000111010000000010110110000111
00000001000011100000010011010011
00111101100000000010111110000111
00000001111011100000110111010011
01100000010000000010100100000111
00000001101110100000101001010011
11111100110000000010111010000111
00000000110011100000101011010011
00001000100011000000111101010011
11011011010000000010100000000111
00000001000111001000101101010011
10100011101000000010011000100111
11110101001100000010100000100111
10100111010000000010011010000111
00111110101000000010011000100111
00000001100011111000100101010011
00000000010001100000010111010011
00001000101000101000111011010011
01101011010000000010010100000111
00101000111000000010010000100111
00000000011101111000100001010011
00001000001001000000011111010011
00000000011001111000001111010011
00001001100111000000101111010011
10111100011100000010011000100111
00011011010000000010010110000111
10001000111100000010111000100111
00000000110101100000111001010011
00001000110000000010010110000111
11000010010000000010100000000111
00000001001110011000110111010011
00100010000100000010010000100111
11111011111000000010001000100111
00010111001000000010000000100111
00001000011101011000110101010011
00000000000000000010101110000111
10011011111100000010100000100111
00000000010000000010111010000111
00001001001001000000000011010011
00000001001100111000110011010011
11011110110100000010001000100111
01010000100000000010111100000111
11001111101000000010000000100111
00001000010000110000101111010011
11010011110000000010000110000111
10001001000000000010101100000111
10010101011100000010000000100111
00110111001100000010001000100111
01001011010000000010000110000111
00000000001110001000110011010011
00000001100111111000011011010011
10001111010100000010110000100111
00001000000110110000001011010011
11101010100000000010010110000111
00000000100111011000011101010011
00001001100100111000001111010011
00001000111001110000100111010011
00010001000000000010111000000111
10110101000000000010010110000111
00001011110000000010100010000111
10001010100100000010010000100111
00000001110011010000100101010011
00001000100010110000100011010011
11001001110000000010011010000111
01101100101100000010110000100111
00100110001000000010010000100111
00000000010100100000001011010011
11001101000000000010100010000111
10001110101100000010000000100111
01011100100000000010101000000111
10111100100100000010011000100111
00000001111010000000010101010011
11001100110000000010010010000111
00000000011100011000111101010011
00001000011001111000110111010011
00000000100111010000111001010011
00001000011011011000000111010011
00001001011100010000010011010011
00000000111011100000110011010011
00000001110001011000111001010011
00000001100001111000100101010011
00000001111111000000100011010011
10101000000000000010000010000111
00000001111001000000111011010011
11010011110000000010110110000111
00001000010011100000110001010011
00001001011111001000111111010011
00000000100011001000100001010011
00001001000011011000111011010011
00000000010000000010111000100111
00001000111101001000101011010011
00001001110001011000110011010011
00000001110110000000010001010011
00000001011101111000101101010011
00001000000010010000110001010011
00000000100110001000111101010011
00001000110111101000101101010011
00001000011101110000101111010011
00010001010000000010001000100111
00100100100100000010011000100111
00000001001110001000110101010011
00001000010111001000010101010011
01111011000000000010011100000111
10101011000000000010000100000111
00000001001011001000001001010011
00000001000100000000001111010011
01101001000000000010110000000111
01110101100000000010010110000111
10011110110000000010010110000111
00001001001110110000010001010011
00000001001110011000011101010011
10110001010000000010000000100111
10101101011100000010000000100111
00000001011111101000010111010011
00001000001010111000000101010011
00001000110101110000001101010011
00001001100111101000110001010011
11010110010000000010011100000111
10001101000000000010110100000111
00000000010000110000001011010011
11011111100000000010010010000111
00000000001111110000011011010011
00010110110000000010100000000111
10000010011000000010001000100111
11000110100000000010000010000111
00000001011100100000011101010011
11100111000000000010100010000111
10111100100000000010010000000111
00000001111000010000101001010011
10000110011100000010000000100111
00000001100001001000101101010011
00001001111010101000010111010011
01000111110000000010011100000111
11001100100100000010110000100111
00001001110001101000010001010011
01110111011000000010110000100111
01100100010000000010111000100111
00000001010000101000110101010011
00000000111001001000011011010011
00000001011111000000111101010011
00101010110000000010101010000111
11000110001100000010111000100111
01101111000000000010110110000111
10010010110000000010011100000111
00000000111100101000101101010011
00000000001100010000110111010011
00001001011101001000101011010011
10111010101000000010100000100111
01010101101100000010111000100111
11100100000000000010000000100111
00001001110000000000001101010011
10100010101000000010110000100111
01110100110000000010010110000111
00011011110000000010001000100111
00001000111100110000110101010011
00001001001111110000110101010011
10100110000100000010101000100111
00001001101101000000010111010011
00010101010000000010011110000111
00000001100101001000011101010011
00001000100010101000001111010011
01101011111000000010100000100111
00000001101011101000110101010011
00001001000100011000101101010011
00000000010010100000110001010011
01101110110100000010001000100111
10011001010000000010101110000111
11101100101000000010011000100111
00001000110010101000110111010011
01001100011000000010111000100111
00001001111000111000101101010011
00001000010000100000101011010011
10010110000000000010011000100111
00000000100111100000110011010011
10000101101000000010001000100111
00011000111100000010000000100111
00101011000000000010001010000111
00000000110100111000010011010011
01011101000000000010011000000111
00000000010101110000101001010011
00000000100010010000100111010011
01011000110100000010101000100111
00001000011101100000100001010011
11000001110100000010100000100111
00001001110001110000011111010011
00000000100000000000001111010011
00001001100001101000010111010011
00001010001100000010110000100111
11011011110000000010111000100111
10000010011000000010011000100111
00000000010100101000100101010011
00000000111011011000001101010011
10100100111100000010001000100111
00001000101011111000011101010011
00001000011110010000110001010011
00000001000010101000111011010011
00000001101011101000001111010011
00000001000111100000000101010011
10001000100000000010101100000111
01111001110000000010011100000111
00001001011010000000011001010011
11000110100100000010011000100111
11001001110000000010011010000111
01111111111000000010000000100111
00001000010110110000100101010011
00100000000000000010111010000111
00000000101010110000111011010011
00000001011000011000110011010011
01010000001000000010101000100111
11000001010000000010111000100111
00000001101111010000101001010011
00000000101100001000001111010011
00001100010000000010011000000111
00001001100000111000011011010011
10101100100000000010000110000111
00000000110000100000010001010011
11000010111000000010011000100111
00000001100101100000010001010011
00001000100101001000111111010011
00001000011111110000001011010011
00000000011000101000001101010011
00000000110111111000100001010011
01000110000000000010001100000111
01011100111000000010110000100111
00001001001010011000000011010011
00001001100110100000110001010011
00000001111111101000010001010011
00001000011000010000100001010011
00000001011011101000100011010011
00000001001111000000100001010011
00000000111101111000010101010011
00000000001111000000101011010011
00000001110011100000001001010011
00001000110111110000110001010011
00000000111111010000001111010011
11000001000000000010100000000111
11001101100100000010011000100111
10101101100000000010111000000111
00001001010100100000100101010011
00001000001111111000111111010011
00001001111100101000011001010011
00000000100111001000000111010011
11010110001000000010010000100111
10011100001100000010011000100111
00100101000000000010011000100111
00001001011111010000100011010011
00101100100000000010100000000111
00001000011110101000000111010011
00000000010011100000100001010011
10111101000000000010010010000111
01111010110000000010011010000111
01001010110000000010000010000111
00000000001110110000000101010011
01011010110100000010111000100111
00000001110000111000000101010011
00111110110000000010110100000111
00101101110000000010100110000111
00000001000110010000000101010011
00001000000011110000011001010011
00000000111101010000011111010011
10000100100000000010111000100111
11010111110000000010110000000111
10001111000000000010111100000111
00000111100000000010111000100111
00010111010000000010001000100111
00101100100000000010001110000111
00001001101110110000001001010011
00111111000000000010101100000111
10000011101100000010001000100111
00001001010000111000000011010011
00000001100000000010101000000111
11111111011100000010110000100111
00001101000000000010101000000111
11101010110100000010010000100111
00100111100000000010000110000111
00001001000010101000111111010011
00001000111001101000101101010011
10101010011100000010010000100111
00001001110001011000000111010011
00000000011111101000010011010011
00010101111100000010001000100111
00001000111000001000110001010011
00001000010011110000111101010011
00001001100100111000100101010011
00000000010100010000010101010011
00001000111001001000110001010011
00001000001111111000001101010011
11011110000000000010000110000111
00101001110000000010111110000111
00001001111000010000011111010011
10110100100000000010011110000111
11101010010000000010000010000111
00001000000000000000001011010011
00000001010001001000100011010011
00001001000001010000001011010011
00000001100010100000101001010011
00000000010101110000110011010011
00000000100010010000111001010011
11111000101100000010011000100111
11101110010000000010110110000111
00001000110001111000000011010011
00000000110100111000010101010011
00111101100000000010100010000111
00011100001100000010000000100111
01101001011100000010001000100111
00010001111100000010101000100111
10111111000000000010010010000111
00000001010000011000001111010011
00001000000110010000110111010011
00001001011010010000101111010011
00000001010101110000111011010011
00000000010100111000111001010011
01100001110000000010001110000111
00000001100011111000001011010011
01001100010000000010000010000111
11100011100000000010010010000111
00001001101010001000101001010011
11101000010100000010110000100111
10010000000000000010101010000111
10011000110100000010000000100111
00001001011111000000010011010011
00000000101000001000001111010011
00000001110100111000101001010011
11010101000000000010011000100111
11010000000000000010000010000111
00001001010110111000101111010011
00000000110111001000101111010011
00000011000000000010011000100111
00100111110000000010010000100111
00000001010001010000110111010011
10010111100000000010001000000111
00001001101100101000111001010011
11010111111100000010000000100111
10111001010000000010100100000111
00000001101100111000000011010011
00001000111010101000100001010011
00001001100110000000010001010011
00001000001001101000000011010011
00011100111000000010010000100111
00011100001100000010100000100111
11001010010000000010110100000111
10010110001100000010000000100111
00000001111100010000110011010011
10011110100000000010010100000111
10100101010000000010111100000111
11110010010100000010001000100111
01101111000000000010101000000111
11011010011000000010010000100111
01101101010000000010101000100111
00000001010111111000111001010011
01101101010100000010000000100111
00000001000101100000001001010011
00001000111010011000001011010011
00010010101000000010111000100111
10111100100100000010100000100111
00001000011000101000111011010011
00000001101000011000110011010011
11001100000000000010100110000111
10000101100000000010100000100111
00001000110101010000001001010011
00000001110000001000011001010011
00001000101110100000110101010011
10001101010000000010101000000111
01100101000000000010010000100111
10011000011000000010011000100111
00001000110100011000101011010011
01100000111000000010101000100111
01110001100000000010110000000111
00001101100000000010100100000111
00000000001010111000001011010011
11001111100100000010011000100111
00001000010000000000101011010011
00001000010100000000001111010011
10101101000000000010001010000111
11000001001100000010000000100111
01100011000100000010110000100111
00000000101000010000001001010011
00000000101100100000000101010011
00111000100000000010011000100111
00001001101001101000010001010011
10110101111100000010111000100111
10110001100000000010100000100111
01011000110000000010101110000111
00001001111110110000011001010011
00111101010000000010101000000111
00000001010001101000000011010011
00101011010000000010111000100111
00001001010100100000000101010011
01010110000000000010111000000111
01111010100000000010110010000111
00001000110110000000111111010011
10011101100000000010100010000111
10001011110100000010000000100111
00000000111001101000101101010011
00000001101001111000001001010011
00000001110010011000101001010011
10000011000000000010101000000111
00111101001100000010100000100111
00000001110010110000010111010011
11010110000000000010010100000111
00000001110011101000101101010011
11011010101000000010110000100111
00001000011010010000001001010011
00010111010100000010111000100111
00000001110000011000011111010011
10101110100000000010010100000111
00010011001000000010001000100111
00000001001100111000100011010011
00001000001001100000000111010011
10001000000000000010100000100111
00001000111111000000100001010011
01000111100100000010001000100111
11010110101100000010100000100111
00000000110010001000010001010011
10010010010100000010111000100111
01101110111100000010111000100111
00001001001001100000001101010011
00000000110010010000101011010011
00001001000000011000101011010011
00001001000000000010101100000111
00000001100101000000110111010011
11101000101000000010110000100111
11011111010000000010111000000111
00001000100010010000001101010011
00001001110010110000100111010011
10111110001100000010101000100111
11110010000000000010000110000111
00000000100110011000101101010011
00001000100011101000000111010011
01010101010000000010100000000111
00000001100001110000001001010011
00001000111001101000001011010011
10110101001000000010100000100111
11110110000000000010110100000111
11101100101000000010101000100111
00100010100000000010101000000111
00000001101010111000001101010011
01010100000000000010010000100111
00001001010001001000101001010011
00000001100000000000100001010011
00000001010000010000000111010011
00001001010110110000101011010011
00001001110111111000010101010011
00000001010001000000000111010011
10010111100000000010001100000111
00001000111010110000001001010011
00100100000000000010110010000111
10111000000000000010100000000111
11101010100000000010010010000111
10011000100000000010010000100111
11001011010000000010101010000111
00001001001000100000110001010011
11000011110000000010111000000111
01000110110100000010110000100111
01100001010000000010111110000111
11100101100100000010101000100111
00001000100110100000110001010011
00000001101111110000001001010011
00001001110010010000110101010011
00111110010000000010100100000111
00110101110100000010101000100111
10100111010100000010000000100111
00101001110100000010010000100111
00001001010110011000011101010011
00000000010001101000011001010011
00001001101110010000001101010011
00111001010000000010001000000111
00100010110100000010100000100111
01101100000100000010011000100111
00011011011000000010111000100111
00001001110010011000000111010011
11010001110000000010101100000111
00100100110000000010010110000111
10111111000000000010111110000111
00000000001111111000100001010011
00001110011000000010000000100111
01100100111100000010100000100111
01110111100100000010010000100111
00001000001000011000010101010011
00000000010111011000011001010011
00000000011000101000100111010011
00000000011011100000111011010011
00000000100100111000010111010011
00001001010101011000111101010011
01011001001100000010110000100111
00011101110000000010000010000111
11111001100000000010001000100111
00001000111111110000110011010011
10010011111000000010101000100111
01101010010000000010001010000111
00000000001010100000001101010011
00111101111000000010101000100111
10000100110000000010010000000111
00100100111100000010000000100111
00000000001111110000100011010011
10111001000000000010001110000111
10010111100000000010111000100111
00001001100011101000000011010011
00111101110000000010000110000111
00000001101000010000111111010011
00101000000000000010011010000111
11000011111100000010010000100111
10111011101000000010010000100111
00001001100011011000011001010011
11100100111000000010101000100111
10011010001000000010100000100111
10010111011000000010001000100111
10011010010000000010111010000111
00000000111111110000001101010011
10110000100000000010110100000111
10011011111100000010000000100111
00000001001011101000100111010011
00000001110100101000000101010011
01011011110000000010011000100111
11011101101100000010000000100111
00000000011011111000011001010011
11101001000000000010111100000111
11100010011100000010110000100111
00001001101001100000001001010011
01000100101100000010100000100111
00000000110111111000100101010011
00100011101100000010111000100111
00001000000111111000010101010011
00000000011111000000111111010011
00001001110010101000010001010011
00000001000010111000111011010011
00001001001111011000111011010011
11100111110100000010001000100111
10101010100000000010001110000111
00101010000000000010100100000111
00001001100101000000111001010011
00001001011001101000111011010011
00000001100011001000001101010011
00001000111101001000111101010011
00000000010111110000101001010011
10000100101100000010000000100111
01010010110000000010111010000111
01111001100000000010000010000111
10000010000100000010110000100111
00000001110010100000101111010011
00001000100101101000001011010011
00000001111101111000011101010011
00001001000001011000000101010011
00001000011010000000100101010011
11011010111100000010010000100111
00001001000110001000111111010011
01011011000000000010001000100111
00000000111011001000100011010011
10001011110000000010100110000111
00110101000000000010000100000111
00000000101100101000010001010011
00001000100000110000100111010011
00000001101001101000101011010011
00000001100000111000100111010011
01010100011100000010111000100111
10011001100000000010001000000111
01101010010100000010000000100111
01110100100000000010110110000111
01101111000100000010101000100111
11011000010000000010000000100111
10100110111100000010110000100111
00000001001111100000100011010011
00000001110000001000110101010011
11010110110000000010001000000111
01111011000000000010101000000111
00001000010000010000011001010011
00001000101111111000000101010011
00001001001000101000101111010011
00001001110101111000011001010011
01110101100100000010100000100111
00001000000001011000011101010011
01000100001100000010101000100111
00000001011111000000110001010011
00001000100000001000010011010011
00110101000100000010000000100111
00001000110110110000010011010011
10001111100000000010001110000111
00000001101110010000011101010011
00001001010100001000010011010011
01011011011000000010111000100111
00000001110111001000001101010011
01010010100000000010001000100111
00000001111011110000101011010011
10001101010000000010011000000111
11111001110000000010001000000111
00000000101010000000010111010011
10111100010100000010110000100111
00111010100000000010111000000111
00011101100000000010111100000111
10011101101000000010010000100111
10101011010000000010011000000111
00001000011000100000101111010011
00000000000000101000001111010011
01101011100000000010011000100111
00001001100001001000001001010011
00001001100011110000101111010011
00001100101000000010001000100111
00000000111101001000011011010011
00001000001100111000110101010011
00001000010110001000001101010011
00000000010110111000010011010011
00001000010011101000110011010011
10101011110100000010010000100111
00000001100011100000000101010011
00000000010001111000101001010011
01001100010100000010000000100111
11110110010000000010100110000111
11101010110100000010010000100111
00001001010100011000111101010011
01001000001000000010010000100111
01101010011100000010010000100111
00000001110011101000111111010011
10010001000000000010100000100111
00001000000010100000000111010011
00000000011110111000010101010011
00001010100000000010101000000111
00001001100000101000010011010011
00001000000011001000001011010011
10011011011100000010001000100111
00100111100000000010001000000111
01010010100000000010111100000111
00011000010000000010001100000111
11011010110000000010111100000111
00011000100000000010101110000111
00001001001010101000000011010011
00001001011111001000001001010011
11000001100000000010111000100111
00001000100100000000010111010011
00011010011100000010011000100111
11010011011000000010001000100111
01101011111000000010101000100111
00000000110001010000111011010011
11000100000000000010010100000111
00001001001011000000110011010011
01001001110000000010001010000111
00000000111101000000101101010011
00001001111110011000110011010011
00100001110000000010010100000111
01110110011100000010101000100111
00001001010101110000000111010011
01101111000000000010010110000111
10011101001000000010101000100111
00000000100101111000000111010011
00000001000101110000000101010011
00001001011111010000100001010011
00000000001100000010100000100111
00000000000100100000011011010011
11110100010000000010010110000111
01011100000000000010100100000111
00110010110000000010100010000111
10010110100000000010100000000111
00001100000000000010111100000111
00001000011010110000010011010011
01101000010000000010111110000111
11101001010000000010011010000111
11001110110000000010101100000111
01011110011100000010110000100111
00001001000111110000011011010011
10110011110000000010011010000111
00000000110110001000011111010011
10110111000000000010010000000111
11110001001000000010000000100111
00000001011101010000100001010011
00000011100100000010101000100111
00000000100100101000011101010011
11000010101000000010110000100111
00001001100110111000011101010011
00001000010011110000001101010011
00000001010001001000111011010011
00000001011100110000100101010011
00001001011001001000100001010011
00001000000011000000010001010011
00000000111101111000101101010011
00000001101110101000101001010011
10010011010000000010101000100111
00000000101010100000111001010011
00000001101100000010011000100111
01001000011100000010101000100111
00001000111010100000010101010011
00000001011111100000010001010011
10100011000100000010011000100111
00100110110100000010100000100111
11010101110100000010001000100111
01000110110000000010100110000111
00010111111000000010110000100111
00000000110001101000000101010011
11011000000000000010001000100111
01110100000100000010010000100111
10100010100100000010000000100111
11110101110000000010100110000111
00001001110010111000100001010011
10001000110100000010000000100111
00001001111101100000111001010011
11100011110000000010011100000111
10000100110100000010001000100111
00001000011000000000001001010011
01100101100100000010111000100111
00001000110100100000010101010011
00001000010011010000000101010011
00001000001101010000010011010011
00001000111011011000100011010011
01010110111000000010101000100111
00000001111110011000011011010011
00001000010010001000110111010011
00001000010010110000011001010011
00000000101000000010100000100111
01110001100000000010011100000111
00001000010100101000111001010011
00000000000101100000010011010011
00000001101111111000101011010011
00000000101011101000000011010011
11010010011000000010010000100111
11101010010000000010000000100111
00111010111100000010110000100111
00001001101001010000010001010011
01111100100000000010110010000111
00000001011000011000111111010011
10011001100000000010000110000111
00001000001101001000101101010011
00000001100011101000001001010011
11110000010000000010001110000111
00000001101111100000111001010011
00001000110100001000100111010011
00000001111100010000000011010011
10110011110000000010001100000111
00000000110010100000000101010011
00000000011010011000011101010011
00001001100111101000100101010011
00000001111011111000011101010011
11101001111000000010111000100111
10001001110000000010010110000111
00000001011011001000010011010011
00000001010011111000111001010011
11011011101100000010101000100111
01011010100000000010001100000111
11110011000000000010000000100111
00001001010010101000000011010011
10001010000000000010010100000111
11110111100000000010100110000111
00001000111000000000100001010011
11000101010000000010010110000111
11111100000000000010111110000111
00010011110000000010100110000111
00000000010111000000000101010011
11100111000000000010001100000111
10111110011000000010000000100111
00010101000000000010000110000111
00001000010001111000101111010011
00011110101000000010101000100111
11100010100000000010110100000111
01110100010000000010010010000111
01010111110000000010010110000111
00000000100111000000100111010011
00000001001110001000011111010011
00000001011001110000011011010011
11010110010100000010010000100111
10000000010000000010111000100111
11000111000000000010001100000111
10111010101100000010101000100111
00001001101010010000110001010011
00000000100001001000001101010011
00001001000101000000000111010011
11111110001100000010001000100111
01101000011000000010100000100111
00000001101001000000111001010011
10011110110100000010000000100111
00001000010000111000010111010011
00001000000010010000010011010011
10010111010000000010101100000111
00010000000000000010111000100111
00011101111100000010111000100111
10000100101100000010110000100111
00001001010010100000011101010011
01000011000000000010101000100111
00000001111010110000011101010011
00001001000111110000111101010011
00001001111011010000101101010011
00000000010111100000011001010011
00000000100100101000011101010011
00001001100000101000101101010011
10000000110000000010010010000111
10000001000000000010111000000111
00100011000000000010010000000111
00000010010000000010110000000111
01111100110000000010111110000111
00000001001111110000100001010011
00001000111000010000001111010011
00001000101110110000001011010011
00001011101100000010110000100111
10011101001000000010100000100111
11101011011000000010000000100111
00001000001110100000010011010011
00000001111000100000001111010011
11011001100000000010101010000111
00010001010000000010111000000111
10111001011000000010100000100111
10111101100000000010100000000111
00001001101100011000011011010011
00110101000000000010100000000111
00000000111111100000101001010011
10000010111100000010111000100111
00001000010100011000010001010011
01101000010000000010100110000111
00001000001101111000101111010011
00000000111101110000010011010011
01110111010000000010101010000111
00001001001010001000011001010011
00001000110101110000100101010011
10100110101100000010010000100111
01011111101100000010100000100111
00000001111110111000110001010011
00000001000001001000110011010011
00000000000000000000000001110011
00000000000000011111111011000101
00001011010011100010010011001110
00000000011100010110101000111110
00100101101000100101001011100000
00000000010010010110100100011010
01011001011010100010101010010110
00000000010001000100101110111100
00111111100000101110001001110010
00000000000001101011010011010110
11010011001010011110011000010010
00000000000001100000011000010011
00101000101111000111100110001001
00000000011101100000110110010000
10101001100010101100011100101100
00000000001101000100111010001111
10011011110011100001100010110010
00000000010011110011111111010111
11011010010001000101110100011101
00000000000110111110011001001110
01000000001001101110011011000111
00000000000111011000001000000010
11111001001101001111010011010101
00000000011010011011010111000111
01101100110100111001101111010100
00000000010011011010011001011011
10001001011000000011100000100010
00000000000110010011000100100001
10101111010111111010010000111110
00000000011000111011010010101010
01001000111111101011011010101000
00000000001100001100000100110001
11001100000111100011110010011000
00000000011110110001110101111001
01101110010110100100010111100111
00000000001101010110100100010100
11101010101110011100110000001011
00000000011100110000010101000000
10001110000101111100110001111101
00000000011100011100110010100110
00101111110110110010101101100001
00000000001011111100001000010001
10001110001010110010101011011100
00000000011010100011101101101110
10001011101001111000000011100010
00000000011001101111010000110011
00111101010011011100101001010110
00000000011011001111000101110111
01111010011000000110011001010101
00000000001110100011100001011111
01101011101001001011010011001011
00000000001011100000010111000101
01010010100100011100111011111101
00000000000010011110011110110000
10110100111010001111100001010001
00000000010011011011100101000110
11100000101011001111001110101100
00000000000111110110011000110110
11011100111100111111111110100011
00000000010010011111001000101000
01001110010100000011110001010011
00000000011100000100110001101111
00101110101001110000010010001000
00000000000010011101011110101011
10110000001010000110011110111011
00000000000101100000101000011110
00011110011000000111111111110111
00000000000010010101001100110101
11100111001010100000001011001010
00000000011100000101101111000010
10101100011010010111011111100000
00000000001001011111010110100110
01101101011011100011100011101110
00000000010111001001010100011001
10110100010011010100010101101011
00000000010110110001011010110001
00001011001000111100000000001101
00000000000111010110110001111101
00001111000000000110000011111001
00000000011000101011010100000010
00101100010110111101000110000110
00000000000001001101101111000100
10100011010000110001100111111011
00000000010001000100000101010011
11010001011101010001110110001100
00000000000101101101100000100110
00100111101101101011001110000110
00000000001100100000110101110101
10100000010100010011000000001100
00000000011111011101001101001110
10000001100111111011110011101110
00000000000110000111100011010000
01010011110001010111001000100011
00000000010001001111110111001100
11100111001010011011011010101011
00000000001111111010001100001100
00111100101111010111001110111111
00000000010001110100100101101001
01010010100011111010011001111111
00000000001101111110110110100111
11110101100010011100011011000111
00000000001101010110111010001110
01000100100100101100000001101101
00000000000101101110111101110111
01011101010111010010101110001110
00000000011010100110010010101111
00100100000100100110101001011101
00000000010100101001000010111011
00111110011111111101011100100100
00000000011101111001101010110101
11100100001100010010010010011011
00000000000111111101110110001011
00101111110111010101011110100000
00000000010010100001101110001111
00110001101001100001011001011011
00000000011101101000010000011001
10000110100101111101101100000011
00000000001000101110010110010100
11100001100100110010110010000010
00000000011001000100111100011110
10111110110000010111101111100101
00000000010001010101001111110110
10110011110110100010001111110110
00000000001001010000000011110000
10100111111100110100101101000010
00000000011110110101001110110110
01111001101010010110011110010111
00000000010001000111111100010100
01011100111011001011010100111100
00000000001011001001110010100101
00001011101010100010011011000110
00000000011110000110110100010011
10000000101011101010010111111000
00000000011111001011011011010001
11010011011010001000101100000001
00000000011010000101000111000000
11011110110100110101111011111100
00000000001111010111011001010110
00101111011010101010010001001110
00000000000010110110110100111100
00011101101001000111101110110010
00000000001010110011110110111100
01110010010110111000110011010100
00000000010011100100001011011011
01001100001011011001111000101111
00000000001000100100001001110100
10000110101110010111001111100011
00000000000001110100100111011100
10000011110100110010000111010010
00000000001001111100000011010100
11111101000011110101000111110011
00000000001110111100101110110010
10110011111001111100100000111101
00000000011010110011101010011000
01010000010001000101010001010011
00000000011001011111100101000110
11100000100010100100100101111000
00000000011000011011001000000101
10100010100011011111111100001100
00000000000110111010010001010101
00101001011011001010010110101010
00000000001000011010110101100001
10010010101011000001100010100111
00000000000100000100000101100100
11101011111000100010000000000100
00000000010000000110001100000111
11000001100010101001111001100011
00000000010100010101011001010011
10100001101110111101101001001100
00000000000010100000001000001011
11011011010100101100111000111111
00000000010011011011000110010000
11010100011000110110000101001111
00000000000000011111101011110000
10000000000101001101100110000111
00000000000001010100101001001000
11111100111010011000110111010100
00000000011001010001101001101100
01010000000010010101101100001010
00000000010101010011100011100011
11101011011000001111100011111110
00000000011111001010001100011010
10000110000010010001110100010110
00000000000011101000100111110001
01011000001111011110111110101100
00000000000000000000000111100111
11011110011010011001110000110000
00000000000110110010111101001101
10110111010110111011000010000111
00000000011111101001110110011100
11100101011001010010011100000000
00000000000111100001000000110011
00110101000100110111110101110001
00000000011101101010010000010011
01110100101101100001000001111011
00000000010011100111111000011101
11011001011010001101001011101111
00000000010001101100100110101111
10100011111000101000011100000000
00000000011100010111000111100000
00100111001000101011100001000000
00000000011101111001011100000100
11111001110101111100010100101111
00000000011011010000100011010100
01001000011110010110110000010011
00000000001000000111111000110000
00101011011011000100000101000010
00000000010001101110001000010010
10010010011011100101011000101011
00000000001111000101101000010110
00110001010011111110101101011000
00000000010011000111011111010001
10000101110000011101011101101010
00000000011111100100011100110010
01101111000000111100011100101110
00000000001100101011111010001001
01110101011111111100110000100110
00000000011110101101011111011110
01111010001100000110100010101100
00000000011001101011001000000000
01111011010011111111001011111011
00000000011011010101100011011100
11011001101110101010000110011001
00000000011001100101011000010110
01010000011001100100111111101110
00000000001110101110001110010011
01100001010110100110011111100111
00000000010110000010000010011011
00010000011100010010101000001110
00000000000000011111000101101000
11010110101111010101001101110011
00000000010101011101100100010110
00000101000000110110010101010000
00000000010011011010011000011011
11111001110001111000011001111011
00000000000110001101010100010010
00110010111101011110000000101010
00000000010111011011100110111101
11010001101010111001001001010001
00000000001011101001001010011101
00000011011000000001110101011101
00000000011101100010000101011010
00001001111110100101010111101110
00000000001101001000001110101100
00111101101100000010000010111000
00000000000010000111011011001101
01101100000110001101100000010010
00000000010000011110110000001100
11110101010011000000111110000101
00000000000100110000101110100011
00110010111101000100011100001001
00000000011111100100101000110011
00110110110101101010001110110000
00000000001001110111000010011011
01101010011111101000000111111111
00000000000110110010110001110100
01010010010011001111000101010100
00000000000110110010001110000010
00000001000111110000011101101000
00000000000001100100101100010010
00011011100110100001010110111101
00000000010010111010000100000100
01001010000100101100101000100001
00000000000101110100011011010000
00011100011111101110101011100111
00000000011001110101000001110001
00000110011000001100101111011010
00000000001001101100111100010001
01011101010110110110100000110100
00000000000111111111000001011111
11111000100001100001010100000100
00000000010000100011000100000110
11001010001010001100001001000000
00000000010000001011000110011101
11011011101011001100111101111100
00000000011100011011111010100101
11000110111100110100010100101111
00000000010010111010001001001110
00100101011111110011011001110100
00000000000111010011010011001011
01100010110001011100000100011001
00000000001111110111001111011101
10000110001010101000110001100100
00000000001011101000010110000010
11000111100000011001000100000010
00000000000010011101001011110011
10101101010101110001110010001000
00000000010101000000101101111101
00010001100001000001111011011101
00000000000110010011011001100110
00011110011111010001000100110110
00000000011011110001001111110001
10010011110000100001101011101111
00000000011111010110000011001011
00111011011101110010100000001110
00000000001011100111100010000111
10100101000010011010111110000010
00000000011011101001101111100111
10011110010001111111001110000000
00000000010001111101011001010011
00001111100100100011000101010010
00000000010010011111111110100110
00000001101100001010111011010110
00000000011101101100111101100000
10110110111010010011101000011110
00000000011101011101111101101001
10000011101100101110101011111100
00000000000011001101100010011011
10011110100100111010011111110010
00000000000101010000010100100000
11101111011000100000111100111011
00000000011000011111101000111000
10010101011111010011100000010011
00000000011000100100010000001100
01000000100010011011001100000011
00000000001011110010000100001000
10000100001110110111101011100001
00000000011111000110001001001100
00011010101011111011000110000010
00000000010010100111011111000001
00011100001111110001000010100110
00000000001100010001111000101000
10110111001101111111110101001110
00000000000010000101110001000111
00001100101010101011101001010011
00000000010010101011010100010011
11110000001101111010011000000011
00000000010000100010011011000011
01001011110001110110110110001111
00000000001110000001101010011010
01011001101001110000001100101010
00000000011110100010000011110000
11011110000000101001001100000101
00000000000111010100011101111100
01110001110000000101000110000110
00000000010101111001011011011001
10010100001001000101111010000110
00000000000111000111100111110001
00101000011001011111110011010001
00000000010000110010010001101111
11000000100110010010010010110011
00000000000100110101000000100000
00011110100001111100010111100010
00000000011001111111000100011011
10011101110001101000100101000000
00000000010010110100001110101000
01001001100000011101101000111001
00000000010001100001110011110100
00111011001000101011100001000000
00000000011111011100010111100100
00010001000110010111101001101010
00000000010111000001000001100100
00100101010100011010010110101110
00000000001000010000010101011110
10101111000110011001111111101101
00000000001100110110001110100100
01110101110000101011100100001001
00000000001101110111011001110100
00101001001001111000111101100100
00000000001101110011011110101101
11100110001011101101101110100101
00000000011001011101001001011000
00111101110111010011101000100110
00000000000001100010010000011110
01000000111100111101100101010110
00000000000111110110101001100011
10111010000010100000001111101101
00000000010111100110101110010000
00110100101100100100010001101001
00000000000110010101010001010101
00010111110000101100110001000101
00000000011110101000101100100000
01111010101100000000000001000101
00000000011111001100010010101101
10100001111000001101111100100101
00000000001111000011000100011001
10000111110010001011111011011000
00000000001100110101001000001111
00010010010110111101100010111000
00000000010101100010111100101110
10100111111000010110000000010101
00000000001110100100001101000100
00110000100101111100111010111100
00000000000000010000011010101001
01001010000111010111011100101111
00000000011000000000010100110101
00111110001101100110111110010100
00000000001010011010011101101110
10011010111111000101111010010010
00000000000010001110000110011001
01111010101011010000000001101001
00000000001110110000010010110101
10010010100010000001001101100110
00000000000001010110101011001000
00101011000010011011011110101101
00000000010000010001111000111100
11001011001011110101011101001110
00000000000101000100100100100011
00000001110000000010110100111110
00000000000011110000101110000001
11101001100110010101001000010101
00000000011011000011011000100101
11101000011110010011011100111010
00000000001110100111110001101101
10010101111001001111101011110011
00000000000101100000111011101111
10010111110101111100101010011011
00000000001001000000110000000111
10101011000000111101011000000000
00000000000010111100010100000011
00011101110110110111111100010001
00000000010110111110010010100001
11001101000011001110011000011011
00000000000011010010010101110101
01101110011010101100100111101010
00000000000000111001010100011010
00100110101111110110110110001100
00000000010101110101110101001111
11000001011000010110110000111100
00000000000011110110101101000000
00101000110100010101000001101110
00000000001110111010111011100100
01000111101101111010100100000011
00000000000101000010011100101111
01111100110010011011101100001110
00000000011110001010001000100111
10000010100100000010101101111010
00000000011000111111011001100111
10101100111110001011010001110101
00000000011010110011010001101101
01000110010100111000111110000010
00000000001001100001010100010100
01101001010011001110110111010000
00000000011011101111111001100011
11110010100111111100000010110010
00000000010000101110111110000100
11110100110111011101011100110110
00000000001011001111101000010111
10101101100100011011001000101111
00000000010110100101110111000000
11001010011010101000011011011010
00000000011001010011001011010100
10011110001100101011111110101011
00000000000011101110101101100101
01100110011011010100010010100001
00000000001100111001010000101111
01010010111101101101110001110000
00000000001111111010101111001010
10111000101001110101001011010100
00000000001100100000000000100000
11110110101001111111110100010010
00000000000010110000000000010001
11011100001110010110000001100110
00000000000001001001111000111011
01101111101111011101101110110000
00000000001110111100111011111100
00100100111110001101101110000010
00000000000101110001001001011100
00101001001001010010111011111011
00000000001000010000110100101000
11000111011000100001001111100101
00000000001101010011011011110110
11101101110011100100000110111000
00000000001111100111000101100001
00001011100101000011110111110001
00000000001100010101110011101110
01001001001101000011110001011101
00000000001001101000100011111111
10111010110000011100101111011010
00000000011100000111001111110111
10101010100010010111111000100101
00000000010010011111100100000111
10100010001101100110101100000110
00000000010010011101000000110010
11000110111100110100011111110010
00000000000011011001110001001101
11000000001100001001101000110010
00000000001101011111110011011100
10000011100011111010101001101000
00000000000110010111001100100011
01010010100010011101100101010101
00000000011101000011001011000101
10000011000100111001111110110011
00000000010100000100001001011111
11110100000100100010111111000000
00000000000000000000000011101000
10100000101101111010110100011100
00000000000011011101110001110010
11000100000001010110100001001100
00000000000111100110100100111010
00010000010001011100111011000011
00000000001001010010111011111101
01110110001011001010011101100111
00000000011011010100100001100001
10110110110000111001011111100101
00000000010100011001110111100110
10100100010010011100011011001011
00000000001101000111011100110000
10010010000000101011010011111110
00000000010100001111101101000011
01010010011110100010010000010011
00000000010010101000000001001010
11000101011010110111001110101111
00000000011011011110110010110011
11101011000100001101101100011111
00000000001100110010001011110010
11100111000111000000011000100101
00000000001000001010111101101100
11111100011101001000101110110101
00000000010011000010100111101101
10000001101111111110000101100101
00000000000011000011010101111100
00110110110010010110110110010010
00000000010000000110010011111110
00000010011010100001101011110111
00000000000111111101110101001100
01001000101011100001110111101101
00000000001100111101111110101110
10100000000001110110111111100110
00000000000111111011011110011110
00101111101000100100010011001110
00000000001111000011111110111001
10010011110011011110010001000101
00000000000111111100100101000011
00111101001000000110010110111110
00000000000000010110100011011011
10011111101011110001001011111100
00000000010111000110010000000100
01101101111111110100101111111011
00000000001100111100111111100111
11000001110001101011110101000101
00000000011100000001001101100011
11011111111011010111101001100110
00000000000101001100111111101110
01010110100111011111001010110011
00000000000101111001111110110010
00010101000100101110110010010000
00000000011111110010110000111101
00010011000101010001000000101011
00000000000000000100111110011111
10101100101111011011101000100101
00000000000110011111101011000010
11011111111000110011001001110101
00000000000001100000000001000000
01100010110101110101111001011111
00000000010011100101001100110011
11000110001111001110000110011001
00000000010110101011011010100100
00101010100100100010100000010001
00000000010001100000010011101100
10100111010110001011111111010001
00000000001011110101111101011010
11011111100101111011001011111111
00000000011101111100101101111111
01010011000110010101110011000011
00000000011110010101001010100100
01011000001001011110100100101000
00000000001000110101100101100111
00110111100000110001100001010011
00000000001101001001010110010111
10001011100010001001010000111111
00000000000010000011010011111100
01010110110001001000111011001010
00000000010010101110111000110001
01000110101001001001010011000000
00000000000111101111010101011010
10011101111010001010110100001001
00000000010011110111001111010000
11110000000110000101110101110100
00000000011011110111011110100100
11011100011001111100100110001111
00000000000110000111110100111001
10010001110011000011111110111001
00000000010111000010010110101011
01101000110101101110100101111111
00000000000010100111011110100100
01100111011011101101110001011011
00000000011011101100100011101101
01010010110101110011001011101110
00000000010000101101010011000110
11101010011101010011000001101101
00000000001100000111001110100011
01100110101011010010011000001011
00000000011001010000110011100000
00101000011000101011010000101000
00000000011010000010100001010110
11111011111110000011110110100100
00000000000101111111100011110011
11010100001110010111000001111101
00000000001100100010110111100110
01100100111010111011011100000101
00000000010000110110010111111010
10001011011010010111001100100011
00000000010110010100000011101111
10000100110000011001101110110000
00000000001100101110111111011000
11110011011001011110010000000111
00000000010010010010100000111110
11011010110100011010101100001101
00000000010111101011101000001101
00001101000000001111110000100111
00000000010011111011110000011000
01100011111110110010001100001101
00000000001011101100100110110111
10111111010000101100011010011001
00000000011001110000100100000001
00010010101111100111110010001110
00000000010001100100010001110101
11101010010111010001000011111001
00000000000001000001001001010011
10111101100010010011110011001110
00000000000001101000110100110110
00000000110011110010110111111000
00000000011001011001100111110001
11010100010110111100010100011000
00000000011010101101111000101000
00000111111111100010110010011011
00000000000011000101101100101011
11101000010101101110111110100111
00000000010111101100010100111101
00101100011101111010101011100011
00000000011110111110001100011001
11000101000011100011100011001111
00000000000101001001100101001101
10101101101001111110101010110001
00000000011101111111110000111000
11111110100101101011011010111010
00000000001111101101011010010001
01111001110011011100000011001001
00000000000110010001110101111111
00010111110010010010111100010010
00000000001011111000101111010011
01011100101100101011010011000110
00000000011011110101110111001000
00110110110110011000111001111001
00000000010001000111011000101111
01001111101000000110010101111111
00000000010001111100101100100001
11011100000010101101000010101110
00000000000101100110001100010010
00110001011001101110111001011000
00000000011110000000101100100101
10011010011110100101001100111010
00000000000000010011010110011010
11000000101100001000010010011000
00000000001011110011100000011011
10101001110111000011001111000100
00000000000100011110101011111011
10111001010101110110110110100111
00000000001011100011001000101001
11100001010000010111110010011110
00000000011101110110011101111111
10100101101000000011010101100001
00000000001011001111010011011110
10010010100011001001110100111011
00000000010110001100110000101010
01010100110101101001010011001010
00000000011101101000010001110001
10101010100110000110100100000001
00000000000101110001010110101000
01101010000011000010111010000100
00000000001010100011011001001010
10111100011100001100011001010001
00000000000100001001000100011101
00001000000101101101110001010101
00000000010101011001100001101111
00101101000111000000110101101111
00000000001111100101100001100110
01110100100110000001011100000001
00000000011011010001001001011000
11101011111111000011011100010100
00000000011001001100111110010011
10101111000101000101110100001110
00000000000010010101000001110000
10101110001011011111111100010101
00000000010001101100100110110101
10111000110000111010110001111001
00000000010001011100011111101000
10000100101111001111001001011100
00000000000101000011100010001101
00001111001111101010100110111000
00000000010010111010111110111100
10011101000011100110011101110111
00000000010000011011101101100010
00101010110011110110001101011010
00000000010110010011010010000111
11110110100000100010011011001010
00000000010100110101100110000111
01100001111101010011001011100000
00000000000101011000001101110001
10010111011001110101101011110010
00000000011010011010111010011011
11001100011111000010010011100110
00000000000101111100001111011100
00000111011101010001011111101001
00000000010000001010100101111110
10000111011101011101110100000000
00000000000110011001101001100111
10110010011000101011011101100100
00000000000100001101110011100010
10100101010001010000101110011011
00000000001111101100000000111110
01110001010001000110100001011001
00000000000111100001110000111101
01011001000011111100100001101000
00000000001000101110010101111111
10001101001010110011101110010110
00000000000011110011110000110010
01110011110011111010001001101010
00000000010101100111110101100001
10111100000101100000111000100011
00000000010001100000110011111111
11001101101100111110000010011110
00000000011011100100100001111000
11010111100010111111110101011010
00000000000001011000001000101101
00110000001000001110100011110110
00000000011110111010101110011000
11101011110101111100001010110000
00000000011110001010110101001001
11100010010101111010001110101110
00000000000101101101101001010001
11100111000001110110011110101101
00000000000110010010000010001101
10001111011100101100110010111101
00000000010110001001001100111111
00101101000110101011011000010010
00000000010101111100111000100101
10101000001110010100000100000001
00000000000101101100011110101010
11010001101111010000101001100100
00000000000100010110001100011110
11111001010000110110101000101101
00000000010010011001110101000000
00000011100100111110100011011110
00000000001010010100101110010101
00010000101011100101010101110001
00000000010110001110001111011010
10010000011011001111001100010000
00000000000100100110010000011110
10010100010111111000010111001101
00000000010100111011110101010100
10010011110101111011111001110000
00000000001001110110001100110011
10001100100100100100000001101101
00000000001100000101100111101010
01010001110101011001011010110110
00000000011110110000001000110110
10100000000000110100011000001000
00000000001101001000000010011111
10101100111110100111001101001111
00000000010101110000110011101111
11101011011111001100111011110000
00000000011110011110011000010011
00000010100010010011100111000101
00000000011110101110000110001010
11100110101110011110101101000000
00000000000100111000010011010011
00001011111000101010011111111010
00000000011110101110011100011011
11011110100101000001100001101111
00000000001110111000100000101101
00111010000100101101111000001011
00000000010100001100011111101101
00010101111010010100101101101011
00000000010000101000101011000000
10100110100100111110001111001010
00000000011111011011100011001011
10010011111011000010000000110010
00000000000100111010010101110001
00011010001100101010011101101011
00000000010001011000011101001011
10001111011000010011000010001010
00000000001011100110110101100111
00110011100101001010011000010111
00000000010010101011011111011100
10010000010111100001100100000010
00000000011010110100110101001100
10010110000100010001100010010101
00000000011010000000010110011010
00010010101111101111011111010000
00000000001000010000111100000000
10101111111100111101111100001111
00000000001011110010001100010010
00110100111100110011111101110111
00000000001100111101011111101100
11010000001000001001101110100010
00000000011101100010110110000001
11111100111010111111010000000100
00000000000001010000000110101110
10101101111010011111100101101001
00000000011010010000110111111111
10101111101000100001001000001100
00000000000111100001011010100000
01010001111101010110111100011110
00000000010011011111001101101001
10100101010010111111000001111101
00000000001000110010101000000110
10010011111101000010101000010000
00000000010100011011000110001100
00000100111001000101000000011110
00000000011001000110011010111010
11011101101001010100111101111000
00000000011111101101000011110000
11100111111000011100111010101100
00000000001100001111001001011010
10101010000111111110110001110110
00000000011110000000000100110111
11100101010100111100110101000001
00000000000000101100110010110110
00101011001100001111100000100011
00000000001000001101101100110001
01011110111001011100100110000000
00000000011110000111110111011100
01010000110010111101001111101001
00000000000001000010101101011100
10000100110001111001110010100000
00000000001101100111010100010000
01010101000010101001100001010111
00000000011000010000001110000000
10010010111101001110001011101001
00000000011001011001101001001001
01100001101101110011101100100100
00000000000011011110100010001000
10000000010101101000110011011100
00000000010111011011111011101110
11010101100100101101101101110001
00000000000010111111101101110110
00100100011110101101000100110010
00000000000010101101100100111000
00111011100101010110010110011111
00000000001111000111110100011011
01100011111111001001000010011100
00000000011010111010001011000111
00010100001101000010101011001110
00000000001110101110101001111101
10000110100100010111100001011001
00000000000111011011001000001100
10011111101000000111000000011001
00000000000000010111010011011100
01111011000101001000010011011001
00000000010100001101100110111110
10001010110010111010011111111001
00000000011010110010100001001011
00101110010001111010010011101000
00000000000011011001010001111110
01001100000011001101000111011011
00000000011101011101110111001110
10000110010001011010000111110110
00000000000101111101100010101001
10001101000110100110110101101010
00000000000000011101110010001001
11111000000110110001110101101001
00000000011000001010001100110010
11111000100111111011011100000110
00000000001011111010010101001100
00101110000100001010001010001110
00000000010000100010010000100101
10101100111011001011100110001110
00000000001011010111001000111010
10101111101000110110101010001110
00000000011001001100110000110010
11011101011110000010110010101110
00000000011001000011101001001010
00001000101101011010100101100101
00000000010100100010110001000101
00011001101011100100110110100101
00000000010001011100000011100100
10110010111110100001101011000001
00000000000011100100001100001111
01011111100000100000001101001110
00000000000111010010100010000110
10100011111100010000100100000011
00000000011011110111011010100001
01111100110111100110000101110101
00000000010100001011100001001110
10001010011011110001001011011111
00000000011101000100011100001000
00010111001000101000100100000011
00000000001110111100001110001001
11001111111011001100010000011110
00000000001000111100110001110111
01100010001010111010000100101101
00000000000000110100111110000000
00001101110111010110101110100000
00000000001100101010001000001001
11000000100011110101111100001000
00000000011111000101000011010111
00011000111101000111001100111101
00000000011111000001001110010111
00001011111101100111110100011010
00000000010100001011000001000111
10101110010011101100000111001110
00000000001001010010011001101011
11110100111010010110010001000000
00000000000010100100101110111100
00000111111010111011001111110011
00000000000001001000110111010100
10111111011010001101001110111010
00000000010100011000110010010101
01100000100111000001101110101011
00000000000110000100010010011100
11100100011110011011000001101001
00000000001001111110010010001110
11100010100101110111110011010111
00000000010000111111101010110100
10010000010000010100000110101101
00000000000001111011100101110011
11111001000100010000101001001101
00000000011000100000101111001101
11100000100111101100100010101000
00000000001011110101111001011000
01001100110110010000011111010100
00000000001101011100110111000011
01111100101011010000011001000101
00000000011011010011011110011111
11110110101000110001010111011000
00000000001011101110110101001000
00010011110100110101000000000001
00000000000011000010111111111110
11100001010101011110100110101010
00000000000111110111011010111100
11010011110001100001101101000011
00000000011011011011000101111001
11001100001110111000010001011110
00000000001101000001000001110000
01001010010010110001111001111011
00000000011000111000000111100011
01100100001110110101001010111001
00000000000010000010110111000111
01000100011100111110111100110100
00000000010010101110011110010111
01101001111100110010110001011110
00000000010111010011000101101101
11001110111111100000110111000101
00000000000111001111100100110010
01000110101011101000111110000011
00000000001000001100100000011011
11011011101100010000000111010110
00000000001111000010000100110101
01011011011100011100010101111100
00000000001001000111101010011000
00001000110110111011111011010010
00000000000000000111000001001011
01111010010100001001011001011011
00000000010001010001110001100100
00111101011011111010001011100100
00000000001110100000101101010001
01001000101111101110000011010101
00000000001101000100110001111011
10011110011011101011111011010101
00000000011010110111101101001000
11101111101100111110110100101110
00000000010101101001110111000000
11100110101111101100101111010111
00000000001110111010111101000011
00000000100100111100101000010001
00000000010101010100110000101110
01000100100100000011001011110011
00000000011101011011001001100000
10101011010100000101000100011100
00000000010010101010110101111000
11110001111011010001101110100111
00000000001110110000101111100011
00101011001000001100110000000000
00000000011101100111010100111110
00011101100101111000111010010111
00000000011111001110100000010101
00100111001001110100101011011001
00000000010100010110110110001011
11101101010111101110101000101100
00000000010010010011001011111101
01000101001011011011011011011011
00000000000001110111000010101101
00010000110001100110101101101100
00000000011011110010101111001010
00110101011101010100110101101101
00000000011101000001011100011100
00000001100110101010001100000001
00000000000101011111010111010101
10010111101000000110010010011110
00000000010101110010111001111100
00001101111011111110101110110011
00000000010110000111111110111001
00011100011110100011111010100000
00000000011101011100011100001111
10110100111010000000101110010010
00000000000001100001101001000100
11110100011011110011001011100001
00000000000101010101010100010111
00000000100100110100010110100001
00000000010000011010001001101001
00010000110111010111101111110110
00000000001000100010101110100100
00100110111111111101000010011011
00000000011011101101110011110101
01000110000011011100101110000111
00000000000101110010110110010110
11110100010000010010100011001000
00000000000111101111000101101101
10110010001010001000000110011111
00000000000010110101011111110111
10011101001101000000111100010101
00000000000010000000100001110010
10100111111100010111100001010000
00000000001110111111111100111101
11111111011100111001100101111011
00000000010110110101000100110110
10000011101101101011010011010100
00000000001001101000101001010000
10101101010100110000110000011101
00000000001010111101101110100000
11111110101100111110111100010001
00000000000101001010100100011111
11110011011011110011001110010010
00000000001101111111000111000101
11000110110011110110111000101000
00000000011110011110101111001010
00011101101010101101000000010011
00000000001101110110011000010000
10111110011001000000000111000101
00000000001010010101000100100101
01011110111000100011010101011111
00000000010100110010011010000010
11011010000101100101101001010110
