01111111110000000000000000010011
01111111110000000000000000010011
01111111110000000000000000010011
00110101010000000010111000100111
00000001110101110000111010110011
11010010000000000010111000000011
01000000011111001000011100110011
00000000010000100001010000110011
00001001101110110000011001010011
10011110100000000000001000010011
00000000011010111010011010110011
00001000110000100000001101010011
00000001000111001101010000110011
00111111101100000010001000100111
00000001101101100101100110110011
00000000100000010010101110110011
01010001101000000010111000100111
11110010111100000010001000100011
10001100010000000010011010000011
00001001000000110000110101010011
00000000110110000010111110110011
00001001111111100000000101010011
00000001110001011001000110110011
00000000001011000000101101010011
10100111000000000010100110000011
11111011001100000010101000100111
11100011101100000010011000100111
00000000000011100000011110110011
01111101100100000010100000100011
00001000110010111000011011010011
00001100010000000010111110000111
10010010010000000010000000100111
00000001000000010010000100110011
00000001001011000000100110110011
00000000011001111000011001010011
00000000111101010000110000110011
10100000001000100001010101010011
00000001101101010000101100110011
00000000010101000010000100110011
00000001110100100000100110110011
11000001000000000010111000100011
01111111000100000010100000100111
11111001000000000010111000100011
11100000000000110000100001010011
00000001110001001001111000110011
00000000001110111001010100110011
00000001010001100001111010110011
00001000111110111000011101010011
00000000000111111101110110110011
11111010001100000010101000100111
10100001110011111001011001010011
10100001110000000010001010000111
00000001101110000010001100110011
00000000111101001000101110110011
00110011010100000010111000100111
00011011000000000000100100010011
10100111000000000000011010010011
00001000001000111000010011010011
11100000000000010000100111010011
10100000111110000001110101010011
01101010100100000010100000100111
10100001100000100001001101010011
00001000110001000000010011010011
11110100000000000010011000100011
11100000000000010000111111010011
00000000001111101010011100110011
01000000110110101000110000110011
11100000100000000010110010000111
10111011110000000000011000010011
00000000010101001010010000110011
00000000110100101000111110110011
11100000000011100000100101010011
01000000100100101000101100110011
01100000011100000010001000100111
00001000010111001000101111010011
10100000100000000010100010000011
10001101010100000010111000100111
10100001001101110001110101010011
00000001010011010101100100110011
00000000001111010101111000110011
11000101000100000010111000100011
00001001011010110000011111010011
00001001110000001000100101010011
00000001001100011101011110110011
10010101000000000000000010010011
00000000010011010001111010110011
00000001111000011000011011010011
00101010110000000000001000010011
00000000000000101010000010110011
01101000010000000010001000100111
10011100000000000010110100000011
00001001101000111000111001010011
10110100100000000010000110000011
00000001111001101000100010110011
11100000000000000010111110000011
11111011010000000010000110000111
00000000010101101000010111010011
00000001110000111001011100110011
00000001100100000001110100110011
10000001010000000010000010000011
00000001111011000000110110110011
10100000010011101001011011010011
01100111011100000010001000100011
00000001001110001101110100110011
01000001000111111000100010110011
10111100010000000010101000100011
10100000111100010001000101010011
00000000111000101101100110110011
01011001010100000010111000100011
01000000100110010000101100110011
11111010000000000010101010000111
10100110100000000010100000000111
00111100010000000010010010000111
00000000000001110000011101010011
00000001100000001101101000110011
00000000101110111000010000110011
00000001011011100010111100110011
10100001001000111001110111010011
10101011101000000010000000100011
00000001100000011010110010110011
11100000000010000000100001010011
00001001101110101000010011010011
11001001000000000010011000000111
01011001101000000010100000100011
10100001100001011001100101010011
01000000100000100000101000110011
01111000000000000010111110000111
10111001000000000010011100000011
00101101010000000010100110000111
00000001010110011010011110110011
00000000010001100010110000110011
00001001001010110000110111010011
11111000001000000010111000100111
11100000000000100000000101010011
11100110101100000010100000100011
00000001000010101000100011010011
00000000100011110101010110110011
01000000001110010000110010110011
01010101100100000010101000100111
00000000111101011000111111010011
00000000110100100000101110110011
00001001111010000000001111010011
01000011110000000010101100000111
01101010010000000000010110010011
11100001111000000010001000100111
10100000001011111001000011010011
10010101110000000010001000000111
11100000000010110000111101010011
11101110100000000010010000000011
01000000111010000000001010110011
01001000010000000010111010000111
00000001101101100010100100110011
11110101110000000010011000100111
11100000000011111000011011010011
11011000110000000010010000000111
00110001010000000010110000100011
11100000000001101000010101010011
00000000011110100001001100110011
10100001111000111001101111010011
11100000000001000000001001010011
01010011111100000010011000100111
00000000111001000010110010110011
00000001010110111010111000110011
01000000010111010000110110110011
00000001100100101010001010110011
01000001000111100000101010110011
11010001110000000010101000000111
00000000010010110010010110110011
00000000100011100000010110110011
10110111010000000010111000100111
01000000110110001000101000110011
00000000010010111010111110110011
01000000100100101000100110110011
01000000010001101000011010110011
01000001100100000010000000100011
11001010100100000010101000100111
11000000111100000010111000100111
00000001111000000000110010110011
11100000000010011000100011010011
11111001110000000010111000100011
00000000000001111001101100110011
01000001111001100000001000110011
00110100101100000010001000100011
10100100100000000010101110000111
10010010000000000000011110010011
00000001000011111000101011010011
00001101100000000010011100000011
10111111100000000000011100010011
00000000100101111101111010110011
00000001100111110010110100110011
00000001110101110000110000110011
00000001011011001000001011010011
01110101010000000010000010000011
10100000011010000001011001010011
11100000000000001000001111010011
00000000010000010101010110110011
00000000010011000000001001010011
00000000001010100000011111010011
01111000000000000010010000100011
01010010010000000010110000100111
10111110111000000010110000100111
00000001000011110101111100110011
00000000000101100000110010110011
01010111000000000000101100010011
11100000000001111000000011010011
10100000110001101001011101010011
00001000101101110000011001010011
10001110000000000000001000010011
00000001111001000010101010110011
00000000001100111001110010110011
01000000000000000000010010110011
11100000000011101000111011010011
10100001111110000001111111010011
01000010000000000010000110000111
00000001101111001000000010110011
00001001001001101000101011010011
10100001100101011001011011010011
00000001111011000010100100110011
00000000101110111010100010110011
00001010100000000010110010000111
01110111110000000000110000010011
00001110110100000010011000100011
00011000110000000010101110000111
00000001110111100101011010110011
00000000110011011101111000110011
00001110010000000000100000010011
11100000000000001000101001010011
01111010100000000000001100010011
00001001011100100000001111010011
01011100100000000000111110010011
00001000001110100000101101010011
00000000010100100101101010110011
00011110110000000010100000100011
00000000010001101001111000110011
00101100001000000010001000100011
00111010101100000010010000100011
00000000001000001000011011010011
00000001100000000001011100110011
01000001110111011000110010110011
00000000111110011000001111010011
00000001110001000010001110110011
11100100111000000010100000100111
10100001001111010001111001010011
11101010110000000010100100000111
01000000100101111000000100110011
00000000110100010000010110110011
01000000111011110000111000110011
00000000111010000010100000110011
00110001000000000010000110000111
10100001001101010001101111010011
00000000000110010001110110110011
00000000000111101010001010110011
00000000001001010101000110110011
00000000111101011001100000110011
00000001110110110001010010110011
00100001110000000010110110000111
10111101101000000010011000100111
10100001010110001001110001010011
01000001111110101000111000110011
01100111110000000000110010010011
11000101100000000010001000000011
00000000001100000001101000110011
10100000000111000001010111010011
00101000000000000000101010010011
00000000110000010010110100110011
10010011110000000000110000010011
00000001000010011101010000110011
00000000011110011000100001010011
01000000000101000000000010110011
10110011110000000010111100000111
00001000000011111000101111010011
11100000000010001000011111010011
10110111000000000010111100000011
00000000100001111000101010110011
00000001010111101001111000110011
10100001110010111001111011010011
00000001101001010000100111010011
10100000110110011001010011010011
01000001001101100000111000110011
10010001010000000000100010010011
11100000000011001000110011010011
00000001010001101000100011010011
11001111000000000000010100010011
10100000011100110001000101010011
11001100000000000010110000000011
00111100101100000010100000100111
10100000010001101001010001010011
00100100100000000010000110000111
01000111100000000000001110010011
00011111110000000000010110010011
01101011010000000000010000010011
00000010110000000010011000100111
11111100110000000010010110000111
10100001101100010001110111010011
00000000111000110000100011010011
00000000000001001000100110110011
00000001001100000000110110110011
11100000000010010000001101010011
01001001111000000010101000100111
00000000000111001001001010110011
10001111110000000000011110010011
00001001011001110000001101010011
11100000000010100000110111010011
11100000000001001000000111010011
01000000110111101000111110110011
00000000100101000000010011010011
11100000000000100000110001010011
00010101110000000010100110000111
10100000010000111001111111010011
01101000011100000010001000100111
01000000110000000000111100010011
00000000011001001000110000110011
00000000011000010001001010110011
11101111000000000010011010000111
00001001100101000000000111010011
10100001110111111001000111010011
11010000000000000010100110000011
00000000110000001001001000110011
00000000101110110000001000110011
10110011000100000010111000100111
00000001101100001001110000110011
01101011010000000010101110000011
00001000011110011000011011010011
00101000110000000010110000100011
11000100100000000000011000010011
01000000101011111000111100110011
11100000000000000000110011010011
10100001011101100001001001010011
10110000001100000010101000100011
10110011001100000010011000100111
00000000111000011000101100110011
11100000000001101000100101010011
00000000010000000000101100110011
01011111101100000010000000100111
00110100110100000010011000100111
11100000000000110000010111010011
11010011010000000000110000010011
10110001110000000010011010000011
11100001011000000010010000100011
11100000000000011000110011010011
00101011010000000000001010010011
11111110101100000010010000100011
10100111000100000010101000100011
00000000101010000000110000110011
00001001111100100000111111010011
10010111110000000010110000100011
00000001011111011000010001010011
01101001100000000000011000010011
01000001100101100000110100110011
01000000101111000000010000110011
10100000010001011001100111010011
00000000000110010000101100110011
00000000100111001010101100110011
10101010101100000010011000100011
00000001101100100000100011010011
11111000110000000000001100010011
01000000110111001000000110110011
01000000100111000000000100110011
01000000101001000000000010110011
00000001101000000001101100110011
10111100100000000010110000000111
01111000010100000010101000100111
00000001110011111001100110110011
01000001111000001000011100110011
01000110100000000010001100000111
10001100100000000010100000000111
01101111011100000010010000100011
01000000110111011000110100110011
00000001111101110000001010110011
00000001000111100000010100110011
10100000010011010001110111010011
00000001001100000001011000110011
01101110100000000010100100000011
00101001101100000010100000100111
01001100010000000010010100000011
10101000111100000010010000100111
00010000110000000000011100010011
11011011010000000010011110000011
11111111000000000010010000000111
10100000000100111001001001010011
00010001110000000010100110000011
11100000000001101000100001010011
11100000000001000000001001010011
10100110000000000010111000100111
01100011001100000010001000100011
00000001101100000000100100110011
01000000111010000000101110110011
00000000100010110001010010110011
11100000000010001000110111010011
00111100000000000010010000100011
10011100111100000010001000100111
00000000100001010000110110110011
01000001101111011000101010110011
00000001010000110010111100110011
00000001001011101101110110110011
11100000000011000000110001010011
00000000011011000010111010110011
00000001111110011000010100110011
10011110011100000010000000100111
11101101010000000010011000000111
00000000101110000000001000110011
10000001001000000010011000100011
00000001110111000010100010110011
00100010000100000010011000100011
10011001000100000010001000100111
01000001010101011000101110110011
00000000100110011101010010110011
00111000110000000010010000100011
01111001000000000010000100000111
00000001100111110000111001010011
10011010011000000010011000100111
01011011000000000000011010010011
01000001100110010000100110110011
11100000110100000010001000100011
00000001110001111010100100110011
10100001010110100001111001010011
01000000010010100000001010110011
00000000001010001010100010110011
00000110110000000000101100010011
11100000000011100000101101010011
01000001010000000000110000110011
00100110110000000010010000000111
01000001111100000000011100110011
11111010000000000010010000000111
00000000100001101010100000110011
11000100000000000000001000010011
10100000001100011001101011010011
00001001001101010000100011010011
00000001100100100101000110110011
01000001111001110000000110110011
11100000000001100000101101010011
10100001001110001001000011010011
00001000001111010000110001010011
00000000110110001000101011010011
00000000101000001001000110110011
11100000000000001000000101010011
10100001011110010001100001010011
10010100010000000010110100000111
10100000000110101001010011010011
01101001111100000010010000100011
00110011010000000010011010000111
00000001001100100000010111010011
00000001100101110001101100110011
00001001111100010000011001010011
00000001001110101101110100110011
11011101110000000000011000010011
00000000000010111000010001010011
00000000010110000000010100110011
00000001110001100010010010110011
00000000001111110001001000110011
00000001001110001101111100110011
00000000001101101010001110110011
00000000011010001010011100110011
00000001100011110101000110110011
00001001010111110000101101010011
11100100000000000010100000100111
01000001001001111000101100110011
10011000110000000000011110010011
00000101001100000010111000100011
00000001010000000010101100110011
00000000111111000000000110110011
11100000000011001000100001010011
11100000000010001000000101010011
00000001000110010000010111010011
01111010000000000010000110000111
00010100110000000010100000100011
11100011010100000010000000100111
00000001001010111000010111010011
00000000111000100000110101010011
00000000011000110010111000110011
10101110000000000010100110000111
10100010110000000010111010000111
00010100010000000000011100010011
00000011110000000010011110000011
00101100000000000010110000100111
00000001011111100000011000110011
00000001100101000101000010110011
00000001100111001101111010110011
00000001000110101000010011010011
01000001100110011000001100110011
01100001110100000010100000100111
00000001101100000010001000100111
00000001110010110010001010110011
00000001000111111101110010110011
10100111110100000010010000100011
01001000100000000010010000000011
00001001000011111000001001010011
00000001011001100000101011010011
01000000111110110000001110110011
00000000000100010010010010110011
00001000010010000000011111010011
00000001110110000001010000110011
00000001110010001001010010110011
01000001111001011000111000110011
00000000011101010010001110110011
00001001011111101000000011010011
00110111011100000010011000100011
10100010000000000000001010010011
11100100100000000000110110010011
00000001111001101101111010110011
00111100000000000010101100000111
00000001100010111000000101010011
00000000101101100000111110110011
01101101100100000010001000100011
00000000100011000101000100110011
01100000101000000010101000100011
10000010010000000010011010000111
00000000111000001010110010110011
00000000010101001000011000110011
00000001100100011000101100110011
10001000010000000010000010000011
00001000000111001000000011010011
10100001110111100001101101010011
10101100110100000010111000100111
10010001110100000010011000100011
00000001000000010000001010110011
10111001101000000010011000100011
10111001100100000010111000100011
11111011110000000010110000000111
01000000111001101000011110110011
01000001100000000000110000110011
00000000100111111000101100110011
00000000000110100010110000110011
00000001011101101101010110110011
01100011100000000010110010000011
00000000100011001000001101010011
01001010111100000010101000100111
00000000110001100001100010110011
01100100100000000010111100000011
11100000000000010000011011010011
00001001110010001000100101010011
00000000011100011001011110110011
00100100110000000010000110000011
11100000000001000000100111010011
01101101000000000010101000100111
00000000111010110000010000110011
11100000000010000000011011010011
11100000000001000000101111010011
11100000000001100000101111010011
00000000011010010010110110110011
00000001000101010000100111010011
00000001001111111101100010110011
11101111110100000010001000100111
00011110000000000010110110000111
00000001111100010001001100110011
01000001100100001000111100110011
00011110101000000010000000100111
10110011010000000000100010010011
00000000000110011010111000110011
00000001101011111000110111010011
00000001000000010001010010110011
00111011101000000010101000100011
01000000101111111000011110110011
10100001110100000001111101010011
10110101010000000010110000000011
00000000100100100101100010110011
00000001101010010000010010110011
00000001011101101000101000110011
00000000111100011001001110110011
00000001000011010010011110110011
11100000000011100000111101010011
01000001101000010000000100110011
00000001110111100101001010110011
00000001011101010010111000110011
00000001110000000010101010110011
00001001101000011000111001010011
00001001101100101000100111010011
00000001011010111101011110110011
00000000101001010001100010110011
01100001010000000000001000010011
00000001011001100000100111010011
01101010001000000010000000100111
00000001111100000010001010110011
10100001001001011001100111010011
00001000110010111000110011010011
00000001001101011000011100110011
11010101100000000010000010000011
01110100100000000010001000000111
00110100100000000000100000010011
01111000011000000010011000100111
00000001110111000101010000110011
00000001010000110010010110110011
00000000000000101010001100110011
00000101000000000010101010000111
00111000010000000000100100010011
01111010000000000000100010010011
00000001010010100000100010110011
01000000101000010000010100110011
00101001100000000010000000100111
11111101101100000010000000100111
01110011100100000010101000100111
11100000000010110000010011010011
00011001011000000010000000100011
01000000011001011000101000110011
00000001010011000101101000110011
00000000010001101101111000110011
00011111110000000000100100010011
10100001000100110001000101010011
10100001111110011001000011010011
00000000011100101001000100110011
10110001110000000010110100000111
01000001000000000010110110000011
11010111100000000010001100000011
01000001101001010000110010110011
00000100100100000010101000100111
00000001100011010000110011010011
00000000000000111010110010110011
00000001001011001000011010110011
01101000100000000010110000100011
00000001011001100101100010110011
01110010010000000010001100000011
10100001000011100001100101010011
00000000000111110010010100110011
00000001001000100101010100110011
01000000111011001000000010110011
00000000010110000101000010110011
11110100000000000000001110010011
10100000111111010001110101010011
00000001000010100010010010110011
00000000010011001000001101010011
00000000011101011010011010110011
00000001000011100001001110110011
11100010011000000010000000100111
01000001111111011000001100110011
00000000100110000000010001010011
11111001110000000000101000010011
10101010000000000010110000100111
11111011111100000010101000100111
01000101010100000010011000100111
11001011110000000000001100010011
01001000011000000010001000100111
11110101010000000010110010000011
00110001100100000010111000100111
00000000111001101101001110110011
11001101010000000010010110000111
01110101100000000010011100000111
01000001001010101000001010110011
10100000011101110001000111010011
00000001110010100101100010110011
00000000111011101001001100110011
00000001111001101001000100110011
00000111010000000010101110000111
00000001001011001000110000110011
00000000001010111000111111010011
00000001000100101000000011010011
11000111001100000010101000100111
00001000101100110000110101010011
11100000000000100000001101010011
00000000001110001000001111010011
10100001001010000001011011010011
00000001101010110000010000110011
11100000000000010000100111010011
11100000000001011000001111010011
00110100010000000010000110000111
01000001010010000000100100110011
01000000101101011000001000110011
01000000011101011000100000110011
01000000001100010000110100110011
00000000001100110000011000110011
00000001000100111101101110110011
11100000000001010000111011010011
01111010010000000010000000100011
11001000110000000000010000010011
01000000100000011000101010110011
10000101110100000010111000100011
10100001010101110001111101010011
10101010100000000000001110010011
10011101010000000000000110010011
11010010010000000010110110000111
10100000110101110001110101010011
11001010000000000000101110010011
11100000000010011000010001010011
00000000110110001001100100110011
11010110010000000010100010000111
00001000110000000000011111010011
11101001100000000010111000100111
11100000000000010000001011010011
00000001111011011000001111010011
10100001010010000001110101010011
00000001101110110000011100110011
10100001111100000010011000100011
10100111110000000000110010010011
11000011101100000010101000100111
00000000111100001001000100110011
10100000110100110001110111010011
01000001110001100000100100110011
11100000000000010000110101010011
11100000000001001000010111010011
01000000101111001000011110110011
11100000000010001000001001010011
11100000000010001000000101010011
10110001100000000010100000000011
00000001010010000000111001010011
10100000001111001001111101010011
01101100000000000000100010010011
00001000011011000000001111010011
11100000000010011000000111010011
11100000000000000000011001010011
00000001111111110000110100110011
11010101010000000010001000100111
00000001111010001000101100110011
00000001010101001000001110110011
00000000100000000010101010110011
00000000100000100001000010110011
00000001101100001010011000110011
00000000010011011101111100110011
11001101100000000010100110000111
00001000110100101000101011010011
00001000010110100000101011010011
00001001100001010000111001010011
10100000100010101001010011010011
00110000000000000010010010000011
00000000100101100101111100110011
00000001111010111101001000110011
00000001001011000101110000110011
01000001110000000000001010010011
00001000111001111000001111010011
10100000110111100001010111010011
01001111100100000010000000100011
00000001001111011101100100110011
00000001010111110101011110110011
10100000010010010001110111010011
00000000100001000000100010110011
11100000000001000000101001010011
00000001011011000000100001010011
00000001111001100010001100110011
10111111000000000000100100010011
00001000011010110000100111010011
00000001001000101000101100110011
00000001100100010000000010110011
00000001011110010000100100110011
10100001011011110001101001010011
01001110100000000010000000100111
11011100100000000010010000100111
00000001110111110000001100110011
00001000010001110000110111010011
00000001100000001101001000110011
10100001001011000001110001010011
00001001010000101000110111010011
10000100111100000010010000100111
00000000000100101000110000110011
10010010011100000010000000100111
00000000110010101010111010110011
10100001100111100001000011010011
11011101100000000010010100000111
00000001001111111001010110110011
00000000100100101010100100110011
00000001110100001000110001010011
10001010011100000010000000100011
11111110110000000000011110010011
00011110000000000010101100000011
01110110101100000010000000100111
00001001011111100000001101010011
10100000100011111001010001010011
11001000100000000000101010010011
00111110100000000010111000000111
11101001010000000000000100010011
00000001101111111001001010110011
10100001001010000001010101010011
11010011110000000000110000010011
00000001110100111101111010110011
10001101010000000010001000100011
11101100101000000010011000100011
11001011010000000010001000000111
11100100100000000010110100000111
00000000010101101101111010110011
00001001000100100000101111010011
01100010000000000000101110010011
11101001110000000010100000000011
00000000001101011010100100110011
01101101100000000000000010010011
01000000000101111000001000110011
10100000110010111001011111010011
10111100010000000000110000010011
00001000011101011000101011010011
00000001110111110101001000110011
00000001011000000001100010110011
00001001000100111000111111010011
00001000100100100000011001010011
00000000011001001010100010110011
11101010000000000010110110000011
00000001110010111000100001010011
00000000011101110101010100110011
00000000000100111001001100110011
00000000011110010000010100110011
00000001010010011000111010110011
00111000111000000010010000100111
11101111100000000010001000100011
10000001000000000010101000100111
00000000110111101000101000110011
10100000011110000001000011010011
01111011010000000010110100000011
00001001111100100000011111010011
01000000100011000000110110110011
01000001111101100000001000110011
11100000000011110000000111010011
00000000111101001000101111010011
00000001001100111000000100110011
11011011001100000010011000100011
11101111000000000010001000100111
01101001010000000010010010000111
00110100000000000010110010000111
10101110000000000010001010000111
00000000110100011000101110110011
10110110011100000010011000100011
00000000101111010000111001010011
00000000101101111010100100110011
00000001111110101001101100110011
11100000000000101000111101010011
11100000000011100000101011010011
00000001111010010000011000110011
01010101010000000010000110000011
00000001000011111000110010110011
00000000001010101101110000110011
00001000110111110000100001010011
11000101101100000010100000100011
10000010010000000010111010000011
11110011010000000010001010000111
11111010000100000010010000100111
00000000001011101000010011010011
00000000100100010000010111010011
01001110110000000000111110010011
00001001000110110000010101010011
11001110111100000010000000100111
00000001011101111101011000110011
01000000111101111000011110110011
11100000000011000000100111010011
00000100000000000010001010000111
00001001101100011000100011010011
11010100000100000010010000100011
01100100010000000010000010000111
00000000010110011000110110110011
00000001101010001010110100110011
00000000101100011000100010110011
11100000000000001000110101010011
00000000110100100001100000110011
10100000010110011001111111010011
00011001000000000010000000100011
00000001110100010101001000110011
00000000000101111010011100110011
11100000000010011000010101010011
10100100010000000010100110000011
11000110110000000010100010000111
01010010010000000000110010010011
01000000110101011000111000110011
00000001001101101000001000110011
11101010001100000010001000100111
01001100011000000010111000100111
00001101010100000010110000100111
01001011100000000010101100000111
00000000000011100001100010110011
00000001001111001010000110110011
00000000010000101001110110110011
00000000001101010000100101010011
10000011110000000000110100010011
00100000110000000010111000100011
01110010010000000000011000010011
00001010110000000010100010000011
00000000101000010000100011010011
00001001000000111000010101010011
00000001001010100000010001010011
10100111110000000010101110000111
01000000010010110000101100110011
01000111100000000010000110000111
00000001001010001101101010110011
00001001110001011000101011010011
00000110000000000010010000000111
00000001110000011000111001010011
00111111100000000000101010010011
11100111000000000000011000010011
10100000100111001001111001010011
10100000010010010001100001010011
11101110011100000010101000100111
00000000111000110000111010110011
00000001000010111000110010110011
11001110110000000010101000000111
10110010011100000010101000100111
01000001010011100000001100110011
00111110110000000000111110010011
10111101010000000000101100010011
11011110001100000010101000100011
11100000000011010000100111010011
00000001110001010101111110110011
11100000000000011000100011010011
01010000010000000000111110010011
11100000000001010000001101010011
00000001110010110001101110110011
00000000001001011001100000110011
11111110100000000010100000000111
10100000101010011001111101010011
00000000001110111000101100110011
10001010110000000000100000010011
01001111100000000000000100010011
11110111100100000010001000100111
00000001110101101000000101010011
11100000000010010000001011010011
11110111110000000000101010010011
00100111011100000010000000100011
00001000011111001000110001010011
00000001101101011101011110110011
00000000110001111000001000110011
00101011110100000010110000100011
00001000111101010000010101010011
01000000001001100000100000110011
00000000001101110000101000110011
00001000101010011000011111010011
01011110100000000010100110000011
00000001001100101101111010110011
11000110100000000010100010000011
00001000001100010000000111010011
00000000010001100000111010110011
01000011100000000010001000100011
00000000110110000000111011010011
01011011100000000000001010010011
10000101000000000000001110010011
00000000000000111001111100110011
00000000001010110000000110110011
11100000000010101000011001010011
10001111100000000010001000000011
00000000100000010001100110110011
00000001100010011000011001010011
00000001100100010101001010110011
00101011011100000010100000100011
10100000010110001001101011010011
01001111001100000010011000100011
01111110010000000010001000000111
11100000000001001000110111010011
00000001101110011101001110110011
11010011000000000010110010000011
00000000001100111000101010110011
01000001100110111000001110110011
01100101000000000010101000000111
00000000100011100010100110110011
11100000000001110000101001010011
00000001011000111101010010110011
00001110000000000010111010000111
00000000111010000010101110110011
10100001010010111001110111010011
00000000001010101000101010110011
10100000100011100001100011010011
00100000100000000000011100010011
11100001010000000010101000000011
00000000110011101010100010110011
11010111110000000000110000010011
10000101010000000010100000000011
10100001101101110001000111010011
01000101010000000010010000100111
11100000000011110000100101010011
00000001111000101000010110110011
01000000100111000000111110110011
11100000000000011000101101010011
00100010100000000010100000000011
00001000001110101000001111010011
00000001110110101000010000110011
01000000100001110000010110110011
01111100000000000010001110000111
10100000100111111001000101010011
00000001011001101000111000110011
11100000000000100000110011010011
10100001100110010001011111010011
11100001010100000010101000100111
00011001100000000000001110010011
00100111100000000000100010010011
00000000101110100010110100110011
00000001011000111000111110110011
10100000010010101001110011010011
00000001111111001000010110110011
00001000001011101000100011010011
01101111010000000010000110000111
00001001111000111000101001010011
00100111101000000010110000100111
00000000100101001101100100110011
10111110010000000000100000010011
10100000101101000001111001010011
01110101111000000010101000100111
11110000010000000000111010010011
11010100100000000010010110000111
00001001111111011000100111010011
01000001110101100000011010110011
00000001100101110010011100110011
10100000100100000001001101010011
00000101101100000010010000100011
10110000000000000010001000000111
00000000101010100000110110110011
00001001011001000000011111010011
00001000110000111000010011010011
00000000111100011010100110110011
00000001101100100000100011010011
00000001111100001101110000110011
00000000010000101000111111010011
11110101101100000010010000100111
01000001110110110000100110110011
00000000001110110001101000110011
00000001100011110000101001010011
11100000000011011000010011010011
00000000100001101001100000110011
01000001100101001000011000110011
00000001111011100101010010110011
00001000001011110000100101010011
01000110000000000010001100000011
01001000000000000000101010010011
01100001010000000010001110000111
11100000000010011000110111010011
00000001001110100010011100110011
11100000000000110000010101010011
00000001100101110010010010110011
01000001000000010000111000110011
11011011010000000010011000100111
00101101000000000000111000010011
11100100110000000010010000100011
11001111011100000010111000100111
10100001110000101001110101010011
00000001100100101000011110110011
11100000000001101000100111010011
11001101010000000000011010010011
01001101110000000010111000100111
11011110001000000010010000100111
00000000110010001000101010110011
00000000000101101101011100110011
00101001010000000010000010000011
11111110110000000010001100000111
10101100000000000000001110010011
00000000100000100101011010110011
00000000000000000000000001110011
00000000000101000111100101110011
00011110100000010010101110001011
00000000010001011111011000111000
11110100000010010011110011011100
00000000010010010001000101101100
00011110001101001011001010111101
00000000010100001000001011100010
00110100010111000000001000000111
00000000001111100000100110001000
01001010011000101101011011100110
00000000011010000001110011101100
00101110011001010010100100101100
00000000011011100100111010110111
01110010111010001000100110101111
00000000010001011000011000110000
01010110010111111001001000010101
00000000011011101011111011001111
00111010010010110011000011011100
00000000001100011011000100100000
11110110100010000101010110010010
00000000010010110000101000101110
00001011001010111001011010100100
00000000001111101111100110000101
01010011000101001100010100011110
00000000001011000010110100001100
01111101010010101100001100000010
00000000001001100011100100011001
01110001000110101010000011101010
00000000010101000100111100111000
01000101001001000101000001001001
00000000011101011110110101001011
00110000110011001000001001010101
00000000001111001111010001011011
10110000111110101100110110101010
00000000001011000010001101111110
11101000110000000011100010110110
00000000000000111001100010000011
11110100101010111110101100110000
00000000001110011011101001100011
00001010000010010011111101100111
00000000001101101110000100010111
00010110000111010000011001110010
00000000001111011100011001001110
10110111001010110111111011001001
00000000000001000110111001000010
01101111011010100101011101010101
00000000011001000111001010010011
11001010001000110100110001101010
00000000001000011001111000000010
00000101011100100000001010010000
00000000000111100101010100000110
10011000010111100010100100001001
00000000010111110101100101001111
11100100110010000100000110010110
00000000001100111011111010111001
00111110110011000001010001000111
00000000010010000010110110101101
10101011000010111111011101000111
00000000000001100111011101101011
11100010111011010101110011001100
00000000000000001000000101011010
10000001000100110111111111100110
00000000000101001000100001111100
10110110111111010100001100110110
00000000010110011011100110111111
00001111101100000111101011001001
00000000011100001011110011101110
10111010111010010001010100010111
00000000000110111000000000101100
10111111100001101000100000000011
00000000001111010100001100111001
00011111011101101011111011000001
00000000010111011100011000100100
11011010001110010010011101011000
00000000001100101011101010110001
00110110110101111111000111101100
00000000001110001000011001000011
11110101100110010100000010010000
00000000000101111101011101011100
11100000101110101001100111011100
00000000010010100101110011101111
00010100100110011011000011100110
00000000000001010010000010111010
00000001001010011111000011111011
00000000010011100010000101111001
01100111011101010010110101010011
00000000010001001011010001100000
01001111100011110011000111011000
00000000010001101000101000011100
00101110000111001101110110001100
00000000011001011011110111110100
10001000111110100110000101110010
00000000010000001010011001010111
11101101011011110110110011000010
00000000010011111000101010110110
01010110001011010010000101110110
00000000010010101001110000000001
01101001000011001011010010010011
00000000000010111001010001111100
00000000110100100011101110011011
00000000010111100100100000100100
10001000110100011100110001000010
00000000011010011010110011110111
00110011101011111110001011010010
00000000010110110100011101111011
10110010111001010001010111111111
00000000000010100000010110011001
01000101001110111001110101111101
00000000001011111001000100011001
10100111001000111001100010110110
00000000000001110110000000001000
01111010010000101011110000100010
00000000011000011010010100000100
10110111011101000111000111001000
00000000011111110110110001111000
01110011110000100101001111001111
00000000001101110111011010101001
01000011111001010101001010011101
00000000011000010000010110011110
11110101000101001111001001111111
00000000011010000010011111110000
00100111101010100000100010111000
00000000011011101001000111010111
01001110100010100101101101101000
00000000011011110101110100010001
00111011100011111110010011100110
00000000001001010011111110010011
10100101011111101110100000100101
00000000001110010011000101001001
01001110111000100011110111010101
00000000011110111111010100101100
00100000101001011001110011111110
00000000011000011000001100111101
11100001110100101010010101110101
00000000011111101001011101010010
11011100000011000000001000011101
00000000011001010110000010100111
01100010011010101101100011111000
00000000010111010000111111111001
00000111001001000000100110100001
00000000010000110101101111010010
01111100110010101011111111110101
00000000011111100100100000110001
10011001010010000110100110100111
00000000010111101111111010000101
01110100000011010110001010000110
00000000001010110100011010101000
01101111101000011100100001010110
00000000010100111000100100010101
11111000110011000101101111100011
00000000011011010001001111000101
10011001101001000111110101001100
00000000011000000101110000101100
00000101111000010001011011011001
00000000011101111001010110010110
10011101111011111010001100101101
00000000010011110010011101011111
11010000110011001001011011110110
00000000010001111000000011011101
11101011000100100100100100111101
00000000001011111111000111111110
00111001010110111010010010011011
00000000010111101001010011010011
10110000101111110000111101011000
00000000000011101010101010000001
01001001101111000111011110001100
00000000011110110111111010000001
11000000111001011111010111111101
00000000011100100110101010111101
01101001001001000010011000111101
00000000011001101100111010011101
11101110110111010000010001010001
00000000010001110001011001001001
10101101101111111111001000111111
00000000001001010011000000111001
00010110000100101001010101010101
00000000011100101101001110000011
01111010001100100111000000110101
00000000010111111111010011100111
01101100110101110100110100110000
00000000010101110101001010101110
01001100001110111110010010100110
00000000000101011110100011101011
01101001011011010010011001100000
00000000011010001101110111000100
01111110110010000011001011000011
00000000001111011100001110100111
10011101010110010101100011001111
00000000010111111000111111010010
11110001111001100100010000101100
00000000010010101001010010111110
01110001001011100100111011100000
00000000010100010101111000011101
00100000100000000010000000101011
00000000000011111000110001011000
00111010101010000001110111000110
00000000000001111001100000001000
01000101110110110011001111000010
00000000001111000011111000010010
00101010010001110001100000011000
00000000000000001101101000000000
01101001000110001001001010010001
00000000011110111000001110011110
10001001111000100110101101011001
00000000000010111010000010111001
00110001101011111100000100101101
00000000000100111100001010100100
00101001111001000011001011100100
00000000011111101110101101100010
11100111100010110001010010100011
00000000011000100110001110100011
11010110010111111001000110100001
00000000011100100001111000000010
11010010000011011111001100001100
00000000001010001110110101111101
10100010011010010111111100100111
00000000000001001111111010001101
10010011000101010010110011010110
00000000011100110010011011100111
00011011010101001001000100001010
00000000000101101101110010001101
00001110101000001000100100100000
00000000011010110101000000001010
11110001111100011110010010110101
00000000000000001000101110000110
11010111101001101011110101101011
00000000001011101010011000101000
10101011010000010011001100100111
00000000001111000011010111111111
00101101010011101010011110010001
00000000010001111111100100000111
00001000001110100111100110001011
00000000000111001010000101001111
10100100101000100000101011001010
00000000001100010100100111100000
01010111001000000010010101101001
00000000000110000101100100101001
11011110100001000111100000011110
00000000010101111100011001100000
10110010001110011010010010010000
00000000000111111111101011001100
01101101110010001010101101101100
00000000000010010010100001000110
00100000000011010111111011001010
00000000011111000011011101001100
11110001010000011000100110100101
00000000011000101001111000000111
11100000101011010111001101111000
00000000011101011001000101010101
01011001111100101101010010100100
00000000000101111100011010101010
00111101100010010101001011111001
00000000010110101111101101001010
10101000001110001000011010110001
00000000010111100100000111111011
10111101101011100011101000001001
00000000011101000100111111100000
10110010110010011001100100011000
00000000010100111001010111101110
01110010100010001001100011001111
00000000011101110000010011010110
00000001010000001001010001010111
00000000001111011110100010011001
11111100111000001011011101100100
00000000010111001000010001011011
10010100110110110100101111111111
00000000010111111110111110011000
01010100011110010011010010000010
00000000011000111000101101010101
11110101100101010101011110011100
00000000000010010111001100110101
01010101101101111000101101001011
00000000001000001001101110001110
00101110100101111110110001010011
00000000010110110000000100111001
11000000001000110000010101001100
00000000011000001001001001010010
01011110000100000000011101101100
00000000010110001001010100010001
10010010011011010001101011110001
00000000000100101000110001101011
10110001000101110110000110001101
00000000010011010010010000110000
11011010110111100101110111011010
00000000010101000000010011100110
10111101101101001011111011111111
00000000001100110011000001000111
01111011111110111011101001100101
00000000000110101110000010011000
11101110010010010011100001000011
00000000000011000110111100101010
00010000001000010011110011000010
00000000001011100101111000011000
00111100111000011000001000011111
00000000010100000100010001001111
11110110001111110111000001101001
00000000000110100000101000101111
00011111110010111101110000100100
00000000001100100101100101100101
11101001100101110001101001110010
00000000000000100001110101001010
11001110010000001010000011011100
00000000010010111000001101111110
10001001000111100011100000101111
00000000010011100111100100101000
11010110000001011011011110111011
00000000010011000001001001110110
10011101011110001100111001111111
00000000011000100001101000011100
11101101011100011010001000010001
00000000000101010101011101101010
01110111000101010010100010001101
00000000001110111011011010010110
10011011010001011011111011100011
00000000001000111111011011101001
01001101101101110110011010101001
00000000000001011001000001110100
00000000111101100100100000000111
00000000010110100001000100110101
11101101110111011111000100101001
00000000011011110101011100011011
11101000010111101000000101000110
00000000011011001110101111101010
00101011110000111001101011010111
00000000011011110100001011101101
11111110100000010010010111010010
00000000001011001110101100011110
11101101000010110010101000011110
00000000010010011110000001000010
01111101100011000101001100011100
00000000001001111000001111110100
00110000111010100111010001100010
00000000000011100001010111000001
00101100110000000101111110000001
00000000010110011011101100010010
01010100011000001110111100000000
00000000010111110100011000010100
01010001100001110011100001101010
00000000001001001001111111000001
11101100100100011001101101111101
00000000010111011000101100111000
11101101100001010100011011000111
00000000010001011110110011001101
11010001100111101000110111011001
00000000000101111101100001101111
10101010011101101111011101011101
00000000011111011101000010110110
00101001111010101101111010111100
00000000011101100100100101111100
11000010000110011101100010111100
00000000011111011110000100001001
01001001101001101010110101111110
00000000010011000100011101111011
00100010111011011001001001000001
00000000000000101101111111011010
00100101100100000010101010111110
00000000000100101000001011010001
10001101011001111110001110001110
00000000000001000101000101100000
01010111010011001111010110110001
00000000001100100100001110000110
00000111101111000110010100101111
00000000001111101001110111011110
01101010000011101110000111110100
00000000011110011010001000001101
11100001100100110010101110110101
00000000010101110110001010001111
01101011001000001100011111111100
00000000001001000000100101101101
01101110101100001110111011101110
00000000010011111011110100011101
10001000010011110111100110110000
00000000000000000101001010000111
10101010011101110001100101000100
00000000000100001111100100010010
01000001101011100100010010101010
00000000010100011111000001101000
11100111001011111100001110001100
00000000001000100001011101011010
01010000101001100001011011010001
00000000000011100011111111101111
01001110100011101011011011110111
00000000000001000111010100000010
01001100000001111010011000110100
00000000001010111100001100011110
01001001100011111010111111110011
00000000010010100110101100000101
10001001001001001111111001001011
00000000001010011100001100110110
10000001101000111010111000000111
00000000000111000000101100100010
10101100110110010100101111010001
00000000010001100101001010111001
00100000110011011101011000001100
00000000000110011101110001000000
01111100100111010111001110100101
00000000001100001011011000010001
10101111111111010111100101000101
00000000001101111111000010011001
01001000101100001010001010000000
00000000011101010011110100010110
01000000001111010001000100100110
00000000001100001010010000000101
10100111011100111110100101000010
00000000010011001110110010011100
00010111111000110011101110010001
00000000011100101011001111001000
00100110100000100011000110011100
00000000001111110110000010000101
01010010010111100100000110001000
00000000010100100001011010010100
11101111001010100110010100110010
00000000000001100111111010101111
10000000100111100001100100001000
00000000000101010000101101010001
01011100010101111011100011100011
00000000011000001101100011001111
00001000011000101100110100001111
00000000000011101110010100001001
10111000110011010010111110010100
00000000000100000001010000111001
11101011110110011000000110111010
00000000011000011100111011101001
10111110101011100111001001010001
00000000001000001010101111011110
01100100101111100010000001000000
00000000001100111100001111111011
11011111100111011101111110000000
00000000010000000101010000101110
01000101010111001101110100011111
00000000011100010001100111010000
00011010010111000111100110000110
00000000010000100111100100101010
00000111011111000100101000000010
00000000001000000111111110101101
11001110110011100011011111111011
00000000010011110111110101000000
00100110100101011101101101111001
00000000011001011001000111000101
10011111001001101001100011101110
00000000011101010101001111110011
00000011101100000010011000010011
00000000010100111001110000101011
10110001101000101001000010110000
00000000001111000000100011000000
00011101111010010111010001001101
00000000010010110001110110000011
10110010010011110000001000100110
00000000010100001001110000010010
10000111100001010011110100000000
00000000000010011011001011001101
10001100011000110110001111001001
00000000000100001001000110101011
00110010000000111101101011000101
00000000010100110011011000101100
00010011000100010000101001100111
00000000000100100000100001000011
00000001000000001001001111110100
00000000010100000110101101010101
11110011000101110110111000011111
00000000010101110110101111011100
01111101101111111010111000111100
00000000000111100100110100100110
01110001101100001100111111001110
00000000010111001111011110110000
00110110101011011011000101111010
00000000011011100111010101001000
10011001010100100100011011010111
00000000000100110110110111010010
00100110111111111010000001111100
00000000001110000001010100101100
00010110100111001001110010100110
00000000001111010010011010001011
10111000111101001111101101110100
00000000001111110000010101011100
10110101010000000001011000100110
00000000010110001100100000000000
11111101100001101001010010100000
00000000001111110110111001001101
00111111011010010010010001011100
00000000010101101111101110011010
00001000101100101101011111001101
00000000011110101011101111001110
01010000001110010000100001010001
00000000010110100100000110100000
00000100111001011101001011001011
00000000011010000000111001001011
01110111011011110010001100000001
00000000001101000010011101000000
10000010011111101001010101010001
00000000000010000100001011000001
10010011010101010111010000110000
00000000010100001011100000001000
11001110011110010001010100111110
00000000000101111000001010100001
00110011010001100000101010111111
00000000000111011001110100001110
00110100010001101110100100000010
00000000000001001111101001001101
10010010011100001111010011101111
00000000010100111110000001100101
00001011110111111000110001010001
00000000010101010110000000110001
11010110110100100000000001011100
00000000001010100111001110000011
10000111100110100110001001000100
00000000010110010000010100101111
00011000010111001010100010100001
00000000011111000111100111011000
11101000110111110100000011010010
00000000000101110110100000001000
00100011110000110101001011010100
00000000001101101100011110110101
00010110111111000011101010100111
00000000000001111100010100101110
11111110101111000010001000110101
00000000011101101110001110010100
11110101100101000010010001001101
00000000001001110111011001111101
00101111001011001001000110100111
00000000000011101010000100000000
10001110001110000110110001100100
00000000001001110111101101101011
11110011110111101011100110111001
00000000010000111100001001110100
01001101001011011100111011011100
00000000010110100101100001100001
10100011111001110000111101001100
00000000010111100111001100100100
11101111110001110110010001111000
00000000001110111001110000000000
00111100111100110111000000011011
00000000010010010100111100000111
11100010101100001110100101101010
00000000000101101110000010001100
10101010100100111110011000000100
00000000010011001001101010100101
11000110100010010110101011111011
00000000010000010001101000110000
00000100100011000101001001110111
00000000010111101001101100001110
00000000001101101010011111111101
00000000000100000000001100111100
10001101011011111011011100110111
00000000011011010111101111011001
00111111010110000000110111110110
00000000011011101000111110000011
10000011101100101010000111111011
00000000011011000011011111010001
11010111010011100111001010100010
00000000011100101100000111000111
11101011111001110110000011100111
00000000000000000110101111100010
01100001001111001101000110010010
00000000000100111110101110000000
00110110000001010110110111100100
00000000010000101100000000110101
01101000011110110010011111011101
00000000001100011110010000000001
00110111001010110010001010011010
00000000000000100101101000110010
10111000000101001110111110100011
00000000010010100001011011001101
11000111110111001100111111001110
00000000000001101010000011010000
11000011011001001101101100100110
00000000011101100101111100111010
01010111110111100111100010010111
00000000000101011010101111010010
00001101101001100100101010000011
00000000010110101011011000011100
01001101100001000101110001111011
00000000001111011111000011111010
01110000111001000110100111110010
00000000001011001001000110100101
01010111001010110110000011110001
00000000010011000101001010000011
01101000111001111000001010100111
00000000001011000011111110000000
00000010110001001110011110001001
00000000000000110010010101001010
01110100011010001100110100011001
00000000000001101010001001111101
00101111110000010000000111101100
00000000010111001010011000100111
00000010111101001111100111110010
00000000001101001111001100100010
11001101110101111001110100101111
00000000010011010011100000100011
01000001100001111011101011011101
00000000011011101110100000100000
11110110100101000010001111000011
00000000001001110101111110110100
11110100110011001010001110111100
00000000010100011011101011010111
00111010101010011010010001110000
00000000011101100000110111010001
11011010101111001100011010111000
00000000001100000000010010000101
01011101100011011111010111100111
00000000000001011100011101010111
10100110100011001000111001000101
00000000000000010010110000111101
01001001101110100010010110110001
00000000010000001011001001100010
11100110100111100101010111000011
00000000000011110101011111101110
00010110111001101100010010101010
00000000011100111010010000100000
01100000010101101000010000000000
00000000010110001101111110101010
11011001101100011011001111101111
00000000000001001110001100100101
01100001101111101011100010000101
00000000010111100011111101011011
10011110001111001011011111011101
00000000000001001111111010101001
10001010000010100010011000010110
00000000011010110001010000010111
00110011010101110010111111111000
00000000011000111101001010110000
00000011111100000101000101101010
00000000001111010011110100001000
10100001111111000000110011010110
00000000010010000110001010010001
10011000101000110001001111001010
00000000000001101011100110111001
01100011110111011101010000011001
00000000000010101110110101010000
10001101011101111000101101100010
00000000011000001101110011101010
11010010110001101011101100101011
00000000010010001011001111000011
10100100110100111011010111110101
00000000000011011110010101101001
11101010010111000110001001001110
00000000011000000101011000010100
00110000111110000110101010111010
00000000000000110001001011010110
00111000101010110001010110001000
00000000011101101100010101000000
10001100101111001010011011000011
00000000001101011101110011100000
10101100001000111101111101000000
00000000010000011101110001111000
11101111100001101101001111110000
00000000011100110100100110111011
10111100011010111000001000110100
00000000000100000010101011001111
10001011000100001101100100111101
00000000010010001100101010100010
11010010001001011100110011100000
00000000010011001100111111100011
01001100111111110101010111100101
00000000011111111100001110101000
10001110001010100110110011010111
00000000011111010100110111011001
00011110010001100000010011000111
00000000001000001000010001011100
11011000011011110110000010101000
00000000001000110001000101011110
00110000101100101101010100000011
00000000010000000011111101110010
00010011100001010000111100101001
00000000001011010111001100111110
11100011011111110001100011100001
00000000000100100100110011101000
01010111100011101001110010101100
00000000010110001111011000000100
01110010101101110001111111100111
00000000010100000000010111111011
00011001110011111101001001011110
00000000011011011010111000000001
10000010101011111110110000111111
00000000001100111010001100110001
11010111010010101000000001101100
00000000000000111100011101100011
11111001000111100010110001111001
00000000001110011100100111010010
10111100001110100101001111000001
00000000000100101010110011000111
11110100111101110100001010000000
00000000001110010100011111110110
00101100010100101101110100101000
00000000001010110100011011010111
00100010101110001010110111111101
00000000011000111111101110101101
00011010000100011000100110101011
00000000010101101110110111110101
10000001010101101010100110001000
00000000000001111101100011110100
00000001100100111100111111111110
00000000010001011000001011101010
10010011001011101101001001000100
00000000010111110101011110111100
11010000111010011101011010011100
00000000001101110010111001110101
01101111011011000101101010000001
00000000001000101111100111010111
11110000110101111000101100101101
00000000001000110011110001001001
00000001101101010011010100110111
00000000010111111000101000000100
01101010011110011010100110111101
00000000010001011011010011001101
10100111010001111010110011100010
00000000010101111000011101100111
01110100111110010100000011010000
00000000011010001001111001000101
00110000111011010001100010001000
00000000010000111000100000001000
01011010010010100010111001001011
00000000000100110001000000010110
00100001001010100011111111010111
00000000000101100011101001111101
11010110010101000000111110010011
00000000000010110010111100011000
10000101000010010011000101001101
00000000010000111110100111001111
01011111111110001001010000010100
00000000010011001101100011011100
00100001111001011110100111000010
00000000011100110011000001000010
10010110010011000110100101110010
00000000000011011001100100010101
10101001000001101011011000100100
00000000001101011001101011001101
00100010010101010000011011100100
00000000011111111101010110110111
10011100100110100111100101110111
00000000000110111010111100110011
00010100010101110010101100111100
00000000001010001111001110000010
01011111101010111100101100100100
00000000000110101000111011111000
01001011111010101001010101100000
00000000010100110111110010000100
11111011100111011000010101111000
00000000011010000010101111110111
11000101101000011010110110111110
00000000000110111100100010001011
11001111010010110100010111110001
00000000010010010010001011110000
00101000011110000100110001100010
00000000010000101010000101101000
01010111011111010001010110001110
00000000001111110100101000111110
01110111100000110110100010100001
00000000000110101111101110010001
10110000001011010000101001001000
00000000001011110000110111100111
11010101000110001110001011011111
00000000010001011000010011101101
10001000111001101101011000100111
00000000011011101110100001000100
11101101000010100001111001110000
00000000010011010100101101010010
00011011100101100011111010001110
00000000001000110101010111001101
00011011110011011110000001101001
00000000001110111000001001010011
11011100011001100100011110100111
00000000010001111100010111000111
00111010011100000100100111011011
00000000010001010011110101001111
00011101010111011101000111101010
00000000011000111000111011111100
01000000111010100001010110000100
00000000011111100001010011110111
10100100010110001000100000100011
00000000011110000100111011001111
10011100100000100000010111101011
00000000010100010111111100011011
10101011101101011111111000000000
00000000000010001001001011010010
00001111000010101110000011100000
00000000000010110011110101110000
10000000110100101111100101011101
00000000001010100010101110000101
11010011010111010001011010111010
00000000001001000100010111100100
10001111001001000111100100000100
00000000011110001000111011011111
00111000011111010100001010111001
00000000011100111001111000110001
11011001110010101100001001011010
00000000000110001011011001100100
11100010010111001000110000100111
00000000010011100000010110011101
11000011100001010101010100001100
00000000011110000101101001111011
01010000100100100100101001111011
00000000011101011000100011101110
01001000011000100101110110010111
00000000000110110100101010100001
00110010001110011001000000100000
00000000010010101011100000001011
00000101011000100110101111110011
00000000001011100110101101110010
00100011100000001001100001001001
00000000001111010110100111011011
11001100000000110110000001010000
00000000000010010110100010011011
00100011001110100110000000101011
00000000000101111001110110011011
11011010001100100000000000011011
00000000000011111001001101110001
01100111011010011011011111100011
00000000011101000000001100011000
01101000010110010101000000101000
00000000011001001100110111110101
11000110111011000100101011001101
00000000010110110001010111111110
01100001111110010011001100000000
00000000001011010111100001011111
11100001110100101010000010010000
00000000000111000000101011110101
01011101110110011111110111111101
00000000011110100000001010110010
10010001101111001100110110010111
00000000001000001001001101000111
10011001110111011110110101001100
00000000011000010010001110000110
10110100001010011110111001101000
00000000010011110101010001010001
00010110110101100001000001100101
00000000001011011000011111101000
11101010000001101101100110001001
00000000010100100001010001001010
00010001000110101101000110101110
00000000010001101110010011010011
01101111100110001001010001100000
00000000001101000010110110010001
01001100111101100100111111011001
00000000011101011010011010110101
10111110011000101011011011101111
00000000000101111001110001010110
10111101001100111010101000010111
00000000000011100110010111100001
00110001110101100100110100101110
00000000001001100100101011011011
11011001110110011110111101011110
00000000001001011110010010101111
01111101001010001110111011000100
00000000010000001100101100101100
00011011111100110100101010100110
00000000000011011110000011101001
10010110111010000111011001101111
00000000011010110001111101110010
01000011100111001000000110000101
00000000011101001101100010000111
10111011010101001010110111101011
00000000010000000111101010010001
00101001100010110111110110011101
00000000001111101110010100110110
00000100111001111100000000001101
00000000010111100110011111101101
01011010000101001110011010111110
00000000011000100101111111111001
11000110110101000010011001000000
00000000011000100001110001000101
11000010101001111010111110100011
00000000000010100101011111010100
01101001001010101000010111111010
00000000011111010000101101111011
11000101000100110010100111111111
00000000011110101011101100100011
11101100000010101001100010111100
00000000010101010110100010011100
10001010001100000011111111001000
00000000010000111011101001110011
11001111010110111110011001111100
00000000010111110101101101000110
11001000101110000011110011001101
00000000000001110101000011000110
00110110100010110001001000111010
00000000001010101110111010111111
11011000001001111000000000110010
00000000000101110001111010111110
00111100000111000100101111111111
00000000001001111000111010110010
00001010010000010001100001001101
00000000011111000001111101011101
10000010000000000101110101000101
00000000001101000010000111011100
11101111011011011010000001001100
00000000000000101010001001000011
01011101000110110000001011111101
00000000011001001000000111011011
11111001100110100101011010100100
00000000010111101110001110100001
10000111001100110101000011010100
00000000011110111010101111111111
00111111101101110001001110111110
00000000001101111101110110011101
10001010101010110001010010001100
00000000000101011101000001011111
10001011111110100101111111100100
00000000001000001000110111000101
01101010010001100001100001001000
00000000000000000011111011110001
00000101111110000101000110000100
00000000011011110010101010001111
00010011000000110000111100010110
00000000000011101011100010011011
11000000000101111111000110101010
00000000000101110000011100000010
11001010110100111100001001100111
00000000000001011010011000011011
11010000110010101100010100001010
00000000010111010100100100101100
11111110000010100000110100000110
00000000000110000011011111100111
00111101011110010011100100100101
00000000010101110000000110000110
01000010001011000000010100100100
00000000010011010010101000111111
10111001000101110000000001111010
00000000011011001010011010101100
11101100110101100101100100001110
00000000001010110000010010101101
01000100001111100111100111011010
00000000010100111101110010110010
11010011100100100111010000101010
00000000001011000000000101110010
10111000101010110111101010001111
00000000001101000010001100001001
10011000010111000100011001100101
00000000000111011101000001000010
10101101000111111000111110000011
00000000010000110100000101111011
00010100001000001111100001010101
00000000001000011011100111000100
10011001000111111001000100111110
00000000010000100111000100111001
00010010101000011111011110011111
00000000011001001011111001000000
00110000011111100101111100010010
00000000010110110101011001000000
01101001011011100111111101111101
00000000011101010001011001101011
11001101000101111100010011101000
00000000000000101011000110101100
10100101001110101001110010001011
00000000001011011010110001001101
00001010000100101010111100000111
00000000000000111110101001001000
10011100011001000100110111111011
00000000010110111111000101000011
01001101111011111000101110100011
00000000000011001100100001000101
01010001111110111010001001000111
00000000001001001100101111100110
10111110111101100011111010101011
00000000011101110011001001111011
00110011110000101100100101100010
00000000010110110100100100110011
11011110000000010110000101110001
00000000010100100110010111101101
11000000001001101100010001111000
00000000000010101011111010011011
10000011011111100001001111000000
00000000011100011111011011110010
01000100010110100100011110000111
00000000010100000110110011000100
01100011000101001101011100100110
00000000000011101110001010100000
00111100011000101110010011001100
00000000001110001011110110010011
01110100111100010101100001101011
00000000000011111001111000101101
11100110000110111001110001001010
00000000010110011010110000111010
11101111100101001100101100101000
00000000000000000011011000101100
00011001011100001000010010000011
00000000001001100100101001101110
01111110011011000100111110000001
00000000011100001110001000100011
01101000100111001011101111110111
00000000010011000000111001011101
00111100110011001011100100001010
00000000011011010100011000000000
10001111011111010100001011010110
00000000000101010011111100101101
11110001111011100111011111010010
00000000001000011110100000001000
10101010010010011110100001000000
00000000000110101101111011101010
01000100000010011011111110101101
00000000010000101111111011001001
00101010100011101011010001100010
00000000000111001111100010101110
00110101011010101100111010100110
00000000001110110111100000011110
10101111110011001011000110010001
00000000001001111111010011001110
11011010111010111001111011100110
00000000011000011011111000101100
00011100011010000010010000111010
00000000010110010100101110011110
01110111101010000100110001010101
00000000000011011110110000111000
00010101110100010111111001110100
00000000011100010010101110000100
11111100100110011101011110001000
00000000000011000000000001100100
01011010011010101001101110011001
00000000000000101000111111000011
00010111000101101101000011000110
00000000011001001100011100111101
11101111010000000111100000000010
00000000010100010001111100100101
10110110101110110101001000110100
00000000011101010010100111110100
01110101001110110001111110000011
00000000000100010111100011001011
10100011101000100110010101100000
00000000010001010011111011011011
10101011111000001010010010111000
00000000001101111010110111011000
11111100111111010000111110011011
00000000000111110101111111101010
11010101001101010111101110010110
