01111111110000000000000000010011
01111111110000000000000000010011
01111111110000000000000000010011
11110000001100000010101000100011
10100001110011011001000111010011
11100000000000000000100011010011
00111101110000000010101010000111
11100000000010001000011111010011
01000000110010101000011100110011
10100101001000000010100000100111
11100000000001111000101001010011
01110010100000000010100000100111
11011100010000000010101000000111
00000000011101101101001000110011
00101100000100000010001000100111
11001001000000000010100000100011
00000001110000100000101010110011
00000000001000010010011110110011
00000001101001000010000100110011
00101111010000000010110010000011
00101111110000000010010110000111
00000110100000000000011010010011
00000001011111001000001100110011
00001001000010101000010101010011
10000010100000000010100000100111
01000001111000110000001110110011
00110010010000000010100100000011
01000001010110010000010000110011
00000001110010100001110010110011
10101110000000000010001000000111
00000000010010111001011000110011
00010110010000000010000010000111
00000001110011000010001100110011
00000001000110110001100110110011
00000000011110100101100010110011
00000001110011010101110010110011
11110100110100000010001000100011
00000001101010000001010100110011
01000101110000000010001010000011
00000000001000001010000100110011
11111100010000000010100000000111
00000000110111100000001111010011
01000001101111011000110100110011
10100001000111110001111011010011
00000000010110010001111010110011
00000001101100010000100001010011
10100000111011111001100011010011
00000001110111101000110000110011
00001000101000010000101011010011
00000001010110010001010100110011
00000000011010111000010011010011
00000000000111100101100010110011
00001001101110101000001101010011
11101010110100000010111000100011
01000000001101100000100010110011
00011001110000000000000100010011
10100001000001100001110101010011
11100111110100000010011000100011
00000001001000011010111000110011
01000000001001011000001110110011
00000000010010001000110010110011
01111111000000000010110010000011
00000001110111101000100001010011
01000001101100111000010100110011
00000001000111010001011100110011
01111111100000000010100010000111
00000001101010110000010100110011
10101110100000000010001010000011
00001000000001000000101111010011
00000000011111100001011110110011
11110110110100000010101000100111
00000000110010111000001111010011
01011010110000000000011100010011
10100000110000111001100111010011
11000010001000000010011000100011
00000001100000001101011000110011
00000000001001110001101110110011
00100111010100000010011000100011
00000000110110000010111010110011
01000001100100001000110100110011
00000001110011001000101010110011
01111111000000000010001100000111
10001111010000000000101100010011
11111110001100000010111000100011
00000000100101111101100110110011
00111101011100000010101000100111
00001000100111100000010001010011
11011100101000000010110000100111
00111000110100000010011000100111
10001000001000000010101000100111
11100000000011101000001001010011
00000001011100001010110000110011
10100000101110110001110001010011
10101011110000000010000110000111
01000001111110010000000110110011
01000001110100100000101100110011
00000001010001001000010010110011
00001010110000000010101100000011
01000000110001000000101100110011
10100001100101011001110001010011
00000001110000000101000100110011
11100000000000100000001101010011
00000001110010111000000111010011
11100000000010110000010111010011
00000001000110111001011110110011
10100001101011001001011011010011
01010111110100000010000000100011
00000000101001010001000100110011
00000001010000101101110000110011
11100000000011101000110001010011
01000000100110001000001100110011
00000001101101110010011000110011
00000001111111100001000110110011
10001101100000000010010110000111
00111101100000000010001100000011
11101111010000000010110000100011
00000000111011110000001111010011
00000001001100111101101100110011
11010100110000000000011010010011
01001001000100000010101000100111
11100000000000011000100011010011
00001011001000000010010000100011
00101010100000000010100000100111
11000101010000000010101010000011
10000011110000000010100110000111
11100000000011001000111011010011
10111110100000000010101000000111
00000000110101011001001100110011
10101000100000000010101010000011
01000000011010000000001010110011
00000001101110011000101110110011
00000000111000000000011000110011
10110111111000000010010000100011
00000000011100111010100100110011
00000000100110011000010011010011
00000000010111010001001010110011
10100000100111000001000101010011
01110100110000000010100000100111
10010101100000000000101100010011
00000000010110110000001100110011
10100111010000000010101010000111
00000001001000111000110010110011
00000000011000011000111110110011
00100001100100000010011000100111
00000001011001101101101100110011
10100000000101000001010111010011
00000000110110100001001000110011
00000000001011010000111100110011
00000001110011011000011111010011
01000110110000000010011110000111
00000001100111111010011100110011
00000001111010100001010100110011
00000001110100010000111101010011
01011000100000000000111010010011
00010111000100000010101000100111
10111101000000000010110000100011
10101000110000000000011100010011
00000001001011101101000010110011
10100001001001101001100101010011
11100011110100000010011000100111
11100000000011001000000111010011
00001000000101100000111011010011
10100100111100000010011000100111
01000000010110011000010010110011
01110110011000000010101000100011
00000001100001111010011110110011
00011110000000000010110000000111
11100000000001011000101111010011
00000000111000011010000010110011
10001101100000000010010010000111
00000001111101100001011000110011
11011100000000000000011110010011
10100000010100010001101111010011
11010110010000000010101110000111
00000000001100011000100110110011
00110011000000000010101010000111
00000001001110100010110100110011
00001001011111011000011111010011
10100000010100010001001101010011
00000001001010011000111000110011
01100011110000000010010010000011
00000001011111101000100100110011
01000000010011000000010110110011
10100001001001101001111101010011
00000000101101111010101000110011
00000000101011010000101011010011
11100000000010111000001111010011
10010001100000000000100100010011
00001110010000000010100100000011
00000000110100111000110101010011
00000001101011100101110110110011
00001000110011110000001101010011
00000001101001000101111000110011
10010011110000000010000000100111
00000001001001001101100110110011
00001001000110110000011011010011
00001000111101110000010001010011
11101100000000000010010110000111
00000001101011111001110100110011
00000000000111111010100110110011
00000001010111100000001000110011
00010011010000000010011000000111
00001001110001001000010101010011
00000000100010011101111110110011
01011011111100000010010000100011
10100001000110011001000111010011
00001000010011110000001101010011
11100000000011011000110111010011
11100100110100000010110000100011
01100111110100000010101000100011
10000101010000000010000010000111
00000000011111011101110110110011
11111100010000000010110110000011
00000001110000000010000110110011
00000000111110101001011010110011
00000000111010111010001110110011
00000000001000110001100000110011
00000000011110000000010101010011
10100000100101011001111001010011
00001101000000000000101110010011
00000000110001101000010111010011
00000001001101010000010110110011
01000001110010110000101000110011
01000100100000000010001100000111
11011110110000000000010010010011
00001001000111110000101111010011
01001011001100000010010000100011
01000000100011011000111010110011
10100001100000000010000110000111
00001000011000100000110111010011
00011001000100000010100000100111
00000000011001111000100110110011
10100001000100110001010111010011
10000100010000000010100000000111
00000001100110011000110010110011
00001001000111010000101101010011
10100000010010010001000111010011
00001110000000000000101100010011
00000001011111111101101100110011
10101110000000000000101010010011
01000111110000000010000010000111
00000001111110100000000101010011
10001101000000000010010000100111
00001000010111101000100001010011
10000101000000000000010100010011
10011011010000000010010000000011
00000000001101100010100000110011
01111001010000000010001110000011
00000001001011000000111100110011
11100000000010000000101011010011
00001000000101000000100011010011
00110001010000000000011010010011
00010100000000000010101010000011
11111101101000000010011000100011
01000000011101100000010100110011
01110100101100000010000000100011
01101100100000000010010000000011
01001101000000000010010000000011
00001000101010011000001001010011
01000111010000000000000100010011
10000111110000000010110000100011
00000000010100001001111110110011
00001011110000000010010110000011
00001001100110101000010101010011
00000001101011011101101110110011
10010011110000000010100100000111
11100000000001101000111011010011
00000000110100011101000010110011
00110100010000000010010110000011
00000000110111011101100000110011
10000010010000000010011010000111
00000001110101001010100100110011
00000001101100000000111011010011
10100001010011100001011101010011
00000001111111111000010101010011
00001001010010111000111111010011
00001000010000110000011011010011
10101011100000000010001010000111
11101101000000000010001100000011
00000001000010100000110110110011
00000000011001110101111010110011
00000001011110110001011010110011
00000000111110101000100111010011
10100100110000000010010100000111
00000001010111111001100110110011
01000000000001110000110100110011
00000001010111011000011101010011
11011001110000000000011110010011
00001000101111001000011101010011
01000000100010110000001010110011
00011100010000000010100100000111
00001000001000011000100001010011
01101101000000000010010100000111
00000001000101000001011100110011
10100000011100001001100011010011
00111010110000000010110000000011
00101100000000000000001010010011
00000000111000111000010101010011
00101010110000000000101000010011
00000001010100100000111111010011
00100001110100000010100000100111
10001011100000000010101000000111
01100100000000000010111100000111
11011110110000000010001110000111
10100001000101010001101111010011
00000010101100000010110000100011
10001011010000000010111000000011
01000000101100111000111010110011
10100000111011100001110111010011
11100000000010110000001101010011
00000000100101000101001010110011
00000001001111100010110100110011
11100000000001010000011001010011
11010100010000000000100000010011
11100000000001001000011111010011
00000001011110010001100000110011
00000001010100000000101011010011
10100001011011100001010111010011
00000000010010100000001000110011
11100000000000001000010111010011
00101110100000000000101100010011
00110010110100000010111000100011
10100000001110101001101101010011
01000001101010100000101010110011
00000000001111111101110010110011
00101011010000000010111010000011
01001001010000000010010010000011
01000001000100000010111000100011
00001001111100111000100001010011
00000100100000000010100000100111
00000101110000000010010000100011
11101000010100000010011000100011
00000000101100101000100111010011
11100000000000111000000101010011
00000000110001001001010000110011
00000000000011000010101110110011
00000000101001100010111000110011
00000001010100000000111001010011
11100000000011111000011111010011
00001000110010010000111011010011
01001101010000000000111010010011
00000000100110010000010000110011
00000001111011110010100010110011
00001001101000001000001011010011
01010111000000000010011000100111
00000001111000001001111110110011
00000001110101111010011000110011
11100000000000010000110101010011
00111110110000000010111100000011
00000001110001100000101001010011
01000001110101010000010000110011
10100001110111011001000011010011
01000001011001000000110110110011
01110000110100000010111000100011
00001001101011000000111111010011
10011000111100000010010000100011
00000000010010011001011010110011
10100001011011110001010001010011
00000001001001100101001010110011
10100001000010100001011011010011
10100000010011110001100101010011
00100111000000000010100100000111
10100000111110011001001011010011
00000001110101100101011100110011
01000001101111011000100010110011
11111111000000000000000100010011
00000001000010010001111100110011
01000001111011010000010010110011
00001001000101100000111111010011
00000000100110110010110000110011
10110111100000000010100010000011
00100011000000000010010010000011
11101001010000000010000000100011
11100110000000000010100110000011
00001000010111111000000101010011
00000001011011100010111000110011
00000001111011111001000110110011
00000001010011101001111000110011
00000001110111001000110011010011
00000000011000010000111010110011
01011011100000000000111100010011
00000001010001001000101000110011
11010000111100000010111000100011
11100000000011100000010101010011
00000001010010101101111000110011
00010011000000000010011000000011
01000001111010001000010110110011
01000001000010100000111000110011
00000000111001010101111100110011
00000001011001101000010010110011
10111011111000000010101000100111
00000000101010101001100000110011
11001100110000000010111010000011
01000000000111110000010110110011
11100000000011100000100101010011
01000001010010000000001010110011
00000000100000011010111110110011
00000000111101000000011011010011
01101110110000000010110000000011
01000001101101011000100100110011
11100000001000000010101000100011
11011101100100000010010000100111
00000000010011101000001110110011
00011110011100000010010000100011
01110001010000000010101110000011
00001000110010101000101011010011
01010011000000000010110000100011
00000000011000101000110110110011
11100000000011101000011001010011
00111111100000000010001000000111
01100111000000000010000100000011
11100000000011010000101011010011
00000001011100110010000100110011
10100001101010001001110111010011
10100101000000000010111110000011
01011000100000000000111110010011
10100000111001111001100111010011
10100001100100011001010001010011
01011111101100000010111000100111
01010010010000000010111110000111
00110010010000000010001000100011
00000001100101101010110000110011
10011100101100000010100000100011
00000001010110111000111111010011
00001000111101001000001001010011
11001110000000000010100100000011
11100111100000000010010100000111
00001000101100000000100011010011
11100000000001101000010111010011
00000000011010000000000100110011
00100111100000000010011110000111
11010100010000000000000110010011
10000100001100000010011000100011
00000000001000111000110100110011
01000001010101000000101100110011
11101001100000000000011010010011
00001000101100101000111011010011
11100000000010011000111011010011
00010101000000000010010000000011
10001110011100000010000000100011
01110010100000000010111000000011
00000000110111010010010100110011
11101110100100000010000000100111
01000001011000000000001100110011
00001011010000000000001010010011
11100000000000001000001101010011
00001000110100010000011111010011
00000001100001001000111111010011
00001001011110100000100101010011
00001001000011111000110111010011
00000000110110011000001000110011
01110100000000000010111110000111
01000000110001110000000110110011
10100001010101101001011101010011
00000001111101100010011110110011
00000001110000100000100011010011
10110110110100000010010000100111
10011111010000000000101100010011
10111100110000000010001010000111
10100001110101111001111001010011
00000000100001001000110011010011
00000001001001011010001010110011
00000000000100101000010011010011
00000000101011011010101000110011
11010000101000000010010000100111
00000000010011110001001000110011
00001000110000000010110000000111
01111000100000000010110110000011
00110111100000000010111010000111
01101111111000000010111000100111
10100001001110101001011111010011
00000001011100110010011010110011
00000001111010000000111011010011
11001001100000000000111100010011
00000000011011011001111000110011
00000000101101110010111100110011
01101011111000000010011000100011
00000000010110100001001110110011
11110111011100000010010000100011
10100000100101110001110011010011
00000001000100001000100111010011
10100001001101101001001111010011
00000001001011110001010100110011
00000000110110110000111001010011
00000000010100100101011000110011
00000001110010101000001110110011
00001101110000000010001000100011
00000001101111100000001101010011
01000001011010110000110010110011
11100000110000000010110100000111
01000000000110111000111010110011
10100000100111100001001011010011
00001001011010110000110101010011
01000001001000000000100100110011
00000001000000011001111010110011
00010110001000000010011000100111
00000001010001111001001110110011
00000001110000010000111011010011
10100001011100010001100011010011
00000001011101010010101110110011
11111110001000000010101000100011
11110000000000000000000010010011
00000001011110111101110010110011
01110011001100000010001000100111
01000001001101100000011110110011
00000001100010101010101000110011
00001000000011010000011011010011
01100110000000000000110010010011
01000000000110111000110000110011
00000000001011001010001000110011
01101000010000000010001100000111
00000000010111000101111000110011
01000001100010111000010100110011
01000000010101110000101000110011
00001000001011111000001011010011
00001010010000000010101000000111
11101011001100000010011000100011
00101001000000000010001100000111
00000001110001001101011100110011
11100000000011100000011001010011
01000001111000111000001000110011
00000001111100000010101000100111
01000000000011001000101010110011
01000001100000100000010110110011
11111000110000000010001110000011
00000001101000100101010100110011
00000000100001010000010011010011
01101000000000000010010110000011
00101111100000000010110010000011
00010001010100000010000000100011
11100101000000000000100100010011
11100000000001111000100001010011
01010111100000000010100100000011
00000000010001011001111000110011
01101011000000000010101100000111
01000001100100001000101110110011
00101000111100000010000000100011
01000001010011101000010110110011
11100000000010100000011001010011
10110111110000000010111110000011
01000001010001001000001010110011
00100010010000000000110010010011
00000000110111011001101100110011
00001000111110100000001001010011
00000000101101111000010101010011
00000000100101000001111010110011
11011001101100000010111000100111
00000000011001111101100010110011
00000000001100011000100001010011
00000000100001000000010110110011
00001100000000000010101110000011
00000001111110011001011010110011
01110010011000000010111000100011
00000001000110110010100100110011
11010111011100000010111000100111
10100000101111111001000111010011
00001001111010001000111101010011
00000000111011000000001111010011
11110001000000000010010100000111
01000001011010110000111000110011
10010110101100000010000000100111
11100111110000000010001000100011
00000001101101100001010100110011
11001100100000000000110100010011
11100110011000000010110000100011
00000001101001001000110011010011
00000000001010111000010000110011
10100101000000000000010010010011
00101111000000000000100000010011
00000000010001100010010010110011
00000001111010111010010100110011
00000001101101011101000010110011
00000001011001101000010001010011
00001001111111010000010011010011
00001000100101010000100001010011
11100000000011101000100111010011
00000000101100101001001100110011
10100001011111111001101101010011
11100000000000000000101001010011
11101111010000000000111000010011
01010000110000000010001110000011
10100000000100101001100011010011
00000001010100101000100110110011
00010010110000000010001100000111
10100010000000000010001000000111
00001000101111100000010011010011
00000000110110111000011100110011
11111001011100000010110000100011
10110010000000000010000100000011
00010011000000000010110000000011
11100000000000011000000011010011
01110001100000000000010010010011
00001000001100100000111001010011
10100001110110110001110011010011
11110000110100000010101000100011
00001001000000011000011001010011
10100001010001101001010111010011
10100000111110101001101011010011
00000001110011010001111110110011
00000000000010100001101110110011
00000000001101101000110001010011
01100011100000000010010110000111
00000001101110001001011000110011
00000001101001110101001010110011
01101111000000000010000010000111
10100001010011100001101011010011
00010001011100000010001000100011
11100000000001101000110011010011
10101011100000000010111000000111
11100000000001100000111001010011
11110101010000000000001010010011
11100000000010111000111101010011
00000001011001110001001010110011
00000001100110101000111010110011
00000000001111111000100100110011
00000001011101101000000110110011
00001000101011100000010101010011
00000001001110001101011110110011
11010000011100000010111000100111
00000001001110010001010110110011
00000001100101011101001010110011
00000000000110100001101010110011
00000000110111010010001110110011
00000000100100000000010000110011
10100001010111000001100001010011
00000000000101111101001000110011
00000000100101000000010111010011
10100001010101100001111011010011
00000001111111010001111100110011
00001001100100100000110011010011
00101111110000000010010000100111
01100101110000000010100000100011
01000001011000110000010000110011
01000001100101010000001010110011
00000000000101011010010100110011
10110011010000000000110100010011
00000001010000100010010000110011
01110110100000000010110010000111
00000001100010001010100010110011
10110001000000000010001010000111
10110001100000000010111110000111
11100000000001110000100011010011
00000001111001111000010001010011
11100000000011111000000101010011
01101000000000000010110000100111
01000000100001010000010000110011
01110011000000000010010010000111
10100001010001100001001011010011
01001001000000000010010000100111
11010101110000000010001100000011
00000000010101001010110000110011
00000000111100011010101010110011
10100101010000000010000100000011
10001010100000000010001110000011
00001001000100000000100011010011
10010100010000000010010000100011
00000001110100100000001100110011
10100001010000101001011101010011
11100000000010100000000101010011
11100000000001000000101011010011
00000001110100000001110100110011
00000001110000100000011110110011
10010110000000000010110110000111
00001000010100010000010001010011
10100001000111111001100111010011
01000100000000000010011000000111
00000001001000111000010000110011
00000001001011011000000101010011
11110111110000000010000000100011
11100000000011100000101111010011
11111010010000000010100010000011
00000001110010011010110110110011
00010100000100000010011000100111
01101111100000000000011110010011
10101100110000000010110010000011
00000000001100100101010000110011
00000001101010111010101110110011
10100000110110110001101001010011
00000000011111101000101110110011
11100000000000110000001111010011
10100001100001111001111001010011
11100010010000000010111110000011
10100000100010110001101011010011
10100000110111101001110101010011
11101101110000000010010010000111
10001100111000000010011000100111
00000000001000110000001110110011
00000001010001001010100000110011
00000000111010111101101010110011
00000001100000000010001000100111
00000001001111010001010010110011
10110010000000000000110100010011
00010000101000000010011000100111
10001111100000000000100110010011
00000001010010111001101110110011
00101111011100000010101000100011
01000000010011010000101110110011
11000100010000000010101110000011
10100000110001100001010011010011
11100001101000000010010000100111
00000001100101101010101100110011
11000011010000000000001110010011
11100000000000000000000111010011
00001001101000101000100111010011
10101111000000000010000010000011
00000001001111010101101110110011
11111100100000000010100000000111
00000000000011100101110110110011
00000001110100001000011000110011
00000001100101111010011100110011
00000000000010110000000100110011
00000001110010010001101110110011
01101100110000000010001110000011
00000110100100000010010000100111
00000000100101100000001000110011
01000000010011001000001010110011
00000000011101000101000100110011
10100000110001010001101011010011
00101101001000000010001000100011
00000000011101010001100000110011
01000111100000000010110000100011
01100111100000000000010000010011
11100000000001100000100101010011
11100000000001110000000011010011
11111001010000000000100000010011
00000000010011100001001110110011
00000001000000011000110000110011
00000000100101000001110110110011
00001000010000000000001000010011
00000000011000010001111110110011
00111001101100000010011000100011
00001001111111011000101101010011
10100000010000000010111100000111
11011011100000000010001100000011
00001000100000110000110111010011
01000001111100111000111110110011
11100100101000000010100000100111
00001001101100010000010101010011
00000001111011000010110010110011
01111111001000000010010000100011
00010000111000000010101000100011
00011000010100000010110000100011
00000001111000011101100010110011
11100000000011011000000101010011
00000000101101000010010100110011
01000111000000000000001000010011
00001000110000100000100001010011
00001001110000001000100001010011
00000000100000101000001011010011
01000001111001101000110110110011
10100000010010100001101001010011
01000001111110111000011110110011
00100011110000000000010100010011
01001101011100000010111000100011
11101010010100000010111000100111
11011101100000000000100010010011
01010000100000000010011100000011
11100000000001100000110011010011
11001001110000000000111000010011
00000000000110011101110110110011
11100000000011001000111011010011
11001101100000000010110110000111
00000000111011111000101110110011
11111010101100000010101000100011
10110110100000000010010000100011
01001011110000000010111000100111
11100000010000000000011100010011
00000000011101101010001000110011
01000000110101100000110110110011
00000001100111001010001010110011
00000000100101010101110100110011
10100001011101000001011101010011
00000001110000101010010100110011
10010111100000000010101000100011
11100000000011101000001101010011
00000001101101110000010110110011
00000001001111111101000010110011
01011101110000000010000010000011
00000001011111100000001011010011
10010110110000000010101110000011
10100000110110011001110111010011
00000000000000100001100100110011
00000001010101010101000010110011
00100101010000000010110100000011
00000000101000100101100110110011
11100000000001101000101001010011
00000001011111010001110110110011
11011111010000000010100000000011
00000001011100100000101110110011
00000001110110111101110100110011
01000000011110001000011110110011
10100000100100000010111000100111
00000000101101111010000110110011
00000000011000110000011010110011
01000000111100101000101000110011
00000000100110010101101010110011
00000000110111000010001010110011
10100001000011101001011111010011
00000001011100010001011110110011
11100000000011011000010001010011
11011001000000000010101100000011
10000100100000000010000110000011
10100110000000000000110110010011
00000000000101100000110110110011
00000000010011110000000111010011
00110011101000000010001000100111
10010110110000000010100100000011
11001010010000000010001100000011
00000001001001001101000100110011
00000001010101111000001100110011
00000000010010101000110010110011
11000000100000000010110110000011
10100000000110111001011001010011
11100000000000010000010111010011
10110100110000000010001000000011
01000001100010101000010000110011
00000001101001111101101010110011
10001111110000000010011010000111
00000001101100110001100100110011
00001001110110001000110001010011
10100000001000111001000111010011
00001001110110011000000111010011
01011101101000000010101000100111
11100011000100000010011000100011
01110000100000000000001100010011
00000001111001111001011100110011
11010111100000000010001100000111
10101001000000000000000110010011
10100000110110101001100011010011
00001101110000000010110100000011
00001001111111010000100011010011
00001001011100100000100111010011
00010101100000000010101110000011
10101010110100000010101000100111
00000000100000011000001001010011
00010111011100000010000000100111
00000001110101011001111010110011
00010110011000000010100000100111
00000001010000011000111011010011
00000001110010011010111110110011
00001001100010011000011011010011
00000001001001011000100110110011
00000000000000101010000010110011
01110101101100000010111000100111
00000001011010100001010100110011
00000001000111000001101010110011
11100000000000101000101111010011
00000001000010101001111000110011
01100110110000000000111010010011
00000000100010100001001100110011
00000001011001000000100110110011
00000000001101111001011000110011
11100000000011111000001001010011
10011010010000000000011100010011
00000000000100001000001100110011
11011011110000000010100100000111
00000000010101101101011010110011
00000001011111100000100110110011
10100000111111011001000111010011
10100000000010111001001111010011
00000000101111010000000101010011
11101000100000000000011000010011
11100000000011101000100111010011
11101111000000000010110100000011
00000001011001001010100000110011
00000001100001000101000010110011
10000101100000000000011100010011
10100000111101011001100111010011
00000000111011110001001000110011
11011000000000000000111000010011
11110100101100000010000000100011
10010011000000000000100110010011
01101001100000000010010000000011
01000000100000000010010000100011
11100001011100000010010000100111
00000000000111001010011110110011
00000000101101010000011100110011
00000000111010011000000011010011
00011001010000000010101010000111
00000001101010000101010110110011
10010011011000000010110000100011
01000000010000101000101100110011
00000001111101010000000010110011
00000000111110001000010011010011
01000000001001111000011110110011
00100111001000000010101000100011
00000000001101110010010100110011
01101010110000000000011100010011
11111001010000000000100010010011
10100000000111101001101101010011
11100000000010001000101001010011
00000000011101110001101110110011
00001001010110111000011101010011
01000000100101100000111110110011
10100000001101111001100011010011
00001000111011101000100001010011
00000001000000110010011100110011
00011011100100000010110000100011
11001000001100000010100000100011
01110100010000000010101010000011
00001100010000000010100110000111
11011100100000000010101010000111
01011010110000000010110000000011
00101001011100000010011000100111
01000001010001000000001100110011
01100000000000000010000000100011
00110001010000000000101010010011
10011101000000000010111100000111
00000001110001110000011100110011
10100001010011111001011011010011
00001000000101100000001101010011
01000000010100100000000010110011
00001111110000000010110110000111
10101110010100000010111000100111
11100000000010000000001111010011
01011101010000000000100110010011
11011101010000000010110000100011
11010101110000000010001100000011
00000001001110011000101010110011
00000000000100001101010000110011
01100101000000000010001110000011
11100000000000001000110001010011
00000001001000001000100110110011
01001101100000000010110000100111
00000000011101100010101010110011
11100000000011000000000111010011
10100000110100011001101011010011
00000001010001100101001000110011
00000001101110101101011010110011
00000001001101011010011100110011
10111110000000000000001000010011
00000000101100100010100010110011
00000000111110001010001110110011
00000001100111101101110100110011
01000000110101111000001110110011
00000000011101010000010001010011
01000001110010100000111010110011
01000001110110001000111100110011
10101111000000000010010110000011
00000000110011010101010110110011
00001000101011110000111001010011
01000000001011011000101100110011
00000000111111011000111001010011
00000000011001011010110110110011
00000001011100000001111100110011
00000000111101010101111010110011
00000000111011011101111110110011
01001110100000000000100010010011
01100110100000000010001010000111
01000001001011111000010010110011
01000001100011001000010000110011
00000001101011101101011110110011
11100000000001001000000101010011
00111001010000000010111000100011
00000001000000000010111000100011
01000000010001001000101010110011
00000001101110001101110000110011
11100000000000001000100111010011
11000101111000000010111000100111
00001001010101111000011011010011
01000001001001101000100000110011
00000001011110011101011110110011
01111110011100000010100000100111
01000000111010000000101100110011
01101000010000000010100000100011
01000000110100111000001100110011
10100001010010000001100111010011
00001000100100101000101101010011
00000001111001011010001110110011
00111011111000000010111000100111
00000000011001111010110110110011
00000000110001000000010010110011
01100000100000000010000100000111
00001001100100101000011001010011
00000001000100101000100100110011
00000000010111111000100001010011
01010101000000000010000110000011
01110101110000000000000110010011
01000000011000101000011010110011
10010101111100000010101000100111
01000000001110101000010100110011
00000110100000000010111000000011
01110110110100000010111000100011
01000000011011000000101100110011
00000000011100110101100100110011
00000000101111100101100000110011
00000000000000011000101010110011
00001000001100000000001011010011
01010100010000000010111000100111
00000000100011101010011100110011
00000001110100101000111001010011
00000001000010011000110111010011
00001001110011111000101111010011
01001000011000000010101000100011
00000000100011101101100110110011
01000000011100001000001100110011
00000001110000100010100000110011
11000100000000000000111100010011
00000000011111110001001110110011
00001000100100010000110001010011
10011100011100000010110000100011
11100000100000000000101000010011
00000001111001110001010100110011
10000010100000000010010110000111
00000001010111001010110010110011
00000000001100000010100100110011
11001101111100000010111000100111
01000001000000010000100010110011
00001001010100010000101001010011
10100000111100101001110111010011
10000000110100000010101000100011
10100000100010010001111101010011
00000000110010001000111001010011
00001001011110001000000101010011
00000001011110101000010010110011
11100000000011110000111011010011
10000011101100000010101000100111
10100000000101110001010011010011
00000000000110110001111010110011
00000001101001011101111000110011
00000000101010001000101011010011
10100001110001110001101001010011
00000001001011100010001000110011
00000000000000000000000001110011
00000000001000100110110010100001
10101000000100111101010010100110
00000000000100000000011010110110
11100011010100011011101010111011
00000000001111001011110111110010
00100001010110011010110100110011
00000000001100000001100101000001
11111101000000011100010111100011
00000000001111011000011111111011
00000000000000000000000000000000
00000000010011000011010111001100
10111001111010101101000000000010
00000000010100011010010111000111
01010011111010001101110101100100
00000000001111101010001111001110
10110010100100100111010010000010
00000000000000000001010100111000
01000101000001000000101011000001
00000000000111011000000000001010
00010111101001001000011000110001
00000000001010000000101011010001
01110000000001111101110101100001
00000000000011110101100100100111
01011000001010010010110011111101
00000000001100000010111011000101
01111001010001010100100110100010
00000000000001111000001010000110
00000000000000000000000000000001
00000000000100101100000001110011
00000111101010111101011001110100
00000000011011010011101011100100
00010000000000000110001010101011
00000000001111110001110101101000
01010010001010001001001110010010
00000000000000000000000000000000
10100100110000101111011111010101
00000000011000010011000110111101
00010101110010110011111001000001
00000000011110111000001010100111
11010010011110101110110101100010
00000000011100010010010000001011
01000111001110010001011101100111
00000000011001101010010110000101
01010111110000110000011100011101
00000000011000000010110111011110
00011111010110010000101100000100
00000000001010101111000001001011
00000000001111101010001111001110
00000000001011000111010001100111
01100001101000110000100100100100
00000000010011100111111011100110
01001111110010011100010000100011
00000000001100110001100001100111
00011111100101111001111000011100
00000000011011010000011010010110
11111010111100111010111110010100
00000000001001011111100111101100
01010100000111111111110100010101
00000000011010000101010111010100
11010101100110001101101100111100
00000000010000100000001011011011
11111010011111111110100011101001
00000000010100110001110000110100
01011111000010011101100000111011
00000000010001001111000111010000
11110000111111000111011110000101
00000000001111000100001110001110
01010011001000100000110011101000
00000000000110001000110101100110
00000000000000000000000000000000
00000000000000010111010101001000
01110100001100011100011011111011
00000000011001001010000010010111
01000101000110010001010011110100
00000000011100000011010001110110
10111001111010011110000000100010
00000000011000010011011100101011
10000001111111110011001100100110
00000000001010011000001101010010
11010110111000111101010000010111
00000000000111100110000010110000
01100001101011010001100001011111
00000000010111011000011010000010
10101110000100101100111101000000
00000000011101110011000111111001
01110001110110110011100001111100
00000000010100001011100101001100
11100111111111000010110010000101
00000000010011010010010001011011
00100110011000011101010100100111
00000000010010010001011010000010
00111010010000010101000010111001
00000000001011101100100000101111
00010100111111101011010100010111
00000000011011111100111110001010
00000000000000000000000000000110
00000000010100101101101011111111
11101000111111111000101011000101
00000000000010010101111110010011
00011011010011100001101111110111
00000000001100001111100110011111
00010010110101010101001010101100
00000000001100101100010100011001
10111001001111001001001101100111
00000000011010000000101110011011
11110010101101111000000011101110
00000000011110111110100100111011
10100010000100101000001000111111
00000000010110001001100110011010
01010010111111101000010110101101
00000000001111101110000100001111
00111100011010110110000101000110
00000000001010001110000110111011
00000000000000000000000000000101
00000000000110111000001010100100
01100100011000001100111010110000
00000000010011010100010011011010
10110010111100101000100000111000
00000000001001010110110110000011
00010010011101000000000000101110
00000000011011001110011101111010
01100000101101110101000000110100
00000000001001011001101001011001
11011001100110111010011011001100
00000000000011100100100010111110
10111011111101000011100001110101
00000000011001000010100011100001
01000111110101001100101111001101
00000000010100011011010000011011
11110111100011000011111011011000
00000000001111100000110101100010
10101000000100010001101100010011
00000000001110110101001010100010
11110000110110001000101110001010
00000000001010001111011110111111
10011000001001000110100111100011
00000000001100101011001111110000
01101111000101000011000000011110
00000000001101110110111000000011
01011110101111001100100000100100
00000000000011111100100111011101
11111111011100000001100100100100
00000000011010111011100101111100
01110111010000101110010110001010
00000000000001111110000010010001
00000000000000000000000000000000
00000000001000000110000111000101
11101100100110111101010101100000
00000000011101111010001111000010
11111110000010111111100011010000
00000000001011111011110001111110
01100010000111011111001011100001
00000000001110010101011110110111
01111101100011010100101100001101
00000000001111101101011100100001
00001011001100101011001110101111
00000000001100000100001010101110
01100011110000000110100110111110
00000000000111100010101111011001
00011111000110011110111101100000
00000000000000000100101101010100
10100110000111111011111000000010
00000000000010000011101000110100
01101000001111000101100000001000
00000000011111000010111001111101
01000110110010100010010100110011
00000000011011010101010101101101
00000000100111001001010110010011
00000000010101111000010010000111
10001001010101111011000100100011
00000000001000111001100000001101
01001101101110000011000001110010
00000000010111100101011001000101
00010101110000100011000011101010
00000000011100001001011000100100
01010101000111100000011010001101
00000000010100010000010100100110
00011111000111011101111000110100
00000000001011011111101110100000
00011010000001110001110011110100
00000000010001110011111001010001
01010010001100110111111000111011
00000000010110011001100110010001
01010100111101100110000111111010
00000000001101111011001010100011
00010010101000101000001001101100
00000000001011101100100001100011
10110000110000110000011110110001
00000000011110011001001100010101
00000011111111100011011100001000
00000000011111100111100100001010
00100001010011010111001110000001
00000000001010100011111000101100
10001011100101100110000000001011
00000000011100011101000001110111
00100101010001110000100111011111
00000000001010011101011011011101
00110011011110100011010101010101
00000000000101000110011101100011
11101001111001101010101110101100
00000000010000101110100100101011
10011100011000001111000001000110
00000000011110011110000111010001
10110011010100000010100010011100
00000000000000011010011000111011
11000110011100111110111010011110
00000000010101011101100110110010
00110110000110001100110110101000
00000000001100101001000101101110
01011111010001011010101011010101
00000000001100000100010011100000
00010100010101111101100101100000
00000000011110111001101101011100
10011101000111101001111001000011
00000000010000011101110111111111
00000000000000000000000000000000
00000000000111000111101000011010
11110110001111110000010101011001
00000000010010111001011111100101
11111100011011011110010010000010
00000000011011110001110010101101
11100111100111001010010101100010
00000000011001100110001111000101
01111100101010000101001000011000
00000000001101100111011011001011
00101001001111010001010101011110
00000000011000111010110000110111
01011011000110011000100011110111
00000000000000011100000101110000
00010110000010001101011011011100
00000000011011011001111010100100
00001000011011100001110010101011
00000000010100111101010010011110
01010110100001110011001110000001
10101100010110110110100011100001
10001001011001110001000101101100
00000000000101001000000011101100
11100101111110011010101000000010
00000000010100000011010010001110
11000101010010110101110101111110
00000000010010001101010100000001
01011011001000110010001100000110
00000000000111110011110111110100
00000000000000000000000000000000
00000000010110010100111111111110
10000010010111011001101101011111
00000000011111000001111010000001
11100111011101101000011111011110
00000000000111110101000010001000
00100001011100111011001011110000
00000000000001000010011010111100
10000111000100111011110011011100
00000000010110100101100000000101
01110101010100010011001101100000
00000000001010111100011111000010
01001000101110001101000100001000
00000000011001010110000010100101
00000110101010111100110101100100
00000000010100110001011011100110
11010001010110001000011110111100
00000000000111111110101011000001
00111100101100010100100111000011
00000000010001101000000101100110
11100111100101100111010001010011
00000000000000000001100110010000
10110010011001100001000011010000
00000000000101011101000001101000
00010010111010001110000000101101
00000000001010110100010101101011
00111110011000011000011111111101
00000000010111011011010100100001
10110110010000111111001010111110
00000000011111100001001101100110
01000000111100101110001001101101
00000000011100011010000100111000
01110100111011000000011101010000
00000000010101011111001101110101
01101010001110000011101101111101
00000000011010111100001010101101
10101110110010001101000101111111
00000000000000100110110110001100
00101000001101110001101010110011
00000000010100011101111101010001
11011010001010100100000101001010
00000000010011100011010100101110
00011011011010010011001101111001
00000000011101111010100111001000
11011000011110101011101001000001
00000000011110111011010110010011
00000000000000000000000000000000
00000000011110011111001100010101
11100011100111101101100011111010
00000000001100000100010011000101
01011011111010110111011111110010
00000000011011010110100000000010
11110000110000110010001011010010
00000000001111001010111010011010
11000010001110010011000100100110
00000000010000010110001001111010
00011010010011011101111010011011
00000000001110100010111000001011
01000011110010000111101000011011
00000000011101011101010001101101
10100011110011001010110101011010
00000000001111111000100110100111
10000010110000011001111111110001
00000000011111111001101001111110
11100111110000010010101010100011
00000000000010011100001011011101
00001010100101001001111110001010
00000000011010011110001000101100
01001001100000110010010011001001
00000000010001101101111111111011
11000100001010010000101000101100
00000000011111010110110111111110
00101100001000011101000001101010
00000000010110101011110100010101
01100100101111110010110010010010
00000000011010100111010111011101
00010101010001110101101011100101
00000000001100110111101010011000
00011100100101111110000111000011
00000000010011111110100101110101
01101001010101110111101000000101
00000000000000000000000000000110
01111101001010111100010111100000
00000000000111000010010001110010
11000101101011010000100001010110
00000000010110101101110000000000
00011000110011111111001100001011
00000000011000010010110000111001
11001010101110000001010101100110
00000000001111101101111110010110
11111110001101000111110010110100
00000000000110100110110000101110
11010101100000101100000100101010
00000000001111001110001110001111
00101101100001000100001000100111
00000000001100111001000100001000
01111011100010000011010100110000
00000000000110000101100111001111
00001000101011010010110110000010
00000000011011010010101100001101
10110111001001000111110011101001
00000000010011111100101110101110
10010110010000001001111011001000
00000000010111010010000110000010
00011110110111001101010100110110
00000000000110001110001110100010
00000010011011101000011001000111
00000000000011011001000110001000
10100010110001010011100011101110
00000000011110110001111010000000
10100000010001101101111011111001
00000000000010101101011010001111
00000011001101110110001110000001
11011011111010000001000110010100
10011011001001011000101010010110
00000000000111000000110100101000
00001101001100001100111010011001
00000000000010110000111110100101
01110010011000101011110011111100
00000000000010101101111010011010
01011101011111100011011111011011
00000000001011110000001101101110
11100100111110100000100100010101
00000000001111011010100001110010
10000000000110100111001000000111
00000000000111111011001100010111
10000110101101101010000110100000
00000000001001110000010001011101
00000000001100100011101010100101
00000000000100010001101011110000
10100010110111010000100001110010
00000000011011101010100011000101
00010000000111011001010000111011
00000000000100111011011001001000
10110001010111111101001101000001
00000000010010001011010011001101
10010011000001000111100011010000
00000000011100101010010000010011
10000001110110000111110101110111
00000000001001111110001101101000
11011101110011011101101011001110
00000000011011001001001101010100
11000011011010011110111011011000
00000000000000000001011111100100
01011110101001100000111111001001
00000000000011110100111111010101
11111110010011010111000111000001
00000000010010110111110111111011
00111110000001100110101000011010
00000000000000000000000000000000
10010101101111011111011001011110
00000000011010011110001000010010
10101100011101001110111110010110
00000000000111011111001110010111
00001001101001101001111101111010
00000000011100011101110100011101
11101111111001000000111011011010
00000000011001110001011110101110
00010110111110100001100000001001
00000000001111101001001100111000
00000000000000000001010101000000
00000000010000000000001010000110
00110011010100010110001111100001
00000000000010111011101111101011
11000011100100101011011011101010
00000000000000000000000000000000
10101100000001001001001111011010
00000000000000011000010010011011
00010101010001110101101011100101
00000000011100110101101100111101
00000000000000000001101010100000
00000000010101100011110011011000
01000111010000001111101000110101
00000000000000000000000000000000
01101101110101100111101101101100
00000000001110000011001001010011
00000001011000110100011111101001
00000000011010000100111100011100
00001011101011001011001000000110
00000000011000110010001000101011
00010011011000111110111110001001
00000000000000000000000000000001
10010000100000101100111101110001
00000000010101010010110100111010
10111101101110010111011001000100
00000000000000000001100001011100
10100110001001110111100010101100
00000000000110010101011101011000
10011000111011011111110101100010
00000000000000001111101011100101
01000001100010010100101010001101
00000000011010011010010011101100
11100010111010010110001111110111
00000000001101010000110000001011
01001111110010011100010000100011
00000000000111111101000000001100
11100101000110010010011101011100
00000000001111011011011101001100
10110110010111100101110010000001
00000000010110000110111110011010
00000000000000000000000000000100
00000000000010000111011110001111
00101000000101010011010111110101
00000000010101111101001011010110
10100110100000101010100010111100
00000000011011011111010100110111
11011010000111000110010000010111
00000000000000000000000000000000
10001111100010100110010000010010
00000000011111110111011100101011
10100111000011110001011110110111
00000000001001111000001000000011
11101010110110101111110111001010
00000000001101111010000111100001
00101011110111101111100100101100
00000000001100100111100011001111
11001100011001000101110101101001
00000000010111001101111010111011
10010000100110000111011001111011
00000000000000000001100001011100
00100100000011011011010000011111
00000000001110011010010000011110
01000000110000011101011111011000
00000000011010001111000001101010
11010110110011101010010000100110
00000000001111111100011111101111
01110000001001000110011000111011
00000000010100101000001100000001
00000000000110000011001101111110
00000000001101100101110101100000
11000011110011010010110001101001
00000000000000000000000000000000
01011011011010011110000000110100
00000000001110110100110011011010
10011010001010011001011111010111
00000000001011011001110100010011
01110000010100011011101111101011
00000000000001100011111110011101
11001101001100101101100000110001
00000000010100101101011110001011
10000000101101000000111101000001
00000000001110100011100101110110
11000000111011110100110001010011
00000000010010000100110100110101
01011010000010011010000010001010
00000000011111001111110000001111
11000100100011000000011010111111
00000000010110001010010011110010
10001011010010011011011110111111
00000000001001010010111001001000
01010001010001100010011011001000
00000000001001011010011011100011
01101101001100000001110000100110
00101101010011011000111111111000
10100000110011011110000010011110
00000000010110001100001100000100
11100001011001010000010111011100
00000000010111001111100010000010
01001010101101000011111110111111
00000000011101010001101101011111
00001000101010101100001000010111
00000000011100010100001111111010
01010001110110001011111010101011
00000000000000110101010000000001
11000010011001100110101010100100
00000000000000000000000000000000
01001000001100111100000011010110
00000000001010010000001001111101
10101111110011100011001011001100
00000000011111010001001010111010
10111100001100011000101111010101
00000000000000000000000000000001
10110100101000001111111010100000
00000000001000111011000011100100
00011000010110001001001011100011
00000000000110110011000111001001
01111001111100101110010010010000
00000000010001000011011011100101
01000001111001010001101110010011
00000000011010000000011111110100
00000000001010011010110010001101
00000000010100101010100001010101
01100000000101011111001001001010
00000000000001000100100111111000
00000000011001101010010110000101
00000000001111101100111100101101
00000000011011010010101100001101
00000000011001000001001011001000
01011100000110100010010010001001
00000000001011001110010101011110
01001110110011010011010101101000
00000000011011101010010011110101
11001001001000011001001111011111
00000000001001011101110100010011
10010000110000001010110101000100
00000000010001100111010110011001
10001010111111100100001111001010
00000000001101100111001111001000
00000111010000010111100111101101
00000000001110111100001100111100
01000101100010011111011101100011
00000000011010100010111000010000
11010000101001000111101001110111
00000000001110111001000010110101
01111000001111001101100000100100
00000000000010011100000110010110
10111001010100110011111011011110
00000000001010111000110100110011
00000000011111000001010011101010
00000000011010100110100100001100
11010000101011100111110100011011
00000000010010101011111100111101
00010001010111101101011111010001
00000000011011110011110111110101
11010100010100011110011010100010
01000110011110111100000010000000
00011101001101110111011101111010
00000000000100010010110101000101
01010010111111011000010110101111
00000000011110011000000001001000
11110000101101110101000111000010
00000000001111101100101001101101
01100010011001001001000101011101
00000000010101011110111111010110
11010001010010110100110100000110
00000000011110100101011100001000
10001011101010010010000101101110
00000000010110000100011001001011
11101011110001001111010010110101
00000000000111111100111111000111
00000000000000000000011001100000
00000000011110011011100000111110
01100101101010100111000001000101
00000000001011000000110001111111
01111001000011111100110101111100
00000000011101000100010010011010
01000010101010101110001010000000
00000000010001010000011100111101
11011001000111001110001001011000
00000000000000011000110110100000
11000010010100111010111100101111
00000000010001010010010011011100
10001101110011000001000111001010
00000000011001110000110101100101
10100100101111110000001111111000
00000000001010010010101111000000
11001111100000110101001111111111
00000000011000001100011011101001
01110010000000001000010011011000
00000000011010011001101110011101
01000011000010101101000101100010
00000000011100100001110001110000
11110001110010100001110010110101
00000000010000110110110110110101
00011100101010001101001101100100
00000000011001001110110110000110
11100110100100001100100011001111
10000000000001100001110110101000
00010110110100111111111111110111
01000010101000000110010101001110
00010000110000100100010001010111
00000000000011111110111000110001
00110100111110010101000101011110
00000000001111001111110101100000
10101110001000000010100000110000
00000000011101010010111000110101
01000010101000000110010101001110
00000000010110111001011110001000
10000000001110001100001000100100
00000000001110110100110101000101
00000010101110011000100101101111
00000000000000001101001111000001
10111111010111010000010000101110
00000000001101101010111111101101
10111001100011000010011000010001
00000000001110100101101011011100
11001111111111001101111000101111
00000000000001100011011001011010
01011010011100100010010111111110
00000000010011001001101101011110
10010111010011010110001000011010
00000000010001001001101000011110
00101000110000101010010101010101
00000000010100100011100101110100
11011100000000111011011001100110
00000000010011100001010111011000
11011011111010000001000110010101
00000000000011010010100010100000
00011111100101111001111000011100
00000000001101011110000000011111
01000011110000010110001011110111
00000000001000000110011101001000
01111000000101110110010100000111
00000000000100100010000011111001
10010001011110101000100010010101
00000000010001101111100011011000
10010101000111111011111011001101
00000000000000000000000000000000
01010010001100110111111000111011
00000000010001000110010110011011
11000100100010001010011011100011
00000000000100010001010101001111
11011001000100011110000111111000
00000000010111001111000000001011
01000000111110000001111000000100
00000000011100101110001101010100
01011100111100000010111011100110
00000000010110011001001100010101
11001000011010110001000000111110
00000000011110100111101011010100
11010101111001110001011011011101
00000000011000111110000110000011
00000110001110001011011011110001
00000000010101101101000101010010
10111111001110010011100011101001
00000000011101100110101000010110
11101011001101101001000100001000
00000000000100101000000110011111
00110101000011000010010001000001
00000000011011011011010011011000
00101100100011011110111001110100
00000000000000000000000000000000
01011100000011001110001000010001
00000000001101101000000010100000
00100001111000000000110110001111
00000000000000111111000110100111
11111111111111111111111111111111
00000000011001111001011100110111
10011001011110101001101001110011
00000000000000111100001111101010
01010010010110110101000111100101
00000000010011111000100001100000
10100000110011010001110110110010
00000000010110110011010001011011
00010110100001011100101100111011
00000000001101011010011100010111
11110011110001001011000011100111
00000000011010111111011100101011
00000000000000000000000000000000
00000000000011111011001101100101
01101101000001110111101110000010
00000000010010000100111001000010
10001101111101100010101010100111
00000000000000000000000000000000
01100011100100111000001110111110
00000000010101011010111110001011
01000001111000111010100110110101
00000000011101010001000110100111
00000100101110001110101101110111
00000000000111110011010110011001
10011010011011001001010101010011
00000000001111100011100101001000
00101100111110110111110001011001
00000000010110001011001100101111
01100000111011001101001001101001
00000000011100101001010001101111
01111000110011111100100011000100
00000000010011100110000010111101
01011011110011011110001101011100
00000000001001011000001101111000
11101001011110011101001101010011
00000000010011000111101100010100
10100000010011111001000111101100
00000000001111011101000010000011
11111000010101001001110110111010
00000000000011100100010101000000
11100001011110110110001011000010
00011111010110000001010001110101
10010100000110100100111010011110
00000000000010100110101100101101
00110000100011010100100110010101
00000000010011000001111001011010
10011001001011001010011010110011
00000000000000000000000000000000
10000110000000101011111100000101
00000000001010011010110010001101
11110010110101110111001010000001
00000000000110101011000010000110
11100111001111001000001010001001
00000000000000000100101000111100
01011110010101111100100111011111
00000000001101111011000110001111
11000100000000001011010011111001
00000000001011011111001000000100
10001011110000000000011111000101
00000000011001100110000111100100
01000001001110100101001100110010
00000000000000000001100010010010
11101101111101010011010010100010
00000000011010011000001001111011
01010010000111110101000000100011
00000000001011110001000101100110
10110100110011011100000111110011
00000000000000000000000000000000
01011001011111111011000011000010
00000000001101011000000001010011
00000010000100111101001011000110
00000000000011110011000110011110
01110000001101100011011111011001
00000000000101000100000101100111
00011101010010011110011100110010
00000000000101000000010010001100
11111110111011011001001010010111
00000000001010100100111010001000
00110101101010110010010000000011
00000000011111011111101000111100
11111110111100110001111011011100
00000000000110100010110111111111
01111010111011010101101111001000
00000000011001101010011010101111
10010000100100110010011111111100
00000000000000000000000000000000
10101001111100100000000001010011
00000000001100100011101010100101
10001101100010111110101100010110
00000000000011100000011111000000
10001000110001101011011001001110
00000000001100001101110010101010
00010101000111100110100101100110
00000000010011011000100010001000
01001100111110011011011101010010
00000000010000101000100110111111
11101001101010101000001111111010
00000000010100011101111000110011
01011101000111000101100101110101
00000000000001001100100001101100
01001111110101100101101111011010
00000000011011110110110100110101
10110011000001111110100001111101
00000000000000000000000000000000
01011101110101000001000000110000
00000000001011100001010110000011
00010011000000111101110101110001
00000000000100010110001000011011
11110000001011000101011011111110
00000000001111100010001011101110
11011001010111110000011011100111
00000000011110100100110000001000
10011010101010100100010001100111
00000000011011100010111110101001
00110110001000011010101010110010
00000000010010101111100101001110
00100101100001000100101001001110
00000000000001011000101100110100
10001001100001010100001001101110
00000000001011111010011101001001
10110111110101000100100011101010
00000000010111010011100011110010
01111111001011001011001110100010
00000000000001111110000010010001
00001001101101100100101010011011
00000000011101011110001100100110
01010101110000000011010001001111
00000000000001000011001010100011
11010010101011110111101100110111
00000000010001101111000100110101
00111011010011101101110110010111
00000000001101101001011000010011
01011110101010101110001100010111
01000010101000000110010101001110
01110100010011101001000010001100
00000000010111011111101100010101
01111000110011111001001100111011
00000000010111101000101101000111
00000000000000000000000000000001
00000000011101110000000000010010
10100101110101010110000011111010
00000000001111000000100110000100
10011100101001100111100101111111
00000000010010011000000101000011
00010000100001000011110011101000
00000000011011100100100010001110
11100100010010110011011011000001
00000000000010011111110010110110
00110011100001110110111001111101
00000000001101111111010100100000
10111000000010111000010000011100
00000000010111111000110111101001
10101000110001011110110101000111
00000000001010110111110000110001
01110011011100000010001000010011
00000000001101101000100001111001
01011011011010000101100001111010
00000000001001001110001100111010
01101010110000000011111010101000
00000000001000100010101011001000
11011001100010001111001000100101
00000000000110000001101011100011
00111101000001110100110111100101
00000000010100010000011010101101
01101111001110111000000010011110
00000000000000111111011111000011
01100011010101101000111000110011
00000000001000011111111010101010
11110010111010100111110001000010
00000000000111011111100010100110
00011110011000110000000100110101
00000000001110010010001110111101
10110010111111011101001001100011
00000000000011101100011011011110
00000000000000110101010000000000
00000000000011101110100011111000
11000011101101010101101010100001
00000000000001010101110110010011
10011111011010011100000010011101
00000000011001001011001111110001
00110111101011011010001101111111
00000000000000000110111110111000
10001110110110111000110010010011
00000000000011100011110110101111
00000000000000000000000000000001
00000000011101110010101001011001
01000000001100110100101011001001
10000000011100000010101000100100
10110010011011100010111100110010
00000000001001011001001110111111
01010110101000101011001001100010
00000000001000001101110100101010
00010001011000010110000101001100
00000000001101110110000001101001
11010000110111000001001111100010
00000000011011001101100100011101
01110011100100100011101011100111
00000000011010101010101000111000
00010000011001101000011101000000
00000000010011001000000000110110
01101101111001011101011110100001
00000000010101001000000011000110
00000000000000000000000000000000
00000000011001111000111011111011
11111010001010111101010100001001
00000000001101100111111100000010
11110001100010010100011011011001
00000000011011011110100101100101
11101000101111111111100101101001
00000000001000111011011000011001
01111100100111110011110111111110
00000000000011100000101010100010
01110111001110000100101110100110
00000000001011000110100010001011
11110001100010111010101100100011
00000000000100000011100101111100
01111011101010011001010110001100
00000000011101011101100100000001
10011111100011111111100111101110
00000000001111101101110110110010
01101000110100010110100001101111
00000000010100011100000101110110
11111001010011101001011111010100
01010010001100110111111000111011
10011001001000010000100011110101
00000000001010110001001001111110
00101011010101011100011110011000
00000000000100010011010011100000
01000100111101111100011010011111
00000000010000110000011100111000
01101100101010101000000000001001
00000000000011110011110110100101
00101110010100000100000110100011
00000000000110100001100010111101
11011100111101100010010110111111
00000000001101101001000110101111
01000011100101010010101111101001
00000000011110001111111000000110
01011111100000000000011100110011
00000000011010100000101101010110
10101100010110110110100011100001
00000000011101100110010110010000
10100111100011111001101101110000
00000000000001010001010000010010
01110100111010110001000110100001
00000000010110111111000111000011
10000011011110000100111100011001
00000000001011111110100011010001
00000111111101001001101011000101
00000000000111101000011011001011
00001100100100010100100101011110
00000000010000010101011010011101
10101100001011110011011001110100
00000000000000000001110101111100
10110110010000110100100111100100
00000000011101110011110010100000
01101001000010110110001000000000
00000000001000010010110100011101
01000010001111011010100101111111
00000000010011010110001110100001
11100111011110110110100000100010
00000000000101100010111101011101
01000010111010000001101100101010
00000000001101010000011001111010
11000100001100001111111000101101
00000000010111111101110010011100
00111101101100111010101001000011
00000000000000000000000000000001
00110111100111000010110101000000
00000000010101101100111111011100
00001011011011111100011100101100
00000000000101110100100010010101
11010010000101110011000000100100
00000000010010010100100111000101
01110100000001100011100111001110
00000000000101000101000111011011
01111100010100101110100001001001
00000000010100010111001100011001
00011001001001011111000101111110
00000000010111000101101111101111
00110101101011100110111100011000
00000000011000101000100101010000
00100100111100111110110000011001
00000000010111110000001101101001
11101001011101001010100001000110
00000000010100110011100110011100
00100011001111001110100101101001
10101100010110110110100011100001
11001100000001010100010010001001
00000000000111111011110101000111
01100001001000101000001101101101
00000000001101010011100100100100
11100100111010010010101101001011
00000000000110000011001101111110
00010110110101010001101101101111
00000000000000000000000000000000
01001000111110110100110110101000
01001111110010011100010000100011
10011000010011010001111010110001
00000000010101001111100111110111
00000000000000000000000000000000
00000000010100100010000001101110
10000100110010011101000010111010
00000000010010100111011000101110
00000000000000000000000000000001
00000000001111110110100110000001
11001110110101101010010000010100
00000000011000111000000101000000
00000000000000000000000000000000
00000000010011011000001001011010
00110011011010111011110000111101
00000000010110101011000010011000
11010000010100101011001000010010
00000000010111001000001001100100
11000010100110001110001111100000
00000000011010100101011011110000
10110110001111011110010111001101
10010110101001101100011111111011
11010011001110010100010010111001
00000000011111111100110011111110
00010111110100100100111101001111
00000000010001001011010011110101
01101010001100111101111000000100
00000000011011011010000000101011
10100100011100111000111101100001
00000000001111010001010110101010
10101110000100010100110001011001
00000000000000110011111100101111
11111101011111010101101010011000
00000000010110101010100001100001
00100100000110110010011101000011
00000000011111110000000010100100
10001111000001110000101010111001
00000000000101010001100011000110
10101000011110000000101101110011
00000000000110000000011100000010
01011001011010111010100001010111
00000000000000101100111010111000
11000101110110100001010000111010
00000000011101001000100000110111
01101011101101011011111110111001
00000000000010000010001110111111
10011100110011111001100001111110
00000000001101001011011111001101
11011111001000101000101000001001
00000000000100110001101100001101
00001010001111111011100000110100
00000000010010100011110010101111
01101001010110010100100101010001
00000000000111000000010011100110
01000010101000000110010101001110
00000000011111100111010100001110
00011110010100110010111100100001
00000000011100011110011011110101
10101110101010000100111100101010
