01111111111100000000111001100011
01111111110000000000000000010011
01111111110000000000000000010011
00001000011101101000010101010011
01000001011100000010011000100111
00000000101000111000011101010011
00000000010000100000101111010011
00101110100000000010001110000111
00000000101011100000111101010011
00001001111101001000010011010011
00001000110001010000101011010011
00000001110000010000001101010011
00001001001100111000111001010011
00101100110000000010001110000111
00001000110110011000111111010011
01111110100000000010111000100111
00000001001011001000001111010011
01000101110100000010011000100111
00000001011000001000000101010011
10010011010000000010010000100111
10000010000000000010110100000111
00000001011101011000111111010011
00110110110000000010100000100111
00000000001011010000111101010011
00000001100110010000000111010011
01111110111000000010011000100111
00001000100110011000001001010011
01100111000000000010100000000111
00000000001101100000011101010011
00001000100100000000001111010011
10101101010000000010110000000111
01101100101000000010010000100111
11000101000000000010100000100111
00000001001111101000010101010011
00111011011100000010111000100111
11101011010000000010000010000111
01000011000000000010110110000111
01100100010000000010100000000111
00111001110000000010011110000111
11101101111000000010110000100111
00001001101100000000010101010011
01101110001000000010010000100111
01010000100000000010111000000111
11010111010000000010110110000111
01001010101000000010110000100111
10011101111000000010100000100111
01010000111000000010011000100111
00000001111111111000110011010011
00001001111001000000010111010011
00001110100000000010010000000111
01011101110000000010011110000111
10110001110000000010111010000111
10000001000000000010110010000111
00001001110001010000111111010011
00001010010000000010101000000111
00001001101100110000100101010011
10000110000000000010111010000111
00001001110010011000010011010011
00001000110101100000101001010011
00001000001010001000001001010011
01000010011000000010111000100111
00110111000000000010010000100111
00000000011100101000111111010011
10110101110000000010100010000111
00001000111111010000001011010011
00000000100011000000001111010011
10011001010000000010101000100111
00000001111010010000011101010011
11111111100100000010100000100111
01000011101100000010010000100111
00000000010101101000100011010011
01110001010000000010101000000111
00000000001011100000100001010011
00010011111100000010110000100111
00011100111000000010010000100111
00000000001110111000100101010011
00000000101000000000111111010011
01101101001100000010000000100111
10110011010000000010100010000111
10011001000000000010110010000111
00000001101001100000010001010011
00001000101100000000110111010011
00001001111100110000101011010011
00001000010101001000001101010011
00000001101100101000011101010011
00001000011100001000100101010011
00001001001001000000001011010011
01010110010000000010011010000111
00001001101100111000100101010011
00000001100011001000110001010011
00001001001101110000001111010011
10011010110000000010110110000111
00000101000000000010101100000111
00001001000110101000100001010011
11100010100000000010010000100111
00000001000101010000111101010011
10100011011000000010110000100111
00001000111011100000000011010011
00001001011101111000001011010011
00000001111111111000111001010011
11010001100000000010011110000111
11000110111000000010001000100111
01101010110000000010010010000111
00000001100000000000101111010011
01111010000100000010111000100111
11100100000000000010000010000111
00000001001110111000011101010011
10101101100000000010001110000111
00001000000001010000101111010011
01110011000100000010001000100111
10001110101000000010010000100111
11000010000100000010110000100111
10110110100000000010011000000111
00001000011011010000010101010011
11110101111100000010001000100111
00001001110011001000001011010011
01101101000000000010001100000111
11101001110000000010001000100111
00111111100100000010110000100111
00000000001111001000111111010011
00001000111100100000110111010011
00001001100010111000110011010011
00000001011110110000111101010011
01111011110000000010100100000111
01011101101100000010001000100111
00000001011000000000100111010011
00001001101011000000011011010011
11000011010000000010001000100111
11011110100100000010101000100111
00101111001100000010110000100111
00000000101110111000011111010011
00001000011110010000011111010011
00000001111110001000001111010011
00000000011111101000011111010011
00000000101101011000111001010011
00001000110010101000001011010011
00000001110000110000111011010011
00001000101111101000100111010011
00001001001010010000111011010011
00000000000010100000110001010011
00011100111100000010110000100111
00001110110000000010101010000111
00000000111111011000110001010011
00111001010000000010010110000111
00001001000100100000011001010011
00001000101011001000111101010011
01100001000000000010110000000111
11100011100000000010010110000111
01010111101100000010110000100111
00001000110001011000000101010011
01000011110000000010011110000111
00000110110000000010000000100111
00001000110000011000111111010011
11101000000000000010100100000111
10110000101000000010000000100111
00001000011011010000100111010011
01001110000000000010100010000111
11101100010000000010111110000111
11110000110000000010110010000111
10110111100000000010000110000111
01000110111000000010010000100111
10001100011000000010110000100111
00000000000011100000010001010011
00000001000001110000001001010011
00001001011111111000111101010011
00000000001010100000001001010011
01111010111000000010011000100111
00010011100100000010100000100111
00011110110100000010101000100111
00000001101101101000011001010011
00000001101111010000100101010011
01111001100000000010001110000111
00000000010111011000101001010011
00001001010111101000011101010011
10111011001100000010010000100111
00000000100000010000001001010011
00001111010000000010001010000111
10001001100100000010010000100111
00000000100010101000010011010011
00001000111000000010001000100111
00100111000000000010001110000111
00001000010010011000010111010011
00000111001000000010010000100111
00001000110011100000110011010011
00000000101001111000001101010011
01010101110100000010110000100111
00000000000100111000111011010011
00000001110110011000001011010011
01011100100000000010111010000111
00000001011101100000010101010011
00000000010011101000100011010011
10100100101000000010111000100111
00000001011000010000010111010011
11010111010000000010000000100111
11111001101100000010100000100111
00001000010100101000111101010011
00001001000101000000000101010011
11001001100000000010001010000111
00000001000110001000101011010011
00000000101110100000101011010011
00000110100000000010100110000111
01101010001100000010110000100111
01110110000000000010101010000111
00001000011100010000101011010011
11101110000000000010001000000111
00001000010000101000000111010011
01001100010000000010100000000111
00000000000111101000100011010011
00001001100001010000000011010011
10010001110000000010101000000111
00000000110110101000010011010011
00001001011000010000101101010011
00001000100001000000110011010011
00001001010111100000011101010011
01101111010100000010010000100111
00000001110001000000011101010011
00000000001100100000101011010011
00001001110100111000001011010011
01100111110000000010111110000111
01001100101000000010100000100111
00001001111111010000100111010011
00001000000011100000111101010011
00110010110000000010101100000111
00001001011000010000111011010011
00110101110000000010100000000111
00001001000111001000001001010011
10010011010000000010110010000111
00001001111001011000101001010011
00000000111101111000101001010011
01101110110100000010110000100111
00010101111000000010001000100111
00001000111110011000110111010011
11000111110000000010111000100111
00001001011001101000101101010011
11111001000000000010101000000111
00000001011001000000001011010011
00000000100110010000010111010011
00001000101110110000010001010011
00001000101011011000010001010011
00000000101100000000000111010011
00000000001101001000100111010011
11001101100000000010111000000111
00001001110100101000010101010011
00001000000111100000100001010011
00101101000000000010111010000111
10100100010000000010110000100111
11111100000000000010110010000111
00001000011011010000110111010011
00100101111000000010110000100111
10100111101000000010001000100111
00001000000011000000111101010011
00000001101011101000101111010011
00001001100110000000001011010011
00000000001010100000110001010011
00000001110010010000000111010011
01000100110000000010010000100111
00001001000000010000011001010011
00001001011101001000011001010011
01001000110000000010001000100111
00000000010110101000100101010011
01111010010000000010110100000111
01100100010000000010011100000111
01101101010000000010100000000111
00001001010110100000010011010011
00000001111001011000110001010011
10100000100000000010011110000111
00000000110110000000100001010011
11010000000000000010100100000111
01000010010000000010101100000111
01000111110000000010001100000111
00001001100011011000100011010011
00000000110101011000111111010011
00001000101100101000111011010011
00001000110001011000110011010011
00000000111110111000000101010011
00001001110101100000100011010011
00000001100111001000101111010011
10011111010000000010010110000111
00000000011111011000011011010011
00000111011000000010101000100111
10110111000000000010011010000111
11010111110100000010001000100111
10011011011100000010000000100111
00001000011100110000010011010011
00000001110011100000011001010011
00001000010011111000110001010011
10100010010000000010000100000111
00001000110000000010011010000111
00001001111111111000111011010011
00001001001011001000011101010011
10011001000100000010110000100111
00000001110001010000101101010011
01110100110000000010101010000111
00001001110110110000101011010011
01010101110100000010111000100111
01110101010000000010111110000111
00000000010000000000100101010011
10010001000100000010110000100111
00000010110000000010110000000111
11001011110000000010111010000111
00000001010111010000111111010011
10111010000000000010010100000111
00001000010111011000010101010011
00001000101110001000101001010011
00001001100000101000001001010011
00111001100100000010101000100111
00000000100011100000011101010011
00000000001001111000011011010011
10010110000000000010111110000111
01100101110100000010111000100111
00011011010100000010101000100111
00000000110000001000010101010011
00000000101110011000001101010011
10111010111100000010100000100111
00001011110000000010001100000111
00000001000100111000100011010011
00000000010100011000001111010011
00000000111110100000100111010011
01001111000000000010000100000111
00001000010010000000101111010011
00010001010000000010010100000111
01110011010000000010000100000111
10011111100000000010111000000111
00001000101101010000010011010011
00001001100000011000110101010011
11011100101100000010100000100111
01000001010100000010011000100111
00000001000010001000001111010011
11110111110000000010010110000111
01001100110100000010110000100111
00010101000000000010110110000111
00011100011100000010111000100111
00100010101000000010001000100111
11010101100000000010000110000111
00001001000000100000011111010011
00001000010001010000000101010011
00000001010110110000110111010011
00000001100010100000101101010011
00111000100000000010110100000111
11110110111100000010011000100111
10010001110000000010111000100111
00000001010101001000011011010011
00001001100101111000000101010011
00000000010111000000000101010011
00000001000010000000101001010011
01111101010000000010010100000111
00001000110011011000100001010011
01001000101000000010001000100111
10101101110000000010101000000111
00000001111011010000000011010011
10000101001100000010110000100111
10110111101000000010000000100111
00000000010110111000000111010011
00001000000011100000110001010011
00000001001011010000001001010011
10001000111000000010010000100111
00000000010100001000010001010011
01001110100000000010011000000111
10011100011100000010010000100111
01000110100000000010001100000111
00000000010110100000001011010011
00001000001111001000001001010011
11101100110100000010001000100111
11010101010100000010001000100111
10101111110000000010110000100111
10010011010000000010010000000111
10010100010000000010100000000111
10001010100000000010110010000111
00000001010011111000011001010011
00001001010001011000001101010011
00001000110011011000100111010011
00000001101011011000101001010011
11011010101000000010100000100111
00001000110000010000110011010011
00000000101110001000110001010011
11010100101000000010000000100111
00000001110001111000001111010011
11100010011100000010111000100111
00000000110111101000010011010011
00000000010001000000010101010011
00000000000100110000101111010011
00010101101000000010010000100111
00001001011110000000000111010011
11111011001100000010111000100111
01110101100000000010110000100111
00000001001111000000110111010011
10111011001000000010011000100111
00000000011100001000011101010011
00000001100001100000010111010011
00001000111100100000101011010011
11100001100000000010101010000111
00000000111011010000111011010011
00001000001000000000011111010011
00000101100000000010011100000111
00000001001110010000101011010011
10010001000000000010100110000111
11111001110000000010000010000111
00001001111100100000100001010011
10100010000000000010011100000111
00100110000000000010101110000111
00001000101110101000100101010011
00000000111110100000011101010011
00000000111000111000101111010011
01001011110000000010011000000111
00011000110000000010011100000111
00001001111110000000101001010011
00000000100010100000001011010011
00000001100110100000110111010011
00001001000011000000000111010011
00011001100000000010011000000111
00001000101110110000110001010011
00000000001011010000000011010011
00001001111000110000100111010011
00000001011100110000011101010011
00000001011101110000101011010011
00010100011000000010000000100111
00001001010010010000100011010011
00001001001001011000111011010011
00000001010100010000001101010011
00001000111011110000011111010011
00001000001011000000111001010011
00001000000110001000100011010011
00000000001011001000110011010011
11001011111000000010010000100111
00001001101100000000101111010011
10101011000000000010100110000111
00000001001100101000111101010011
10101110100000000010101000000111
10110000110000000010110110000111
11101001011000000010011000100111
00001001010010111000000011010011
10011110110000000010101000000111
00000001110000100000110101010011
01101000111100000010101000100111
00000000011100000000100111010011
00111000100000000010011000100111
00000000101100000010110000100111
00101111010100000010011000100111
11000010010100000010101000100111
00001000111011111000101101010011
10110001110000000010001100000111
10111110100000000010110100000111
11010111100000000010110000000111
00001001110110101000011011010011
10001111100000000010000000100111
00001011000000000010110000000111
11000100111100000010001000100111
00110001010000000010011100000111
00000000111110000000111001010011
11100100110000000010111110000111
00100011011100000010001000100111
01010010110100000010111000100111
00001001100110111000111011010011
01001111010000000010110110000111
00001001000001100000001101010011
11100001111000000010011000100111
11100110010000000010000000100111
10011001010000000010010000000111
10100001000000000010111000000111
11000011110000000010010010000111
01001001001000000010011000100111
11100011001000000010101000100111
00000000101100010000111001010011
10110011111100000010110000100111
00001001110000111000101001010011
00110000000100000010000000100111
00000001000111111000110111010011
00000001001011010000000101010011
00000001100001110000110101010011
00000000100000110000011011010011
00001000001011101000100011010011
11101100001100000010001000100111
11100011110000000010010000100111
00000000010111100000010001010011
00000001010001100000011101010011
10001100000000000010001110000111
01011101110000000010111000100111
00000000001111110000111111010011
00001000101111001000111011010011
00000001001111010000010111010011
01000101110000000010011110000111
00001000001000100000111101010011
01110000010000000010110010000111
10011011100100000010111000100111
10011110100000000010100110000111
00001001000110101000100101010011
00001000000010000000110111010011
00001000011100000000010101010011
00001000010111011000111011010011
00001011110000000010111010000111
00001001110110001000000101010011
00000000101010010000110111010011
10100101010000000010010010000111
00001000111000100000111101010011
00001000000110110000100011010011
10000010100000000010100000000111
00000000010000001000000111010011
00001000101010000000101001010011
01011000000000000010000000100111
00000001100010000000000011010011
00001000111101111000101011010011
00001001000110111000010101010011
00000000000110111000011011010011
00001000010101100000010101010011
00000001100100111000010011010011
00001001100101000000101111010011
00001001111000011000010011010011
00001000110110011000011101010011
11000100001100000010001000100111
11010010101000000010111000100111
00000001001111110000010011010011
01111111111111111000111001100011
01010101110000000010011100000111
00101010100000000010100100000111
10100000110000000010000010000111
00000000010010111000111001010011
11000010010100000010000000100111
10001000110000000010111110000111
00110011010100000010101000100111
01110111011000000010010000100111
01010100110100000010010000100111
00001000001010001000110001010011
11100000000000000010010000100111
00000000110010110000111001010011
00001000000000101000011101010011
00001001010110000000100001010011
00000000110011100000101101010011
01100101010000000010001100000111
01000000001000000010101000100111
00001001101101111000011111010011
11000011101000000010110000100111
00000000100001111000011111010011
01100110110000000010100000100111
00000001001100011000010001010011
00001000101010011000110111010011
00001001000110110000101011010011
00000000011000101000101101010011
00011001101000000010001000100111
00000001010111001000101011010011
00000001000001000000110101010011
00110001110000000010111000000111
10010000110000000010001110000111
00000001001110111000011111010011
00100100000000000010100110000111
00011101100000000010010100000111
00000001011010001000100001010011
01111001100100000010100000100111
00001001101001110000000011010011
00000001100011100000000101010011
10010100010000000010111100000111
10010000001000000010000000100111
00011100110000000010101110000111
00001000101111100000100101010011
01100100110100000010010000100111
11101001011100000010001000100111
00001001101000011000101111010011
00001000111011011000111011010011
00001001000111101000111001010011
00000000011001010000111001010011
00010101011000000010010000100111
00000001111011111000101101010011
00001001010010000000001101010011
10110110010000000010010010000111
00001000010000101000101011010011
01000110110000000010101000000111
11001100001000000010100000100111
00000001101100011000100111010011
10111011110000000010011010000111
11111011010000000010011000100111
00001001001000101000000011010011
01111101010000000010101000100111
00000000011111100000110111010011
00000001000010110000000101010011
10100001110000000010110110000111
00001000101110110000100101010011
11000011100000000010100100000111
00000001001001010000101011010011
01110010010100000010011000100111
11100000010000000010110100000111
01001001000000000010010000100111
00001000011001010000111001010011
00001101101100000010110000100111
01011111000000000010110100000111
11000001010000000010010110000111
00000001011110001000001101010011
00110100010000000010001100000111
01110000000100000010100000100111
00111001100000000010101110000111
00000001111001101000110111010011
01100110011000000010111000100111
00000000110100100000000101010011
00001001010111001000100011010011
00001001000111010000010101010011
00001001101010000000111111010011
00001001111100110000001011010011
00001000111001100000010101010011
00001000011100100000100001010011
10001000110000000010101000000111
00000000010010010000110111010011
11110001011100000010111000100111
00000000100101001000100011010011
00000001001110110000100001010011
00001001100001010000011001010011
01110100100000000010100010000111
11111100000000000010011000000111
01011001001000000010111000100111
10000011101000000010000000100111
01010011010000000010001000100111
10010010011100000010111000100111
01010001110000000010001100000111
01111110000000000010001000000111
11010001011100000010000000100111
00001000001101000000000111010011
10011011000100000010110000100111
00111111000000000010010100000111
00000000010011000000010101010011
00000001100010101000010101010011
01010011101100000010111000100111
00001001010010001000110011010011
00000000111010100000010101010011
00000000100001111000100111010011
00001000110011010000101101010011
00000001000111001000011111010011
01001110011000000010111000100111
00001001011000110000111011010011
00110100001000000010111000100111
01100100110100000010100000100111
00010001001100000010001000100111
00001000100011011000001011010011
00000000100111110000101101010011
01110101110000000010111100000111
00110000101000000010000000100111
01111000100000000010011000000111
00000000101010100000110001010011
00000000101011000000110011010011
01000010011100000010100000100111
10101010000000000010010010000111
11100001010000000010000100000111
01110000001100000010101000100111
00011101111000000010110000100111
00001000010001100000111101010011
00000001111111001000110111010011
01111101011100000010111000100111
11001011110000000010000110000111
11001010010000000010100000100111
00010000100000000010011000100111
00000000110000110000111111010011
00001001000000100000000111010011
00010010000000000010101010000111
00000001101011011000011111010011
10000001000100000010110000100111
00001000001100000000100111010011
11001000010100000010110000100111
00001000011101101000111111010011
11000011110000000010110010000111
01101100110000000010000010000111
00010110100000000010100010000111
10000100100000000010101110000111
00001001001001111000101111010011
00111010010100000010111000100111
11110100011000000010010000100111
01000000111000000010001000100111
11000100000000000010110110000111
10011000100000000010101010000111
00000001001010100000011001010011
00001000101010010000100011010011
00001001111100100000000111010011
10010000000100000010111000100111
00001001111100111000001111010011
00000001000000101000000101010011
10100001010000000010000000100111
01110100010100000010000000100111
00000000101100001000011011010011
10100010000000000010100100000111
00001000010101001000100101010011
00110101010000000010001100000111
00001001001001000000001111010011
11110111010000000010101100000111
10110100101000000010101000100111
10011011110100000010011000100111
00101000011000000010110000100111
00001101010100000010000000100111
00000000010110000000000111010011
01110000101100000010101000100111
00000000000101101000001111010011
00001000110000100000010001010011
11010110100000000010110100000111
01001010010000000010011000100111
00000000110000010000100111010011
00001001000001101000001001010011
10010110000000000010100000100111
01101111100000000010010010000111
00001101100000000010001110000111
00110001100000000010101000100111
00110010010000000010101110000111
00000001101101010000011001010011
00000000110010001000001101010011
00000001110011010000100101010011
00000000010001011000111001010011
00001001101100100000111111010011
00000000110101111000011101010011
10000111011000000010100000100111
00000000101100000000101011010011
00001000000011110000111101010011
00000001101110100000000011010011
00000001001011100000111011010011
00001000001111101000101011010011
01101010101100000010000000100111
00011011111000000010111000100111
00000001010101000000110011010011
00001000100001010000000011010011
00001001010011110000110011010011
11110010110100000010101000100111
00001001100001110000101111010011
10001001000000000010010110000111
00111111100000000010011000100111
11000101100000000010100010000111
10111010000000000010010000000111
00001001010100101000111011010011
11001000010000000010110000000111
11110100100000000010001000000111
00001000011001000000110001010011
11011001010000000010101000100111
00101001100000000010111000000111
00000000111101001000111001010011
01100111100000000010001000100111
00000000111011110000110101010011
10100110111000000010010000100111
00000000101100111000111111010011
01011001000100000010111000100111
00000000100100011000010001010011
00000000100010011000100001010011
00001000011100111000000101010011
01000111000000000010110110000111
00000001010111011000101111010011
11010011011000000010001000100111
10100101010000000010110110000111
10111000010100000010010000100111
00001000110111110000100101010011
10101011010000000010100000100111
00001000101001101000001001010011
00011110010000000010011110000111
00001000110011110000000101010011
00001000100000100000111001010011
01010010100000000010000110000111
01001110010000000010011100000111
00001001110100101000011101010011
00001000011011101000010001010011
01111011100100000010010000100111
00000001010100001000011101010011
11101101000100000010001000100111
00001000100100001000100111010011
00000001111000010000010001010011
00000001001111000000000101010011
10011000100000000010010000000111
00001000111010010000010101010011
00110010000100000010110000100111
00001001000010101000001101010011
00010001110000000010010100000111
01011001110000000010100110000111
00001000001010100000101011010011
01111010100000000010011110000111
00000000100011111000000111010011
11101001010000000010111000000111
00000000110000111000110001010011
11111000101000000010101000100111
10010000100000000010100000000111
01111000100100000010010000100111
01101111101100000010011000100111
11101001010000000010100000000111
00000001001111111000010101010011
00000001010010010000111011010011
00001001000011110000111111010011
11011011110000000010101000000111
00001001010001011000000111010011
00000001110111100000011011010011
10100100000000000010100010000111
01010111110000000010101010000111
00101001100000000010000110000111
00111111100000000010001100000111
01101011100000000010110100000111
00101000000000000010011100000111
00001001010011101000110101010011
00000000001101010000100011010011
01001100100000000010000000100111
00000001001100110000110001010011
10111000111100000010101000100111
11111100100100000010010000100111
00101000000000000010101000000111
00001001011110111000110011010011
00100010010000000010100010000111
00001001100000111000000111010011
11011011000000000010001010000111
00001000001111100000101011010011
00001001010110000000001001010011
10010110001100000010110000100111
00000000000111110000010111010011
00001000110000100000101001010011
00000000110110101000000011010011
11000110000000000010101110000111
00001001010000000010000110000111
11101101100000000010110000100111
00000000010100001000011011010011
00000000000000011000001111010011
00001001110100000010000000100111
00110101110000000010111000000111
00001000100001101000101101010011
00000000100010110000000101010011
00001000100100111000110101010011
01011011010000000010000000100111
00100111010000000010111000100111
11010101000000000010100100000111
00001000000101100000000111010011
00001000000110000000011001010011
00010110100000000010111110000111
11100001101100000010000000100111
00001001000111010000001001010011
10111010000000000010111110000111
00000000100010110000010011010011
00001001110011010000110101010011
00001001000100110000000111010011
01011100010000000010110100000111
10001100000100000010010000100111
10101101100100000010111000100111
10111100110000000010010000100111
00000001111001101000010101010011
11010111010000000010010100000111
00101010000000000010000100000111
00000001011111011000010101010011
10110101010000000010010100000111
00001001000101111000001101010011
01101111011100000010111000100111
10000010000000000010111010000111
00001001110100001000001011010011
00000001000001011000110111010011
00001001111010001000110001010011
00001001011110001000110101010011
01110101110000000010110000000111
10011001110000000010101010000111
00000001010100010000001001010011
00001000110011101000010101010011
01100010100000000010000100000111
10000001000000000010001100000111
00011101111000000010111000100111
00001001101110100000100111010011
11110100010000000010110000100111
00001111001100000010010000100111
11000000110000000010110100000111
00010010100000000010111100000111
01001101000000000010010000000111
00100011100000000010111000000111
01011010110000000010111110000111
00001001010111111000110101010011
00000000100110111000110011010011
01010000100000000010101100000111
00001001010011100000000111010011
00001001110111101000010011010011
01000001100000000010000100000111
00001000110000011000001101010011
00000000100100110000001001010011
00000000001101100000011111010011
11011101000100000010101000100111
00000110110100000010100000100111
11101011100000000010111000100111
00000000100100011000100011010011
00111010000000000010110100000111
00000000010110011000010111010011
00000001111101010000001001010011
10001101100000000010000000100111
00000001001111001000101101010011
01010110010000000010011000100111
00001001001000000000001111010011
00001001011011010000111111010011
00001000111000100000110111010011
00001001001010000000001011010011
00001001111001100000011001010011
00001001110111000000111011010011
00010101100000000010000100000111
11000110110000000010100000000111
00010111110000000010000010000111
00001001001011001000011001010011
00001001100000111000010111010011
01001001110100000010010000100111
00000001111100101000010101010011
00001000000000100000001101010011
00000000011100000000110101010011
11100101101000000010100000100111
00001001011100011000011001010011
00000001000100001000111101010011
00001000100000000010010000000111
00001000111010101000001101010011
00110000010000000010001110000111
10001010100100000010001000100111
11000100100000000010001100000111
00001001010100110000101101010011
10010111001100000010100000100111
00000001010110010000001001010011
11100110010100000010001000100111
11001111100000000010101110000111
11010011010000000010110100000111
01111000110000000010100100000111
00000001101001000000111101010011
00000001011011111000101111010011
01100001100000000010010010000111
00001001100101000000111101010011
11010011000000000010100010000111
00001000101110100000111111010011
00001100011000000010001000100111
00111011001000000010100000100111
00000000001010010000101101010011
00001001101101100000010001010011
11000011100000000010010000100111
00000000101111000000010011010011
00000000101101111000111001010011
00000001101010100000011111010011
00001000000100000000000011010011
00000000010010101000110001010011
00001001101011111000111001010011
00000000100010110000010101010011
00001000000000011000010111010011
00001001110110101000110001010011
00000000100100011000011011010011
00000000111010100000110011010011
11001000000000000010000100000111
00001000000000011000100101010011
11101100000000000010001100000111
00000000010100111000001001010011
00000001000100001000110011010011
00001001111101101000101111010011
00000000101101100000110001010011
00000101110100000010000000100111
00000001111110011000100101010011
00001001011000011000011101010011
00000000110001001000001011010011
01110100010000000010100000100111
10011011010000000010110100000111
01110001000000000010001100000111
11001010011000000010000000100111
00000001011111110000000101010011
00000000110011010000010011010011
01100100000000000010110100000111
00001000100111101000000011010011
00000000010010000000010101010011
11111001100000000010001100000111
00000001011001001000101011010011
10101000110000000010101000000111
01100110000000000010100010000111
00001001000011101000111001010011
00000001011010001000111101010011
00001000011001001000001111010011
01101110100000000010010110000111
00100100010000000010110010000111
00011100111000000010101000100111
00000110010000000010010000100111
11110000100000000010100110000111
00001001111101001000001111010011
00010101110000000010100100000111
11000001011100000010011000100111
00000001011110010000010111010011
01100101100000000010010100000111
00001001101011100000010101010011
00000000010101000000111101010011
00001000110100011000010001010011
01011110000000000010011100000111
10001010010000000010100000000111
00110110010000000010010010000111
00110101100000000010100110000111
00000001101000111000111001010011
00000000111111111000011101010011
10110001100000000010101000100111
00000000010101000000110011010011
10000110110000000010010010000111
10100000010000000010001110000111
00110001010000000010011000000111
00001000011011011000110101010011
10000010110000000010001110000111
00000001100010111000000011010011
10101101100000000010011000100111
00000000110101000000100101010011
00000000011011111000100001010011
11111101100000000010001010000111
00001000000110100000011011010011
00000000010001101000111111010011
00000000010111011000101011010011
10110011001000000010110000100111
00001001011101111000101101010011
00000001011111111000101011010011
01101000010000000010011010000111
01100101000000000010101000100111
01100100110000000010111100000111
01101000010000000010010100000111
00001001011110100000011001010011
00000001000011010000000101010011
10111000100000000010000000100111
01010110000000000010010110000111
01000011010000000010011000100111
00001001011010111000001001010011
11111000010000000010001000100111
00000001000000111000011101010011
00000000101110110000010001010011
00001001100001100000010111010011
00010100001100000010100000100111
00001000110000000010110000100111
11100100100100000010100000100111
11101011010000000010011000100111
10000100100000000010010000000111
01000010101000000010001000100111
01011110010000000010001000100111
01101101010000000010011010000111
00000001111111001000100101010011
00000001010001100000001111010011
00000001101000010000100101010011
00000001010010101000001101010011
00001000111011100000100101010011
11011100010000000010100000100111
00000000110110111000111101010011
00000000110000111000011001010011
00000001001001011000000101010011
00001001110010000000111011010011
10101011110000000010110010000111
00000001000110011000001001010011
00000001101110101000111001010011
00000000001100011000010001100011
00000000000000000000000001110011
00000000000000000000000000000000
00000000000000000000000000000000
00000000000000000000000000000000
00000000000000000000000000000000
00000000000000000000000000000000
00000000000000000000000000000000
00000000000000000000000000000000
00000000000000000000000000000000
00000000000000000000000000000000
00000000000000000000000000000000
00000000000000000000000000000000
00000000000000000000000000000000
00000000000000000000000000000000
00000000000000000000000000000000
00000000000000000000000000000000
00000000000000000000000000000000
00000000000000000000000000000000
00000000000000000000000000000000
00000000000000000000000000000000
00000000000000000000000000000000
00000000000000000000000000000000
00000000000000000000000000000000
00000000000000000000000000000000
00000000000000000000000000000000
00000000000000000000000000000000
00000000000000000000000000000000
00000000000000000000000000000000
00000000000000000000000000000000
00000000000000000000000000000000
00000000000000000000000000000000
00000000000000000000000000000000
00000000000000000000000000000000
00000000000000000000000000000000
00000000000000000000000000000000
00000000000000000000000000000000
00000000000000000000000000000000
00000000000000000000000000000000
00000000000000000000000000000000
00000000000000000000000000000000
00000000000000000000000000000000
00000000000000000000000000000000
00000000000000000000000000000000
00000000000000000000000000000000
00000000000000000000000000000000
00000000000000000000000000000000
00000000000000000000000000000000
00000000000000000000000000000000
00000000000000000000000000000000
00000000000000000000000000000000
00000000000000000000000000000000
00000000000000000000000000000000
00000000000000000000000000000000
00000000000000000000000000000000
00000000000000000000000000000000
00000000000000000000000000000000
00000000000000000000000000000000
00000000000000000000000000000000
00000000000000000000000000000000
00000000000000000000000000000000
00000000000000000000000000000000
00000000000000000000000000000000
00000000000000000000000000000000
00000000000000000000000000000000
00000000000000000000000000000000
00000000000000000000000000000000
00000000000000000000000000000000
00000000000000000000000000000000
00000000000000000000000000000000
00000000000000000000000000000000
00000000000000000000000000000000
00000000000000000000000000000000
00000000000000000000000000000000
00000000000000000000000000000000
00000000000000000000000000000000
00000000000000000000000000000000
00000000000000000000000000000000
00000000000000000000000000000000
00000000000000000000000000000000
00000000000000000000000000000000
00000000000000000000000000000000
00000000000000000000000000000000
00000000000000000000000000000000
00000000000000000000000000000000
00000000000000000000000000000000
00000000000000000000000000000000
00000000000000000000000000000000
00000000000000000000000000000000
00000000000000000000000000000000
00000000000000000000000000000000
00000000000000000000000000000000
00000000000000000000000000000000
00000000000000000000000000000000
00000000000000000000000000000000
00000000000000000000000000000000
00000000000000000000000000000000
00000000000000000000000000000000
00000000000000000000000000000000
00000000000000000000000000000000
00000000000000000000000000000000
00000000000000000000000000000000
00000000000000000000000000000000
00000000000000000000000000000000
00000000000000000000000000000000
00000000000000000000000000000000
00000000000000000000000000000000
00000000000000000000000000000000
00000000000000000000000000000000
00000000000000000000000000000000
00000000000000000000000000000000
00000000000000000000000000000000
00000000000000000000000000000000
00000000000000000000000000000000
00000000000000000000000000000000
00000000000000000000000000000000
00000000000000000000000000000000
00000000000000000000000000000000
00000000000000000000000000000000
00000000000000000000000000000000
00000000000000000000000000000000
00000000000000000000000000000000
00000000000000000000000000000000
00000000000000000000000000000000
00000000000000000000000000000000
00000000000000000000000000000000
00000000000000000000000000000000
00000000000000000000000000000000
00000000000000000000000000000000
00000000000000000000000000000000
00000000000000000000000000000000
00000000000000000000000000000000
00000000000000000000000000000000
00000000000000000000000000000000
00000000000000000000000000000000
00000000000000000000000000000000
00000000000000000000000000000000
00000000000000000000000000000000
00000000000000000000000000000000
00000000000000000000000000000000
00000000000000000000000000000000
00000000000000000000000000000000
00000000000000000000000000000000
00000000000000000000000000000000
00000000000000000000000000000000
00000000000000000000000000000000
00000000000000000000000000000000
00000000000000000000000000000000
00000000000000000000000000000000
00000000000000000000000000000000
00000000000000000000000000000000
00000000000000000000000000000000
00000000000000000000000000000000
00000000000000000000000000000000
00000000000000000000000000000000
00000000000000000000000000000000
00000000000000000000000000000000
00000000000000000000000000000000
00000000000000000000000000000000
00000000000000000000000000000000
00000000000000000000000000000000
00000000000000000000000000000000
00000000000000000000000000000000
00000000000000000000000000000000
00000000000000000000000000000000
00000000000000000000000000000000
00000000000000000000000000000000
00000000000000000000000000000000
00000000000000000000000000000000
00000000000000000000000000000000
00000000000000000000000000000000
00000000000000000000000000000000
00000000000000000000000000000000
00000000000000000000000000000000
00000000000000000000000000000000
00000000000000000000000000000000
00000000000000000000000000000000
00000000000000000000000000000000
00000000000000000000000000000000
00000000000000000000000000000000
00000000000000000000000000000000
00000000000000000000000000000000
00000000000000000000000000000000
00000000000000000000000000000000
00000000000000000000000000000000
00000000000000000000000000000000
00000000000000000000000000000000
00000000000000000000000000000000
00000000000000000000000000000000
00000000000000000000000000000000
00000000000000000000000000000000
00000000000000000000000000000000
00000000000000000000000000000000
00000000000000000000000000000000
00000000000000000000000000000000
00000000000000000000000000000000
00000000000000000000000000000000
00000000000000000000000000000000
00000000000000000000000000000000
00000000000000000000000000000000
00000000000000000000000000000000
00000000000000000000000000000000
00000000000000000000000000000000
00000000000000000000000000000000
00000000000000000000000000000000
00000000000000000000000000000000
00000000000000000000000000000000
00000000000000000000000000000000
00000000000000000000000000000000
00000000000000000000000000000000
00000000000000000000000000000000
00000000000000000000000000000000
00000000000000000000000000000000
00000000000000000000000000000000
00000000000000000000000000000000
00000000000000000000000000000000
00000000000000000000000000000000
00000000000000000000000000000000
00000000000000000000000000000000
00000000000000000000000000000000
00000000000000000000000000000000
00000000000000000000000000000000
00000000000000000000000000000000
00000000000000000000000000000000
00000000000000000000000000000000
00000000000000000000000000000000
00000000000000000000000000000000
00000000000000000000000000000000
00000000000000000000000000000000
00000000000000000000000000000000
00000000000000000000000000000000
00000000000000000000000000000000
00000000000000000000000000000000
00000000000000000000000000000000
00000000000000000000000000000000
00000000000000000000000000000000
00000000000000000000000000000000
00000000000000000000000000000000
00000000000000000000000000000000
00000000000000000000000000000000
00000000000000000000000000000000
00000000000000000000000000000000
00000000000000000000000000000000
00000000000000000000000000000000
00000000000000000000000000000000
00000000000000000000000000000000
00000000000000000000000000000000
00000000000000000000000000000000
00000000000000000000000000000000
00000000000000000000000000000000
00000000000000000000000000000000
00000000000000000000000000000000
00000000000000000000000000000000
00000000000000000000000000000000
00000000000000000000000000000000
00000000000000000000000000000000
00000000000000000000000000000000
00000000000000000000000000000000
00000000000000000000000000000000
00000000000000000000000000000000
00000000000000000000000000000000
00000000000000000000000000000000
00000000000000000000000000000000
00000000000000000000000000000000
00000000000000000000000000000000
00000000000000000000000000000000
00000000000000000000000000000000
00000000000000000000000000000000
00000000000000000000000000000000
00000000000000000000000000000000
00000000000000000000000000000000
00000000000000000000000000000000
00000000000000000000000000000000
00000000000000000000000000000000
00000000000000000000000000000000
00000000000000000000000000000000
00000000000000000000000000000000
00000000000000000000000000000000
00000000000000000000000000000000
00000000000000000000000000000000
00000000000000000000000000000000
00000000000000000000000000000000
00000000000000000000000000000000
00000000000000000000000000000000
00000000000000000000000000000000
00000000000000000000000000000000
00000000000000000000000000000000
00000000000000000000000000000000
00000000000000000000000000000000
00000000000000000000000000000000
00000000000000000000000000000000
00000000000000000000000000000000
00000000000000000000000000000000
00000000000000000000000000000000
00000000000000000000000000000000
00000000000000000000000000000000
00000000000000000000000000000000
00000000000000000000000000000000
00000000000000000000000000000000
00000000000000000000000000000000
00000000000000000000000000000000
00000000000000000000000000000000
00000000000000000000000000000000
00000000000000000000000000000000
00000000000000000000000000000000
00000000000000000000000000000000
00000000000000000000000000000000
00000000000000000000000000000000
00000000000000000000000000000000
00000000000000000000000000000000
00000000000000000000000000000000
00000000000000000000000000000000
00000000000000000000000000000000
00000000000000000000000000000000
00000000000000000000000000000000
00000000000000000000000000000000
00000000000000000000000000000000
00000000000000000000000000000000
00000000000000000000000000000000
00000000000000000000000000000000
00000000000000000000000000000000
00000000000000000000000000000000
00000000000000000000000000000000
00000000000000000000000000000000
00000000000000000000000000000000
00000000000000000000000000000000
00000000000000000000000000000000
00000000000000000000000000000000
00000000000000000000000000000000
00000000000000000000000000000000
00000000000000000000000000000000
00000000000000000000000000000000
00000000000000000000000000000000
00000000000000000000000000000000
00000000000000000000000000000000
00000000000000000000000000000000
00000000000000000000000000000000
00000000000000000000000000000000
00000000000000000000000000000000
00000000000000000000000000000000
00000000000000000000000000000000
00000000000000000000000000000000
00000000000000000000000000000000
00000000000000000000000000000000
00000000000000000000000000000000
00000000000000000000000000000000
00000000000000000000000000000000
00000000000000000000000000000000
00000000000000000000000000000000
00000000000000000000000000000000
00000000000000000000000000000000
00000000000000000000000000000000
00000000000000000000000000000000
00000000000000000000000000000000
00000000000000000000000000000000
00000000000000000000000000000000
00000000000000000000000000000000
00000000000000000000000000000000
00000000000000000000000000000000
00000000000000000000000000000000
00000000000000000000000000000000
00000000000000000000000000000000
00000000000000000000000000000000
00000000000000000000000000000000
00000000000000000000000000000000
00000000000000000000000000000000
00000000000000000000000000000000
00000000000000000000000000000000
00000000000000000000000000000000
00000000000000000000000000000000
00000000000000000000000000000000
00000000000000000000000000000000
00000000000000000000000000000000
00000000000000000000000000000000
00000000000000000000000000000000
00000000000000000000000000000000
00000000000000000000000000000000
00000000000000000000000000000000
00000000000000000000000000000000
00000000000000000000000000000000
00000000000000000000000000000000
00000000000000000000000000000000
00000000000000000000000000000000
00000000000000000000000000000000
00000000000000000000000000000000
00000000000000000000000000000000
00000000000000000000000000000000
00000000000000000000000000000000
00000000000000000000000000000000
00000000000000000000000000000000
00000000000000000000000000000000
00000000000000000000000000000000
00000000000000000000000000000000
00000000000000000000000000000000
00000000000000000000000000000000
00000000000000000000000000000000
00000000000000000000000000000000
00000000000000000000000000000000
00000000000000000000000000000000
00000000000000000000000000000000
00000000000000000000000000000000
00000000000000000000000000000000
00000000000000000000000000000000
00000000000000000000000000000000
00000000000000000000000000000000
00000000000000000000000000000000
00000000000000000000000000000000
00000000000000000000000000000000
00000000000000000000000000000000
00000000000000000000000000000000
00000000000000000000000000000000
00000000000000000000000000000000
00000000000000000000000000000000
00000000000000000000000000000000
00000000000000000000000000000000
00000000000000000000000000000000
00000000000000000000000000000000
00000000000000000000000000000000
00000000000000000000000000000000
00000000000000000000000000000000
00000000000000000000000000000000
00000000000000000000000000000000
00000000000000000000000000000000
00000000000000000000000000000000
00000000000000000000000000000000
00000000000000000000000000000000
00000000000000000000000000000000
00000000000000000000000000000000
00000000000000000000000000000000
00000000000000000000000000000000
00000000000000000000000000000000
00000000000000000000000000000000
00000000000000000000000000000000
00000000000000000000000000000000
00000000000000000000000000000000
00000000000000000000000000000000
00000000000000000000000000000000
00000000000000000000000000000000
00000000000000000000000000000000
00000000000000000000000000000000
00000000000000000000000000000000
00000000000000000000000000000000
00000000000000000000000000000000
00000000000000000000000000000000
00000000000000000000000000000000
00000000000000000000000000000000
00000000000000000000000000000000
00000000000000000000000000000000
00000000000000000000000000000000
00000000000000000000000000000000
00000000000000000000000000000000
00000000000000000000000000000000
00000000000000000000000000000000
00000000000000000000000000000000
00000000000000000000000000000000
00000000000000000000000000000000
00000000000000000000000000000000
00000000000000000000000000000000
00000000000000000000000000000000
00000000000000000000000000000000
00000000000000000000000000000000
00000000000000000000000000000000
00000000000000000000000000000000
00000000000000000000000000000000
00000000000000000000000000000000
00000000000000000000000000000000
00000000000000000000000000000000
00000000000000000000000000000000
00000000000000000000000000000000
00000000000000000000000000000000
00000000000000000000000000000000
00000000000000000000000000000000
00000000000000000000000000000000
00000000000000000000000000000000
00000000000000000000000000000000
00000000000000000000000000000000
00000000000000000000000000000000
00000000000000000000000000000000
00000000000000000000000000000000
00000000000000000000000000000000
00000000000000000000000000000000
00000000000000000000000000000000
00000000000000000000000000000000
00000000000000000000000000000000
00000000000000000000000000000000
00000000000000000000000000000000
00000000000000000000000000000000
00000000000000000000000000000000
00000000000000000000000000000000
00000000000000000000000000000000
00000000000000000000000000000000
00000000000000000000000000000000
00000000000000000000000000000000
00000000000000000000000000000000
00000000000000000000000000000000
00000000000000000000000000000000
00000000000000000000000000000000
00000000000000000000000000000000
00000000000000000000000000000000
00000000000000000000000000000000
00000000000000000000000000000000
00000000000000000000000000000000
00000000000000000000000000000000
00000000000000000000000000000000
00000000000000000000000000000000
00000000000000000000000000000000
00000000000000000000000000000000
00000000000000000000000000000000
00000000000000000000000000000000
00000000000000000000000000000000
00000000000000000000000000000000
00000000000000000000000000000000
00000000000000000000000000000000
00000000000000000000000000000000
00000000000000000000000000000000
00000000000000000000000000000000
00000000000000000000000000000000
00000000000000000000000000000000
00000000000000000000000000000000
00000000000000000000000000000000
00000000000000000000000000000000
00000000000000000000000000000000
00000000000000000000000000000000
00000000000000000000000000000000
00000000000000000000000000000000
00000000000000000000000000000000
00000000000000000000000000000000
00000000000000000000000000000000
00000000000000000000000000000000
00000000000000000000000000000000
00000000000000000000000000000000
00000000000000000000000000000000
00000000000000000000000000000000
00000000000000000000000000000000
00000000000000000000000000000000
00000000000000000000000000000000
00000000000000000000000000000000
00000000000000000000000000000000
00000000000000000000000000000000
00000000000000000000000000000000
00000000000000000000000000000000
00000000000000000000000000000000
00000000000000000000000000000000
00000000000000000000000000000000
00000000000000000000000000000000
00000000000000000000000000000000
00000000000000000000000000000000
00000000000000000000000000000000
00000000000000000000000000000000
00000000000000000000000000000000
00000000000000000000000000000000
00000000000000000000000000000000
00000000000000000000000000000000
00000000000000000000000000000000
00000000000000000000000000000000
00000000000000000000000000000000
00000000000000000000000000000000
00000000000000000000000000000000
00000000000000000000000000000000
00000000000000000000000000000000
00000000000000000000000000000000
00000000000000000000000000000000
00000000000000000000000000000000
00000000000000000000000000000000
00000000000000000000000000000000
00000000000000000000000000000000
00000000000000000000000000000000
00000000000000000000000000000000
00000000000000000000000000000000
00000000000000000000000000000000
00000000000000000000000000000000
00000000000000000000000000000000
00000000000000000000000000000000
00000000000000000000000000000000
00000000000000000000000000000000
00000000000000000000000000000000
00000000000000000000000000000000
00000000000000000000000000000000
00000000000000000000000000000000
00000000000000000000000000000000
00000000000000000000000000000000
00000000000000000000000000000000
00000000000000000000000000000000
00000000000000000000000000000000
00000000000000000000000000000000
00000000000000000000000000000000
00000000000000000000000000000000
00000000000000000000000000000000
00000000000000000000000000000000
00000000000000000000000000000000
00000000000000000000000000000000
00000000000000000000000000000000
00000000000000000000000000000000
00000000000000000000000000000000
00000000000000000000000000000000
00000000000000000000000000000000
00000000000000000000000000000000
00000000000000000000000000000000
00000000000000000000000000000000
00000000000000000000000000000000
00000000000000000000000000000000
00000000000000000000000000000000
00000000000000000000000000000000
00000000000000000000000000000000
00000000000000000000000000000000
00000000000000000000000000000000
00000000000000000000000000000000
00000000000000000000000000000000
00000000000000000000000000000000
00000000000000000000000000000000
00000000000000000000000000000000
00000000000000000000000000000000
00000000000000000000000000000000
00000000000000000000000000000000
00000000000000000000000000000000
00000000000000000000000000000000
00000000000000000000000000000000
00000000000000000000000000000000
00000000000000000000000000000000
00000000000000000000000000000000
00000000000000000000000000000000
00000000000000000000000000000000
00000000000000000000000000000000
00000000000000000000000000000000
00000000000000000000000000000000
00000000000000000000000000000000
00000000000000000000000000000000
00000000000000000000000000000000
00000000000000000000000000000000
00000000000000000000000000000000
00000000000000000000000000000000
00000000000000000000000000000000
00000000000000000000000000000000
00000000000000000000000000000000
00000000000000000000000000000000
00000000000000000000000000000000
00000000000000000000000000000000
00000000000000000000000000000000
00000000000000000000000000000000
00000000000000000000000000000000
00000000000000000000000000000000
00000000000000000000000000000000
00000000000000000000000000000000
00000000000000000000000000000000
00000000000000000000000000000000
00000000000000000000000000000000
00000000000000000000000000000000
00000000000000000000000000000000
00000000000000000000000000000000
00000000000000000000000000000000
00000000000000000000000000000000
00000000000000000000000000000000
00000000000000000000000000000000
00000000000000000000000000000000
00000000000000000000000000000000
00000000000000000000000000000000
00000000000000000000000000000000
00000000000000000000000000000000
00000000000000000000000000000000
00000000000000000000000000000000
00000000000000000000000000000000
00000000000000000000000000000000
00000000000000000000000000000000
00000000000000000000000000000000
00000000000000000000000000000000
00000000000000000000000000000000
00000000000000000000000000000000
00000000000000000000000000000000
00000000000000000000000000000000
00000000000000000000000000000000
00000000000000000000000000000000
00000000000000000000000000000000
00000000000000000000000000000000
00000000000000000000000000000000
00000000000000000000000000000000
00000000000000000000000000000000
00000000000000000000000000000000
00000000000000000000000000000000
00000000000000000000000000000000
00000000000000000000000000000000
00000000000000000000000000000000
00000000000000000000000000000000
00000000000000000000000000000000
00000000000000000000000000000000
00000000000000000000000000000000
00000000000000000000000000000000
00000000000000000000000000000000
00000000000000000000000000000000
00000000000000000000000000000000
00000000000000000000000000000000
00000000000000000000000000000000
00000000000000000000000000000000
00000000000000000000000000000000
00000000000000000000000000000000
00000000000000000000000000000000
00000000000000000000000000000000
00000000000000000000000000000000
00000000000000000000000000000000
00000000000000000000000000000000
00000000000000000000000000000000
00000000000000000000000000000000
00000000000000000000000000000000
00000000000000000000000000000000
00000000000000000000000000000000
00000000000000000000000000000000
00000000000000000000000000000000
00000000000000000000000000000000
00000000000000000000000000000000
00000000000000000000000000000000
00000000000000000000000000000000
00000000000000000000000000000000
00000000000000000000000000000000
00000000000000000000000000000000
00000000000000000000000000000000
00000000000000000000000000000000
00000000000000000000000000000000
00000000000000000000000000000000
00000000000000000000000000000000
00000000000000000000000000000000
00000000000000000000000000000000
00000000000000000000000000000000
00000000000000000000000000000000
00000000000000000000000000000000
00000000000000000000000000000000
00000000000000000000000000000000
00000000000000000000000000000000
00000000000000000000000000000000
00000000000000000000000000000000
00000000000000000000000000000000
00000000000000000000000000000000
00000000000000000000000000000000
00000000000000000000000000000000
00000000000000000000000000000000
00000000000000000000000000000000
00000000000000000000000000000000
00000000000000000000000000000000
00000000000000000000000000000000
00000000000000000000000000000000
00000000000000000000000000000000
00000000000000000000000000000000
00000000000000000000000000000000
00000000000000000000000000000000
00000000000000000000000000000000
00000000000000000000000000000000
00000000000000000000000000000000
00000000000000000000000000000000
00000000000000000000000000000000
00000000000000000000000000000000
00000000000000000000000000000000
00000000000000000000000000000000
00000000000000000000000000000000
00000000000000000000000000000000
00000000000000000000000000000000
00000000000000000000000000000000
00000000000000000000000000000000
00000000000000000000000000000000
00000000000000000000000000000000
00000000000000000000000000000000
00000000000000000000000000000000
00000000000000000000000000000000
00000000000000000000000000000000
00000000000000000000000000000000
00000000000000000000000000000000
00000000000000000000000000000000
00000000000000000000000000000000
00000000000000000000000000000000
00000000000000000000000000000000
00000000000000000000000000000000
00000000000000000000000000000000
00000000000000000000000000000000
00000000000000000000000000000000
00000000000000000000000000000000
00000000000000000000000000000000
00000000000000000000000000000000
00000000000000000000000000000000
00000000000000000000000000000000
00000000000000000000000000000000
00000000000000000000000000000000
00000000000000000000000000000000
00000000000000000000000000000000
00000000000000000000000000000000
00000000000000000000000000000000
00000000000000000000000000000000
00000000000000000000000000000000
00000000000000000000000000000000
00000000000000000000000000000000
00000000000000000000000000000000
00000000000000000000000000000000
00000000000000000000000000000000
00000000000000000000000000000000
00000000000000000000000000000000
00000000000000000000000000000000
00000000000000000000000000000000
00000000000000000000000000000000
00000000000000000000000000000000
00000000000000000000000000000000
00000000000000000000000000000000
00000000000000000000000000000000
00000000000000000000000000000000
00000000000000000000000000000000
00000000000000000000000000000000
00000000000000000000000000000000
00000000000000000000000000000000
00000000000000000000000000000000
00000000000000000000000000000000
00000000000000000000000000000000
00000000000000000000000000000000
00000000000000000000000000000000
00000000000000000000000000000000
00000000000000000000000000000000
00000000000000000000000000000000
00000000000000000000000000000000
00000000000000000000000000000000
00000000000000000000000000000000
00000000000000000000000000000000
00000000000000000000000000000000
00000000000000000000000000000000
00000000000000000000000000000000
00000000000000000000000000000000
00000000000000000000000000000000
00000000000000000000000000000000
00000000000000000000000000000000
00000000000000000000000000000000
00000000000000000000000000000000
00000000000000000000000000000000
00000000000000000000000000000000
00000000000000000000000000000000
00000000000000000000000000000000
00000000000000000000000000000000
00000000000000000000000000000000
00000000000000000000000000000000
00000000000000000000000000000000
00000000000000000000000000000000
00000000000000000000000000000000
00000000000000000000000000000000
00000000000000000000000000000000
00000000000000000000000000000000
00000000000000000000000000000000
00000000000000000000000000000000
00000000000000000000000000000000
00000000000000000000000000000000
00000000000000000000000000000000
00000000000000000000000000000000
00000000000000000000000000000000
00000000000000000000000000000000
00000000000000000000000000000000
00000000000000000000000000000000
00000000000000000000000000000000
00000000000000000000000000000000
00000000000000000000000000000000
00000000000000000000000000000000
00000000000000000000000000000000
00000000000000000000000000000000
00000000000000000000000000000000
00000000000000000000000000000000
00000000000000000000000000000000
00000000000000000000000000000000
00000000000000000000000000000000
00000000000000000000000000000000
00000000000000000000000000000000
00000000000000000000000000000000
00000000000000000000000000000000
00000000000000000000000000000000
00000000000000000000000000000000
00000000000000000000000000000000
00000000000000000000000000000000
00000000000000000000000000000000
00000000000000000000000000000000
00000000000000000000000000000000
00000000000000000000000000000000
00000000000000000000000000000000
00000000000000000000000000000000
00000000000000000000000000000000
00000000000000000000000000000000
00000000000000000000000000000000
00000000000000000000000000000000
00000000000000000000000000000000
00000000000000000000000000000000
00000000000000000000000000000000
00000000000000000000000000000000
00000000000000000000000000000000
00000000000000000000000000000000
00000000000000000000000000000000
00000000000000000000000000000000
00000000000000000000000000000000
00000000000000000000000000000000
00000000000000000000000000000000
00000000000000000000000000000000
00000000000000000000000000000000
00000000000000000000000000000000
00000000000000000000000000000000
00000000000000000000000000000000
00000000000000000000000000000000
00000000000000000000000000000000
00000000000000000000000000000000
00000000000000000000000000000000
00000000000000000000000000000000
00000000000000000000000000000000
00000000000000000000000000000000
00000000000000000000000000000000
00000000000000000000000000000000
00000000000000000000000000000000
00000000000000000000000000000000
00000000000000000000000000000000
00000000000000000000000000000000
00000000000000000000000000000000
00000000000000000000000000000000
00000000000000000000000000000000
00000000000000000000000000000000
00000000000000000000000000000000
00000000000000000000000000000000
00000000000000000000000000000000
00000000000000000000000000000000
00000000000000000000000000000000
00000000000000000000000000000000
00000000000000000000000000000000
00000000000000000000000000000000
00000000000000000000000000000000
00000000000000000000000000000000
00000000000000000000000000000000
00000000000000000000000000000000
00000000000000000000000000000000
00000000000000000000000000000000
00000000000000000000000000000000
00000000000000000000000000000000
00000000000000000000000000000000
00000000000000000000000000000000
00000000000000000000000000000000
00000000000000000000000000000000
00000000000000000000000000000000
00000000000000000000000000000000
00000000000000000000000000000000
00000000000000000000000000000000
00000000000000000000000000000000
00000000000000000000000000000000
00000000000000000000000000000000
00000000000000000000000000000000
00000000000000000000000000000000
00000000000000000000000000000000
00000000000000000000000000000000
00000000000000000000000000000000
00000000000000000000000000000000
00000000000000000000000000000000
00000000000000000000000000000000
00000000000000000000000000000000
00000000000000000000000000000000
00000000000000000000000000000000
00000000000000000000000000000000
00000000000000000000000000000000
00000000000000000000000000000000
00000000000000000000000000000000
00000000000000000000000000000000
00000000000000000000000000000000
00000000000000000000000000000000
00000000000000000000000000000000
00000000000000000000000000000000
00000000000000000000000000000000
00000000000000000000000000000000
00000000000000000000000000000000
00000000000000000000000000000000
00000000000000000000000000000000
00000000000000000000000000000000
00000000000000000000000000000000
00000000000000000000000000000000
00000000000000000000000000000000
00000000000000000000000000000000
00000000000000000000000000000000
00000000000000000000000000000000
00000000000000000000000000000000
00000000000000000000000000000000
00000000000000000000000000000000
00000000000000000000000000000000
00000000000000000000000000000000
00000000000000000000000000000000
00000000000000000000000000000000
00000000000000000000000000000000
00000000000000000000000000000000
00000000000000000000000000000000
00000000000000000000000000000000
00000000000000000000000000000000
00000000000000000000000000000000
00000000000000000000000000000000
00000000000000000000000000000000
00000000000000000000000000000000
00000000000000000000000000000000
00000000000000000000000000000000
00000000000000000000000000000000
00000000000000000000000000000000
00000000000000000000000000000000
00000000000000000000000000000000
00000000000000000000000000000000
00000000000000000000000000000000
00000000000000000000000000000000
00000000000000000000000000000000
00000000000000000000000000000000
00000000000000000000000000000000
00000000000000000000000000000000
00000000000000000000000000000000
00000000000000000000000000000000
00000000000000000000000000000000
00000000000000000000000000000000
00000000000000000000000000000000
00000000000000000000000000000000
00000000000000000000000000000000
00000000000000000000000000000000
00000000000000000000000000000000
00000000000000000000000000000000
00000000000000000000000000000000
00000000000000000000000000000000
00000000000000000000000000000000
00000000000000000000000000000000
00000000000000000000000000000000
00000000000000000000000000000000
00000000000000000000000000000000
00000000000000000000000000000000
00000000000000000000000000000000
00000000000000000000000000000000
00000000000000000000000000000000
00000000000000000000000000000000
00000000000000000000000000000000
00000000000000000000000000000000
00000000000000000000000000000000
00000000000000000000000000000000
00000000000000000000000000000000
00000000000000000000000000000000
00000000000000000000000000000000
