01111111110000000000000000010011
01111111110000000000000000010011
01111111110000000000000000010011
10011010010100000010110000100011
11100000000010101000001001010011
10100000001000000001011011010011
00000000000011111010010000110011
00000000111110010101011110110011
11100000000011100000101101010011
11100000000011010000011101010011
11010111010000000010010100000011
00000001111110001010011100110011
11100000000000000000001011010011
00000000000100001000110001010011
01000001010000000000001000010011
01000001101010111000011000110011
10100001110111110001111001010011
00000001100010111010111000110011
00001000011001010000100111010011
10100001011111001001000101010011
00000000011011001001110110110011
01011011000000000010000100000011
11011000111000000010001000100011
00101010000000000000010100010011
00000000110000010000101111010011
00000001010010001010000110110011
00000000001010011000101011010011
00000001001011000000100100110011
00001000010110011000010101010011
00000001100100010010101110110011
00000000001001111010001000110011
00000001011110100010001000110011
00010110111000000010001000100011
01000001110001101000011110110011
00000001110010100010010110110011
00000001100111111000111100110011
01000001111010001000100110110011
10100000110011101001110101010011
10100000010001000001110111010011
00001001101100001000011001010011
11001000001100000010000000100011
11010010100100000010011000100111
00000000111000011000011100110011
10100000101001001001111011010011
00000000111110110001110010110011
00000000110110001001100110110011
10100001000111000001001001010011
00111001100000000010000010000111
11100011010000000010100100000011
00000000000110001000000110110011
00001000101101010000011111010011
00000001100000000010010100000111
00000001000011000000001100110011
11100000000000101000100001010011
00001000010011111000100001010011
10101111100100000010001000100011
00110011100000000010110000100111
00100011110000000010000100000011
01100101110000000010100100000011
11100000000010110000110011010011
10110000001000000010000000100111
10110110000000000010111000000111
00000000110110011000100000110011
10111010110000000010000100000111
00001000100101100000011111010011
01000001000001000000000010110011
00000000111100011000100001010011
01000001000100100000010100110011
11011110110000000000110000010011
01101111000000000010010100000111
01011101100000000010011000100111
00001000010001000000010011010011
00110001010100000010001000100011
01100001110000000010101100000111
00000001000100000101110010110011
00000000000111111001000110110011
00000001001001011101111110110011
11100000000001100000111101010011
00001001101110111000111111010011
00011111110000000010101110000111
00100000100000000000011010010011
00000000011101001000011111010011
01100111110100000010111000100111
00000001010011111000101010110011
11000010011100000010010000100011
10100000100000101001111011010011
11100000000010100000101101010011
01000000110001101000000110110011
00001000010001100000101101010011
11100000000010100000101101010011
10100000001101101001011111010011
00000000001001000010011000110011
01011110000000000010100110000011
00000001100110100000001010110011
00001000010000000000000111010011
00000001010100100000001000110011
00001101110000000010011100000111
11100000000010010000010011010011
00000001001101001000011010110011
11100000000000111000110101010011
11100000000000110000100001010011
01001011010000000010111000100111
00001010011100000010010000100111
10101110110000000010101110000011
00000001110001101010101000110011
10100001010101110001011111010011
10001111001100000010011000100011
01010010001000000010000000100011
00000001011111100000011010110011
00000001100101011000101110110011
01000001011101100000110110110011
10001011110000000000010100010011
00001001001110011000010001010011
00000000011110000001010000110011
01011000010000000010101110000011
11110010100000000000110000010011
00000000100101001000010011010011
11011000010000000010111010000111
00000001101110100000001100110011
00001001101100110000000011010011
00000000111100001101011000110011
10010000100000000000000110010011
01101110000000000010010110000011
00001000011101011000101111010011
00000001011100000101010110110011
00000000001100010001011010110011
10110011010000000010011100000011
00001000110101100000100001010011
01000001011011001000010010110011
00000000011001110000101101010011
01110000000100000010010000100111
10100110100100000010000000100111
10100000010110010001100011010011
01101101101000000010100000100011
00000001010111101000101111010011
10100000110001100001001011010011
10100000011001000001011111010011
00000001010011001001011100110011
01000000000100110000100010110011
10000101101000000010100000100111
00000000010000101000111100110011
00000000110011110000111011010011
00000001000110001001001100110011
00000000100001000000110110110011
10100001011110000001101111010011
11000110100000000010011010000011
00000000010101010000000011010011
11011100101100000010101000100111
00001000000000010000111101010011
11100000000010000000011111010011
10100001010111100001110111010011
00000001011011100000101101010011
01000001100100101000101000110011
10110101100000000000000010010011
00001001011101011000001011010011
11100000000010011000011101010011
11001110100000000010010000000111
00000001000100000000010111010011
11111010110000000010000010000111
10100000110100100001000111010011
10100000001000010001011101010011
00000000011011011000001111010011
00001111110100000010110000100011
01011111010000000010100000100011
00000001110000000000011001010011
01011100010000000000001110010011
01100000010000000000010000010011
01000001000000000010100110000011
11011010010000000000101100010011
11100000000011111000111111010011
10100000011001011001111111010011
00000000011001001000010111010011
00000001010010011000110010110011
10010010101000000010001000100011
00000001101001110101100110110011
11000001101100000010111000100111
00000001110111111001000010110011
00000000110011011000100101010011
00001001011111000000100101010011
01000001011100100000001010110011
00000000000011010101000010110011
00000000111000011010010000110011
11100000000000011000111011010011
01010000111000000010011000100011
00000000010101010000010110110011
10000111100000000010001100000111
01001100101100000010100000100011
10100001000100011001011001010011
10101000100000000010000000100111
00000001110000011000000011010011
00000001000001101000000011010011
00001001100000000010000010000011
00000000000000101001001010110011
00000001110100100000111110110011
00000000010001010101100010110011
00000001001111001000100000110011
00010000100000000010111010000111
00000000011000000101100000110011
10100000100010100001011011010011
00101100000000000000011100010011
00000000001010001101100000110011
01110101000000000000011100010011
00001000110100111000111011010011
00000000111011010000000111010011
00000001000111100000111101010011
00000000100010001010101100110011
10100001111010011001011111010011
00111101000000000010001110000011
01000000010100011000100000110011
11100000000001001000000111010011
10100001110010000001001001010011
00000000011111111000011001010011
00001001100110010000011101010011
00000000111010001000011011010011
11111010100100000010010000100011
00000001011110010000001010110011
11100000000010101000011101010011
10100000110111001001010011010011
00000001110101101010000010110011
01000011001000000010010000100011
00001001111000110000000011010011
00000001000010111010001010110011
11100000000010011000010111010011
00000000010000101000100001010011
10100001110110101001111101010011
01110011010000000010011000100011
00000001110100010010101000110011
00000000101100111000001010110011
00000000100011100010011110110011
11110001000000000010000000100011
00000001001101001001000100110011
00000000110100000000011011010011
00000000011100001000011100110011
11100000000000100000001011010011
11100011110000000000011110010011
00000001010001110000100100110011
00000001011010000000010001010011
00001001100000110000010001010011
00000001011100001010111100110011
00000001101100001001111000110011
00000000100000001001001000110011
11100000000010010000100101010011
00000001111110101010101100110011
00000001000000010000111001010011
00000000101000010000110101010011
00000000100111100000001010110011
00001000000001100000000011010011
00000000100110001000010111010011
01000000111010010000000010110011
00000000011001110101000100110011
00000000101011010001001010110011
00100000100000000010001000000111
01111100001000000010100000100111
10110100110000000010111010000011
00000001101100010101010100110011
00000000101101101101001010110011
00000000000101100010111010110011
00000000111010101000111000110011
00000000001101111001101010110011
00000000101110111000011100110011
00000001000001010010011000110011
00001000111100011000010001010011
01111110100000000010011110000111
10001010100000000010101110000011
11110000110000000010100100000111
10100000100000000010000110000011
00010001110000000010100000000011
00000001110010100001110110110011
00000000101010011000010101010011
10011101110000000010101000100111
11111110001100000010110000100011
01100111010000000010001100000011
01000001001000011000000010110011
00000000100001110101110110110011
11100000000010110000011011010011
00000000111111010000110101010011
00110001100000000010100110000011
10100000111011111001111011010011
00000001110010101101111000110011
00000000110100100000011011010011
00000000111010111000000111010011
00000000000000000010010010000111
01100111011000000010101000100011
10100000011100100001000011010011
00000001110101000010001000110011
10110101001100000010101000100111
00000000110100111001001110110011
00000000000111110101100010110011
11100000100100000010100000100111
11100000000000000000010011010011
11001110110100000010010000100011
00000001101010001001100100110011
00000001001011111010100010110011
00000001100101011000010111010011
00000001010011000001101000110011
10111011010000000000000010010011
01111101110000000010100100000011
00000000001110111010011110110011
10000011011100000010011000100111
00001010010000000010010010000011
00000001010110110001111110110011
10100001100001010001101011010011
00000001100000110010001010110011
00001000010000101000111001010011
00100101110000000010001010000111
01000000000010000000010000110011
00000001110111000000001000110011
00010010100000000010110000000011
11100000000000010000001101010011
00000001001001101000100001010011
00010001010000000010011010000011
00000001110011010101101000110011
00000000011100101000100111010011
10100001101011010001010111010011
00000001100000111000100101010011
01000000111011101000011000110011
00000000100010101010001000110011
00000000111110011010100000110011
01000000100100000000100110110011
01110111111100000010101000100111
00000000011000001010001110110011
11111101111100000010101000100111
11011010110000000010010100000011
00000001010010111000001010110011
00000000001011101000100111010011
01111011100000000010010010000011
00000000000111111001011000110011
00000001011001101000011100110011
01000001100100011000100100110011
11100000000010010000110111010011
00000001010000101000111011010011
01000000100110110000101010110011
00001000101111101000110001010011
00000000110101011000000100110011
00000001001101111010001100110011
00000000101101000000110001010011
10100001010010100001110101010011
01000000110011001000011010110011
00000001010010111000111010110011
11100000000000001000100001010011
00101101010000000010101010000011
10110110000000000010100100000011
00001001101001010000011111010011
01101001011000000010011000100111
10100001111011011001000101010011
11100001011100000010111000100111
10100000010111000001001111010011
00100010100000000010011110000011
00000001110000000010011000000011
10101111001100000010111000100011
11100000000001001000011111010011
01000001101100110000101100110011
10100000001011011001000101010011
00000001011010010000010001010011
00000001101111011000001000110011
00000000000001010101101110110011
00000001110101000000011010110011
00001000111101100000010111010011
11100000000001101000101011010011
00000001111001001010000100110011
10110111000000000010111000100111
10110101110000000010001110000011
00000000100110101000101000110011
00000001111000110001111010110011
01000001001101101000001010110011
10001101000000000000111000010011
11100000000000010000101101010011
11100000000001110000111101010011
00000001010001010010111100110011
00000001010100100010101000110011
01110001110000000010000010000011
10110000000000000000111000010011
10100001101111011001101101010011
10010011100000000010011100000011
00000001100001001010111110110011
00000001000000111010011110110011
10100101110000000010001000000111
11110111010000000010010000000111
01000000110000011000101010110011
00000000100000000001000110110011
01000001100111011000010000110011
10000011110000000010010110000111
00000000000001111010000100110011
00000001110010000001001100110011
00111001011000000010110000100111
10100001101001110001011001010011
00000000111001110001110000110011
00001000011000100000010011010011
00000000100001000000111110110011
00001000101111000000001101010011
00001001110110111000001111010011
00101000100000000010101110000111
10100000100100100001001101010011
11100000000010111000100101010011
00000000111110100001111110110011
11100111000000000000100000010011
00110111000000000010111010000111
00000001111011001101001000110011
00001001011011011000110111010011
00011011010000000000100000010011
01000000010101000000101100110011
00010110000100000010110000100011
00111000110000000000100110010011
00000001010001011000111001010011
00001001000110011000010111010011
11010110100000000000011110010011
11101100011000000010010000100011
00010011101000000010101000100011
00000000001101110010010000110011
11100000000011111000110111010011
11110010000000000010111100000111
11010000100000000010000100000011
00000001110001010010111110110011
00110101000000000010111000100111
11000101100000000010010100000011
00000001000110101101011110110011
00000001011101101001100110110011
00110100100000000010010110000111
00110011110000000000000110010011
00000000010010010101001010110011
10100001110000111001010001010011
10110001000000000010110000000011
00001000000110110000100011010011
10100001010010110001111011010011
00001000011101011000011111010011
11100000110000000000001100010011
00000100000000000010111100000011
01000001111100100000001100110011
00000000101110010010000110110011
00000000011110001000000010110011
01001011000000000010010000000011
00000001011011010000000111010011
00000001111111011000010110110011
10000111000000000000001110010011
10100001000111011001010001010011
00101100111000000010110000100011
11010001100000000010111000000011
10100000111111111001010011010011
10100011000000000010011000000111
00000001110011101101001110110011
00000000001001101000001100110011
01101101110000000000111100010011
00000001110111010000111000110011
11101001001000000010110000100011
10100001000001000001111001010011
00000001101010011101010110110011
00000000111011010001110110110011
11100000000011110000101111010011
00000001101110010001000100110011
00001000001101011000110101010011
01000000010010001000110100110011
01000000100111011000001100110011
00111111110000000010111100000011
00101011010000000000100110010011
00000001000011010001101110110011
11100000000010000000001101010011
01000000001111001000111010110011
00000001001000101000100010110011
10111000001100000010011000100011
01000001001111101000011110110011
00000001101111010000011111010011
00000000010110110101000110110011
00000001001010010000101001010011
11110011101000000010111000100011
00000001110010111101100110110011
00000001011011010001010010110011
00000000110100101000010101010011
00000000000110101000100111010011
10101110000000000010000000100111
00000001111000001010110100110011
00101111000000000010111010000011
11101010000000000010111000100111
00000001001110001000001100110011
00001000000110010000010101010011
01000000010011111000000010110011
01000001010111110000110000110011
00000001001001011101111100110011
11101000010000000000000010010011
00011101011000000010011000100011
00001001100101000000101001010011
01001011000000000000001100010011
11100000000010110000001101010011
00001001000011101000100011010011
00111101100000000010001100000111
00001001110010110000001111010011
00000000101000001000001010110011
11100000000001000000111011010011
00010111110100000010100000100111
00000000100110000010001010110011
00010011101100000010100000100011
01111110100000000000010010010011
00000000010010000010111100110011
11100000000001100000101101010011
00110110110000000010011010000011
00000000101110000000000010110011
10011011000000000010010000000011
00000000001010100101000010110011
00000001100001111010101110110011
11010101100000000010011110000111
00000000101011110101110000110011
00000000001101010000010100110011
01000000100010000000100000110011
00111000100000000010101100000011
01000000010101011000111010110011
10100001101000001001100011010011
11100000000000101000010001010011
00000000000000111010010110110011
11101110000000000010010010000111
00000000000000110101111110110011
00000000101010011101001000110011
11100000000010110000110011010011
00000001011000111010101000110011
10100100000000000010110000000111
00000001110001000000010001010011
01000001010011000000110110110011
11110000000000000000111110010011
00000001100100001000100101010011
00000100101000000010001000100011
01000001010000001000001010110011
00000000011110110000110001010011
00001001111001100000101111010011
00001001110101111000100011010011
10111001000000000010010110000111
00000001000010111001101010110011
01011110110000000000110110010011
00000000001010101101001010110011
00001000010010001000111011010011
00000000000100001101101100110011
01010110110000000010001100000011
00000001101111100001001110110011
00000000100111000101001010110011
10100000000001111001010101010011
11010001100000000010011010000111
10011111101100000010111000100011
10100001000100110001111101010011
10001000000000000010111000100111
10100010100100000010101000100111
00100111100000000010011110000111
00000000000000101000100011010011
00000001110011111000000111010011
00000000100101000010000010110011
00000001001110100001100100110011
00000001011010110000110111010011
00000001000110010010100010110011
00000001101100111010100010110011
11100000000000100000110101010011
10100000101100101001100111010011
00000001111000000010101100110011
00001001011101001000010011010011
01101001100000000010110110000111
10011011100000000010111000000011
00001001111101001000100111010011
00001001011100010000100111010011
00011010100000000010001010000011
01110001010000000000001110010011
00000000110010010010001010110011
00000001101011110101100010110011
11101001011000000010001000100011
11100110110100000010001000100111
00000000001010001010011010110011
10100001011100010001111011010011
11111111100000000000011000010011
00000101110000000000010100010011
00000000000001101001100010110011
00000001111010110001000110110011
00000000011011110000010100110011
10010001111000000010100000100111
11100001100000000000110000010011
00000000010010100001010010110011
00000001000110001101011010110011
00010101110000000000011000010011
00000000010100001101111100110011
00000000100001101000110001010011
00110101000000000010100110000111
01000000001010110000110110110011
11100000000011100000010011010011
11110001011100000010011000100111
00000001100110010000001000110011
00000001110010110101011000110011
11101010111100000010011000100111
00000001100001110000110011010011
00000001011100101000011000110011
00000001101110100010101010110011
00000000010101001010000010110011
11100101100000000010001000100111
11100000000001000000100101010011
01000000001001101000011010110011
00000000010001000000000110110011
00001000110100011000111011010011
11100000000010110000001001010011
00000000100101101000010101010011
00010111010000000000100100010011
10100000000100000010101000100011
00000001100001111001011100110011
10100000001110011001000111010011
00000000011100000000000110110011
10110010111000000010010000100111
00001001000000001000001101010011
01101001100000000010100010000011
00000001101001100000000100110011
00000000000110111000100101010011
10100001010000110001010001010011
10000010001100000010010000100011
00000001010110101000110010110011
00000001101011110001000100110011
00000000001011000000111101010011
00000000011110001101101010110011
00000000011100000010100110110011
00000101000000000000111010010011
00000001101111110101000010110011
10100000000101111001111011010011
00001001001100011000110101010011
00000001111101001000111011010011
00000001011011110101011100110011
10001011011000000010011000100011
00000000111100011101110000110011
01110011000000000010111100000111
00000000000000100000001000110011
00100110100000000010011000000111
10111000000000000010001110000011
11111101100000000010111010000011
11100000000010000000001111010011
10100000000001000001101111010011
10100000111010010001011001010011
11111010000000000010011010000111
10100000011000010001001111010011
00000000000011001010101100110011
00100010000000000010101110000111
01010101100000000010001000100011
00000000100011011000011110110011
11111001001100000010110000100011
00001000101111011000111111010011
00000000101011010101010010110011
00000000001010101010100100110011
01000011001000000010001000100111
00000000000100110000001101010011
00000001001101011010000010110011
00000001111001000001100110110011
00001000101101010000100101010011
01000000000011001000100010110011
00000001000010101000100000110011
00000001011111001101100010110011
01110100001000000010100000100011
11001101000000000010001000000011
01011111100000000010110010000011
10100011100000000010011110000111
00000000110110010000110010110011
00000000110110010000011101010011
11100000000010011000001011010011
11100000000001100000110111010011
01101100111100000010110000100111
00000000011110011000011111010011
10100000011001010001110011010011
00000001110000110010101100110011
00000001100110011000001001010011
00000001111001100010000010110011
00001001011011001000011111010011
11100000000011111000111011010011
11010001000000000010100010000111
00001000000101011000110101010011
00000001100111111000000111010011
00000001001100111010000100110011
00001000100001100000101001010011
01001010001000000010111000100111
00001001010111011000111111010011
10010011010000000000100100010011
00000001000000010000100110110011
11010100000000000000001110010011
00001101100000000010001000100111
00000001111101100001010000110011
00000000000100000010111110110011
01101000001100000010100000100111
10111000100000000010000000100011
11011001111100000010111000100011
00000000101001001010000010110011
00001000011000111000110111010011
00001000101011111000011111010011
10100011010000000010011010000011
01010100101100000010110000100011
00101101110000000010111010000111
01000001000010010000111010110011
00001000000000000000100000010011
00001001000001010000011101010011
10111010100000000010001110000011
00001001010010111000011111010011
01000001000110111000010000110011
11100000000000001000001111010011
00000000010001101001010100110011
00000001000110000101001000110011
00000000011011110010101100110011
00000000010000001001000110110011
01010011000100000010011000100011
00000001000101011101011010110011
00001001110010100000111111010011
11100100000000000000110000010011
00000000111011100000111001010011
00000001010100011010111100110011
10010111110000000010100000100111
00001000000001101000111101010011
00000001101101100001001110110011
10011100000000000010100000000111
00001000111110110000100011010011
10011001010000000010000010000011
11100100101000000010111000100011
00111000000000000010001110000111
11100000000001001000101111010011
01000000111110110000011100110011
00000001101111000101111100110011
01000001011001110000010100110011
11100000000010111000100011010011
00000001000101100101011110110011
10110110010000000010011100000011
00000110100000000010000100000111
01110011100000000010110110000011
01011111110000000000011010010011
10000100010000000010000010000111
00001111100000000010001010000011
01001101110000000010111110000111
11101111110000000010011110000011
00001001100111100000101101010011
01000001001100110000011110110011
00000000100110100010010010110011
01000001100100010000110000110011
10101100000000000010101100000111
01000001011101010000111000110011
11100000000001011000100111010011
11100000000000110000010111010011
10000110010000000000010100010011
00001001001100101000110011010011
00000001110111001101010000110011
01000001110100101000110010110011
11100000000011110000011011010011
01000001110101101000111010110011
00000001001001000000011101010011
10111101000000000010010000000111
11110100111100000010000000100011
00000001001010111000100011010011
10010010000000000000010010010011
01000000100101001000100010110011
01000100110000000010011000000111
00110111000000000010010000100111
11100000000011011000000111010011
00000001000110110001001000110011
00111101010000000010101000000111
00000000101001111000011100110011
00000001100011111000110000110011
10101101100000000010101000100111
00000001111111110101000100110011
00001001101110101000101011010011
00000000101100010001010010110011
00000000010011010000010010110011
11110100001000000010000000100011
00000000111001001000000110110011
10100110000000000010110000000111
00000001011011001001110110110011
00100000100000000010010010000011
01110111110000000010010010000011
00000001101010001001100110110011
01100010111100000010000000100111
01101110000000000010000110000111
00000001011000110000001000110011
00000000111101010001101010110011
10100001011111010001101111010011
11100000000010010000110011010011
11010100101100000010001000100111
01000001011000010000110110110011
10100001001111101001110001010011
10100000101011000001101101010011
00000000101011110010110000110011
01010011010000000000101000010011
00000001000100111001101000110011
11100000000011111000000111010011
11011011100000000000111010010011
10100000111001101001011011010011
10011100100100000010000000100011
11100000000001101000000101010011
10100001001111011001101001010011
00000001101011101000110111010011
01000000010010101000111000110011
00000001111000010101101100110011
00000000111101000101111010110011
00100111110000000000110000010011
00000000111011111000010111010011
00101100100000000010101010000111
00000001010100110000010011010011
11011011000000000010010000000011
10011110010000000000111010010011
00000001001010001000101101010011
10100001101011100001100101010011
00001000011001110000101101010011
01000000100001100000101000110011
00010110101000000010010000100111
00000000001001001000101001010011
00000001010000000000110000110011
10110010110000000000100110010011
11111000010000000010111110000111
00000110100000000010010100000011
10101001010000000010000000100111
00000000111000100101111100110011
10100001100010101001001001010011
00000001001111100000000011010011
11100000000000100000001101010011
00001000111010001000010011010011
01000000010010110000101000110011
10100001000101001001001001010011
10100100110000000000101110010011
10100001011010011001001101010011
10100001100110001001010101010011
11101001110000000010111100000011
00001001001110100000010001010011
00000001111101000101110100110011
11100000000000010000111111010011
10100001001110100001111011010011
00100111011100000010111000100011
11100000000010111000111001010011
11011111110000000010011100000111
01000001101110101000000100110011
01000100100000000010111100000011
11100000000011101000101111010011
00000000100010010001010100110011
00000001110100111010110000110011
10001101100000000000011000010011
11100000000011000000010001010011
01100001101100000010100000100111
10100000111111101001110001010011
11011100110000000010000110000111
11100000000001000000111111010011
00100111010000000010100110000011
01100101010000000000011010010011
01001101000000000010011110000011
01000101100000000010110100000011
00001001111010011000100111010011
00000000100101110000100111010011
00000000101101010000100110110011
10101110110000000010011000100111
01101111110000000010111000000111
00000000110001011000011110110011
11111100010000000010100000000111
10110010110000000010000000100111
01000001101000111000101100110011
00000000001001101000010110110011
00000000111101111000001101010011
10010001111000000010011000100111
00000000010111000000000010110011
00000001000100100000011101010011
01010010110000000010011100000011
00000001110101001000000110110011
00000001001000010001011000110011
01000000001011010000011100110011
00001000000100000000100111010011
00000000100101111010110100110011
00001000000100000000010011010011
00000001110011010000000110110011
01110110000100000010110000100011
00110101000000000010111000100011
10100001111010110001111001010011
11111111110000000010010110000111
10100001011100101001001101010011
00110011010000000010001000100011
00010100110000000010010000100111
10100001001111110001110001010011
11100000000011100000111111010011
00110010011100000010011000100111
00000000110111011010111100110011
00000001110000010000111100110011
00001001110000010000001001010011
00000000001111100000110001010011
11000111011000000010001000100111
00010010100000000010010000100011
10111100100000000010110110000011
01000000100100001000000100110011
01111010111000000010101000100011
00010010000000000000110000010011
01000000111110010000011100110011
00000001101010110001111100110011
00011111100000000010111010000011
01000000101111110000101110110011
00000000101111010000100100110011
00000001110111110001010110110011
10110100101000000010110000100111
01110101100000000010001110000111
00001001101011100000101001010011
01011110100000000010010000100111
01000001100010100000110010110011
10100000111111001001011011010011
01011000110000000010101010000011
00000000011001011010101110110011
01000000011101010000111110110011
01100011000000000000101100010011
00000000111100000010100000100011
00000001111010111000101010110011
10100000000000001001001111010011
01000000101010100000101100110011
00100010010000000010011010000011
01001110010000000000110010010011
00000000111110110000001100110011
11100000000001011000100001010011
01000000111010001000011110110011
00000001001101111000110011010011
00100110000000000010111010000011
10100001001000010001001011010011
00111111010000000010011110000011
00000000010111101101110010110011
00000000001101011000001000110011
00000000110101111000010000110011
10100001110110001001010101010011
00000001001111101010011010110011
00000001011000101000010100110011
00001001101010010000011111010011
01110110010000000010000000100011
00000000001101001001001110110011
00001001111011001000001111010011
00000001010101010010111110110011
00001001101100010000011011010011
00001001011111010000110101010011
00000001000111001010010110110011
00011010000000000010011110000011
00000001001101101000001010110011
00000001111000111010110110110011
00011011100000000010100000100011
00000001100000111101111010110011
00000001100000110000110011010011
10011101011000000010001000100011
10010001101000000010001000100011
01010000010100000010011000100111
10111010110000000000100010010011
00000000110101101001010100110011
10100000100001110001001011010011
00000000101101000000100011010011
00000000011000010001011100110011
01111010000000000010100100000111
00000000001110110000011000110011
00000001100111000010011010110011
00001001000010010000110001010011
00000001010100000010101010110011
00000001100011011001110000110011
00000000101100001010101100110011
00001000110001011000011101010011
00111110100000000010011000100111
00000000010000110101001100110011
00000000100101000000100100110011
00000000100001100000110111010011
01000000001111010000101010110011
10100000110011000001101111010011
00001001110000110000011001010011
11001111110000000010100000000111
00000001101010001101011000110011
01010000000000000010011000100111
10001110110100000010111000100111
00000000001001010000110110110011
01110010010000000010111000000111
00000001111101000000011011010011
00000000110100001000111000110011
11100110000000000000000110010011
00001001101000000010001000100111
00000001111010111101010000110011
11100000000000110000011111010011
00000000100001110010100110110011
10100111111000000010100000100011
11001001111000000010111000100111
10100011110000000010000010000011
00000001001101110001011000110011
00000101010000000000010010010011
10100000100100100001110101010011
01111000101100000010110000100011
00000000100000001101010100110011
01000001100000000010100100000111
00000000100110000101000010110011
10100000000110100001110001010011
11111011100000000010111110000111
01000001100001001000000010110011
00000001110010100000101010110011
00001000110110110000101101010011
00000000100111101001000100110011
00000000011010001001110000110011
11000011110000000010000010000011
10010000100000000010101010000111
00000001000100011010010000110011
00000001100110001001100000110011
00101110010000000010011000100011
01000001101100101000001000110011
10001110000000000010000000100011
01000000111111111000011010110011
00000000110111100010011110110011
11100000000011100000101111010011
01110101110000000000011110010011
00000000110101100101111000110011
00001000110011101000101011010011
00000000101001101001111110110011
00000001010010001010100000110011
00000001111011011000010001010011
00000000111111011001001110110011
00000001110000100001001010110011
00001011100000000010010000100011
00000000010011101001011010110011
00000000101011111010100110110011
00000001100001010101011100110011
00000000010010010000111011010011
10100001010100000001101111010011
10001101101000000010001000100011
01001101100000000010011100000111
11100000000011010000110101010011
00111111011000000010100000100011
10100010011100000010101000100111
00000001011101000001011110110011
00000000110100001001111010110011
00100111100000000010000100000011
01110011100000000010101000000011
10100001010000000000011100010011
00110010110000000000000100010011
11100000000010000000010111010011
11001110100000000010001000100111
00000001101010010101000110110011
11100010010000000000011110010011
01000001110100101000010100110011
00010100000000000000100110010011
00000000000011111010100110110011
10100001010000000000101100010011
00001001011011100000011001010011
11100000000001011000011111010011
11100000000010100000110001010011
01000000000111111000110110110011
01110011010000000010010000000011
00000000000000000000000001110011
00000000010000000111010110111000
11000011001011110100010110111101
00000000001010101111010011101101
01000110000011000000101010111010
00000000001101000011011001001110
11111110010010110101101110100011
00000000000110100111000110101000
10001001111101100101010110100011
00000000010110001000010011110000
10001100001011000111000110111110
00000000011010001010101001100101
00111100110010111011101110100010
00000000001101011100001101100000
00010001010001001101101101010100
00000000011011110011100000111000
11111010100100001011011111000110
00000000011011100111001001001110
00011001100001111100100101100100
00000000000101011000111011010110
11110101010011010111000101110111
00000000010101110001000010110000
00111110010100100000001101011101
00000000010110110111101010111110
10100110001011101010101100000100
00000000010110011001110101001010
10110010011001001000010111001001
00000000011000000100010110111001
11001011001001000101100111101111
00000000001011111000010010110110
00000011111110011001111110001100
00000000000011011110001001100100
11110010011101000010100011111011
00000000010010100100100101011111
00111001011111001110101100101110
00000000010110010111110010001101
01011010000101001111000111011110
00000000010010010100111111000100
00100100000000001110110010101100
00000000011011011010001111010011
10100000001011111101000011101111
00000000011011000010101110010000
10010010111100001010010001010110
00000000011100100011101101010010
01100011010011111110010010000110
00000000010101000111001001100011
00101001000100110010011000100000
00000000011110001101111111010100
00011101000000001011010000010100
00000000001100111010100110100011
10110111001101101011010010110111
00000000010110110111010010100000
10111000100010001010011110000110
00000000000010100101000111111110
10111100100001011001100101010011
00000000010110110101011101000000
01000101110111001010011001101000
00000000000100110110111111001110
01111100100111100110001100010010
00000000001010100111111011101011
10110100110111000011011010101101
00000000011001111001111100010001
01001000110100101111000011010000
00000000001000001000101001100010
11001011101100001111110010010000
00000000010100000010011011000101
11100110101010000111110111110100
00000000000110000000111000110000
00011000011110000000100101011101
00000000001100000001000000001011
10000100101100110000111100111101
00000000001010010111000001100100
00001010000001011010001000101000
00000000001011010011000011001010
10001000110110000101100010101000
00000000000010001111101110111111
10000110010100111010111001011111
00000000011101001011100111110100
11011010111001100111100100101000
00000000000111110010010101000100
10101010100100011010010000011011
00000000010001111110000111010010
10100101000001100101110100101111
00000000000000101001001111100110
11001001101000001101101011101110
00000000010000000100011011100110
00010000011010010001001011101100
00000000001000100001010100000011
10001101100110111101001001000111
00000000001011110101010000000111
00010000010011110101111011010100
00000000000110010100100001010111
00000001101011001000101000101010
00000000010111111001110110010111
11000100010100110100101100001000
00000000000101001100110111101000
11001110011010110101101110110101
00000000000010010010100011110010
01101101101000000010001011101000
00000000001100110101011001000010
00111101001101011011101001100101
00000000010011101011100011011001
01111011011101100100011111101110
00000000001011101000000100101011
00000000001110010101001000111000
00000000001100001011011001000100
11001010010101011100011000000101
00000000000010110101010000100000
11100111100001100000000011111101
00000000001111001110010111000100
01000000001111110101001101100110
00000000000101001111010100110000
01110001000011100101110001010000
00000000000001111000001100100100
11010001100000101001100011011001
00000000011110011100010011100110
01101010100111000010101110011000
00000000001101100011010000101010
11111001111011100111001110111110
00000000001001101111111111100011
11001111111111000010110001011110
00000000001011001111010111011101
11100101101100001000101100110100
00000000011101011000001111110101
10100100011110001100111110110100
00000000000011110110100001100100
10000110000101011011111111011110
00000000010100110000011110001011
10011000100011000101001001111001
00000000010010001011111110001111
00000011101000000011010101000101
00000000001001010011111111111000
01010111001111001000011011000000
00000000010000110011100101010101
00111101001101000000011000010111
00000000000001111001010101011100
00001011010110101011110000000011
00000000001100110000111111010000
00011110101111101111100000000000
00000000010011010110101110001011
11010001001101011111010101101100
00000000000110010011010101100011
01100110001101101101010011000010
00000000011100100110111001010110
01101001010000001010100100100101
00000000001010111100010110000100
10111001010111000010000111011011
00000000010101111001011000101001
10100101001111011010000011011011
00000000011010000100000001100110
00101010111111110100100011000010
00000000011111110010110011001000
00011000011111010111111101111111
00000000000011101010011000010001
11110101000001010111101100001110
00000000000111010110111001010010
11101010010100010001011101111100
00000000000011110100000101100111
00111001101111011100011100110001
00000000011111111101000011100111
11100001010100111000011111011111
00000000010100000001110111100001
00010011001010010101111100011001
00000000010101011010100011110001
00101100100011000101110011011000
00000000010000100001001110100111
10101101101110001111010001001111
00000000000000001111100111111110
10101001010101000010010010011010
00000000010111000010011100111001
10101100000010100111001000001001
00000000011100110001011110010100
01110111010010000110011010111101
00000000001101111100011000011100
00000010101000001101101011101111
00000000001111010011011110011011
11001000010000001001010000111100
00000000000001000110111110101110
10010100011001111000111111010101
00000000010001110100111010111000
11111011111000111111111001101001
00000000010101101101001010111001
10101100010010101000011011100101
00000000000101010101110110100100
01011101101000100001000011001110
00000000000101101001000000100100
10001000000010010001110100100111
00000000001111110010001101110000
01000010100011101111000000000000
00000000011000100010101111110000
11101111100101101000001111111101
00000000010101001101110110101110
10000001110101100110000011111011
00000000001010110001110100010000
11101111000111100100000111110001
00000000000010101111000100111111
00100100010010110000010001011111
00000000011001010100001110010100
01100010010011111001000010110110
00000000011001111100101011111010
10110101000111001110111110011110
00000000011000010100101000110001
10000101010100111110011010110001
00000000011111000110011000010101
11100111001010010110100101000110
00000000001100011110110111000111
10101101001111101010110001101101
00000000001110100110100010010011
00001100011011111010110110000111
00000000000101010010100001010110
11001001100100110000000111100111
00000000001011110100111011001001
11000110111001001111010000110110
00000000001011001100101000000000
11010011101100010110001101100101
00000000001111010101010010111110
00011010100001000010110001010110
00000000011010000111101101011010
01010010111100101111100110111010
00000000011101011011010110000101
00010011011010100101001001101000
00000000001010001110110111110000
01011000101001001101100101011110
00000000010011000111111101101101
01000000011101001101000010001101
00000000011000100100110001010111
10010111001010000001011011100000
00000000001011000100100110101100
00101000010111110100101000010101
00000000011000000010000001110101
11111010011100100111100110000010
00000000001000110000110110011111
00000110001101000101010100000100
00000000010000010111100010101101
10100101110100101011000110011101
00000000010001011011010010111100
00100011110111001000111110010000
00000000000011111010011010101101
00100000011001100000001100000100
00000000011011001011111100111100
11000110000011101001100111010001
00000000011001000001011100010100
00101011011000100011010001110101
00000000011000110000111000111010
01010000111001000111111111100001
00000000010100101001011110100011
01011001100000110000011011011111
00000000011111100011001100001111
11111001111010101001110100000111
00000000000111011110111110000010
01100010001010001001100110110000
00000000001000000011101010101011
00010001001100111101011011000010
00000000000101110001110011010001
01000000111111100011010001111000
00000000001001001011010110101001
01000110111111010000001111011010
00000000011011010100111110011100
01001100100001011111111000011001
00000000010110000101000100010001
01000111010001110011010110111101
00000000001001011110010110101001
00010110100110010001111010010111
00000000011110100100101010101010
11101010100101101110010011100000
00000000001111000010010100011110
00001111011110011000010110001001
00000000000111110110010101000101
01111010011001111101101010011011
00000000001011101011010000111100
11001100110001111101101100100000
00000000010100001010111011001001
01111011000101001010001100011101
00000000001100010101011101011011
11000010111010100111001111000110
00000000001011010110011111111111
10100111111010111110100111110101
00000000011001110010010011000001
01001010010111000001000100110110
00000000011010111001000101111101
00000100111111011101001010010000
00000000011011110010000001001111
11101001101110011000010011010000
00000000000111100111000111101110
11000101011000001001111111001110
00000000000110101101110111110011
10001111110111000001001000111101
00000000011001101000100101101111
01111010100001111111100011001111
00000000000000100001101001100000
10001100000101110011010111111101
00000000010100011011011100010001
01001011011110111001000000110111
00000000010010111111101010111101
10111010000011101100010110001001
00000000001100011011001000011011
01011011000110010111101011110100
00000000010000000011100011111000
00000111010010001101110001011010
00000000011100011010101000111010
00100011010100101110100001010101
00000000011110100110010101101110
00110010111111101110101001011010
00000000010011100110011001111100
10101100110000000000010100011111
00000000011101101010101010011001
10010011110011100011101011101011
00000000010110100000110111000101
00100111001001101100111110101101
00000000010110010110110001011111
10001101111110110011000110010001
00000000001000001111110001010000
11000011010011111100011010010001
00000000011100101111101001100110
01010110001000011000011110111011
00000000001110000111110001101011
10100101101101010011100001110001
00000000000101011111000001000101
01101110000101100110000110000010
00000000011100011000000000010000
00100001000101101001010001011011
00000000010001110000101001011100
10011000100111001101000110000101
00000000010000110100111000101100
10010010011100101000001000110100
00000000000101011011001100100100
10101110010000001110101111011000
00000000011101100001000111010110
00100111000000000011111110011100
00000000011010100010001000001010
01100001110101110100101010000010
00000000000110000110010100110110
11000101100100000110000011001100
00000000001111100111001110001101
10010011110001000100100101101000
00000000001111011101000010111111
01101110000010000011000000111001
00000000010100000100100000001001
01001000110001110110001000001111
00000000011011011100100111000101
00001100010000010110011110111011
00000000011010110101000001100101
10000000111100011100100100000110
00000000010101000111111000011110
01100001010010110010011010001011
00000000001111001010110100110011
01100011101011010010101110110010
00000000001000011110101100001010
00010010011111000010001000111110
00000000011010001101101011010000
11111001100101100000000100101110
00000000011110000111111011000101
01101100100100010100001001111101
00000000011010000010000100001001
01001111010110111100001000000111
00000000000001000001100000001100
10000111101100010111100010010110
00000000011100110000011101111011
01110010010000111111100010101100
00000000000011100101011001001011
01010110011011001110100101110100
00000000010110010010110100111111
10110010100100101000100001001011
00000000000100100101010001011010
00000011101010011101001100001010
00000000001111010010101111001011
10111100101001001011010011100101
00000000010000010101110101101001
01100010110110101111101111100000
00000000010110100000010100111100
01010111000110000010001111111111
00000000010011101001111110001000
11111010110010100000000101101010
00000000010000111110101111101110
00111101010100000000110001101000
00000000001111110000111111100010
00010010000101010011001011101010
00000000011001111111010010100101
01110101010011100001110011110000
00000000010100111111111111100100
01010100000010011000010011010011
00000000011010011111110111100000
11100100001001011100001011001100
00000000000110000000100001011011
11011011101011110011010011111111
00000000011101010100010010000000
00111010001000110110110110111000
00000000000011000011111011110110
00000111010010100110011010010100
00000000001011010101101010010111
00101110011101000100010100111000
00000000000111101101010101100111
11110110010001101000101100011011
00000000001101110001011100011000
11100111001000110101001010111000
00000000001001001101010000100111
10111111111111100011011000101111
00000000000110010111111110010111
10010100110110100100101011000011
00000000000101111100110101100000
10010001001010100100110100011000
00000000010110000101101110001100
01001100111011001001011111111111
00000000001111100001101110101011
10001110100101110110001001111110
00000000000010110111100011111010
10101100100100110101101010101101
00000000000001011101100001010010
01011011011010010110010101001111
00000000011110101101011111101001
10100100100011001111010100010110
00000000000011100110110010001001
11101100101000111101111010000011
00000000001010101111100110010111
11100000100001010111100011001110
00000000011110001111000000001111
10101000000100010000001100100111
00000000011101000010100101011010
00011101110011010101001001110111
00000000011101100001001011010010
11111100101111001101000001101101
00000000001010110011001011000110
10000001110100010011111100010101
00000000001101011000101101110001
00001001010000101100011001001001
00000000011011100101000110011111
11111110110000110011101001001011
00000000011111011000000000110101
11011101001000010111010010001100
00000000001110111010101100001001
10010011001100100111101101011011
00000000010000100000111010010110
10111111110000000100010100011000
00000000011010000101111110101100
10100100011111110111101010101111
00000000011001011101001100101001
00110010001010001101100000100100
00000000001011110011011100011011
10000110000100000111101110100010
00000000000110000000000111101000
00010010010000011111101101000000
00000000010010000011111000101001
01001000111000110110110001011101
00000000010111101111111001001011
01001100110110110011100011001111
00000000010001111111000001111001
10000111110100010010010111100110
00000000000110010101011010100100
10101101100111100111000101100101
00000000000101010011011110010111
10010110101001011000101011010000
00000000010110011000100100110000
00010000111010000100010101101100
00000000011111100010001101110011
00000100011011100101000100101000
00000000001010111000110110001110
10110011000110111010111100000110
00000000000101110011010000110110
00011011000110110000111011001100
00000000011001000001101110111000
11001110000101100111110111101000
00000000011100011011100001100100
00001110010110010011100000000100
00000000010010100101101110011010
11111110111011010110000010100000
00000000011011010110000000010101
01011111111011101011111011100010
00000000000100010111111011001110
11101011001000011110101010111001
00000000000110110101001010110110
10010000110000010110011110010110
00000000011101100001111000011101
01000111011000000100011001100110
00000000010010010001111010100101
11000101100001100010101010110010
00000000000111000100101000111011
11010001011111111011010010101000
00000000001111000001001101101110
01010111111101010101011000110011
00000000010000111110001010000111
00011001011100001010000100001010
00000000010001110011000011011011
10001101001001101010111101010000
00000000010000111011101001111111
10011110100000010100101110100100
00000000011101011100111110001011
10011101100010010011010000100110
00000000010000111010000100011101
01000111001000001010101111101100
00000000000001100010101101000001
01110000001110011111011010101111
00000000001101101111010100000110
01111100111100001111100111010111
00000000011010010000110111001000
01011001110001011000011100000001
00000000011111100001101010010001
01000010000110111110100111011101
00000000000110111001011000010010
00011100101111111001001110001101
00000000001010110111011000110110
00011001010101111100110001001110
00000000011011110001111001110000
11001001010000100110100111100110
00000000010000101001001001011111
01101001111110011001100100111010
00000000000100011100111101111000
01111110111010010111110010000011
00000000001100100111111110111101
00111011010100100000100110001110
00000000011001100101000111010000
10111111111011001100010001110111
00000000010111011100110011111101
00111010001110000011110111001110
00000000010100001001100100011011
11110101100001011011010101110111
00000000001111001001001110100011
10010011111000010101000001110000
00000000001010010111110011001000
00101101110110010110100011010011
00000000010110101111111011100010
11001010010100000101111100011011
00000000010101111110100110110000
11101001010101010001010001001110
00000000000111011100100100111100
00100000101110100011001010100010
00000000010111001111100011100000
11110101000011000111010101001111
00000000001010111100010111010101
01110101001111010110000110111011
00000000011011110000011011000001
01100101001101100110011101100000
00000000010110111101001010101100
00000000110000111101110010101101
00000000000001011010111111110101
11000110110101101100111011000011
00000000011100110100111000001101
01011100011011001100001010100001
00000000001111000110100010110010
01110001011100101110100101001010
00000000001000011111111011011100
00100110110010000010101110111110
00000000011000000000100110111100
10101000100101110100001011101100
00000000000110110101011011000110
01111001010101011001101101010010
00000000011110000010100111110000
01101010001100010000101000011010
00000000000101001011001110111101
01101111010100100010000110010010
00000000001010101110100001110011
10010010111110010000111100100001
00000000001000100000001001111111
11111001111000000001011000111011
00000000001001100010010001110110
01011010100101001111111001110111
00000000010011011100110011000111
11110001001110010111101101000110
00000000001011101101011101101011
01110111100100110001011011000010
00000000011010010101001110100010
01101101110011101101101100011000
00000000011001101111010110000010
10010010101100011000010100011111
00000000010100111010101111110100
01100000001100110101101001000000
00000000010100000111111011010111
01010011000000001000100111100101
00000000000101001001100010100010
11001111111011101111001101100111
00000000010101011101101000011110
11111101001100110011000000101001
00000000001011010010011110001001
01100011010100110001001011110010
00000000010101001011001010100010
00011111001011101101001010000001
00000000000100110001001011011011
11111111010000100010011111100101
00000000001000111001011110101111
11011011100001100101001101100101
00000000010110010110011000100001
10010011100111110011100010101011
00000000001100011110101111000001
00100100010001111010100111110111
00000000011111011000010110001011
01010011100111000100010000000101
00000000011110001100111010001101
01001100110100101001001000111100
00000000010011011101111110111000
00011111000000011000110100011101
00000000000010000001111001101000
01001110101001011100101100001100
00000000000110111010110100001001
01111000010100000101001010010110
00000000011110110110110010010111
11010100001000101000011010111101
00000000011010111111011111101111
01000110111101010010011110111001
00000000000100111110010110010101
00001100111010010100110110101101
00000000001010101011110101000000
10110000010110110010101001010101
00000000000001101011001001001001
01100001100000010010001000001110
00000000010011111000001010001101
01111000110100000011010111101110
00000000010111010001100101110101
01111110001011001000100011000011
00000000011001100100100011111101
10011101111011000011000110111111
00000000001001100111011000011001
10010111100100110110000010000000
00000000001111000010011000111010
01110100011011000110000111101010
00000000000010011010100011000101
11111010010101111111100000010010
00000000010010001110111000100011
00010010011100001101011000000010
00000000000110000001100100110010
11011010100110001010100000001010
00000000001000111111011000010010
10010011010010001001011100101001
00000000001111010011011110000000
00101010101000110010100111111110
00000000011011111000010011101111
00110111000010000001001010011111
00000000000000010010010010001111
01011000100110101000001101010100
00000000001111101100000110111100
11101010010110011111111010011111
00000000011100100100111111010111
11011111000110011111111010011101
00000000010111010111100111000010
00100010110001010011001000000110
00000000001011101100001100001000
10101000101001111001011000011111
00000000000001110001100101111010
10001101001001110110101010010000
00000000010110010011101000000101
10010100000100010011101010101000
00000000001100001101110011010010
10011001100111100111111110101010
00000000011011111110101100010000
10010111010101010011100100001111
00000000011101010111110011001001
00011011000001111010110010110100
00000000001000111101100011111011
00010000010101000001110001111001
00000000001101010101110000101000
10001000000111010001011110111001
00000000010010100000011010010010
00011011110110000011011111010011
00000000000011000110101101110001
11100010001101010111111011101111
00000000011010010010111111101111
11001011000101010000001100110011
00000000010111010010111011101111
00110100001000010010100110111011
00000000001000110100111100011100
01110110100011000111011001010111
00000000011001101111101110010000
01110111101010001011111100011001
00000000001000010000101001010010
10111011000011100010001110000110
00000000010100010101110001010000
01110000100000101000001110010010
00000000010010110010011010001101
10100011101001110011011000100001
00000000001100101100000011000100
01111110001000110011100010000011
00000000001000101101010011100000
00101001110010100010101100001101
00000000011000001111111010111100
10000110000011011000001101100011
00000000011100101110001000011000
00000000110111111101101010001100
00000000011010110101111100111110
10001011011000011011101000111111
00000000001100011110010011101110
01010000100011010101101101000000
00000000000110010000111110101101
10010110101101001100110001110000
00000000010111100010010011110001
00100010111010010010110110010111
00000000011001100110110111001010
10010111100110100001001101110101
00000000000101111000111101000100
01000010001011101101110110001011
00000000000000111010100100101100
01001111101000001010101110001110
00000000011111111110100100001010
01101111011110111111111010100001
00000000000100101000100101001100
11101011111110001110100001000100
00000000010101100001001101001100
01010000111011001110101110101100
00000000001110001111010010100110
11100000110010110111000010111110
00000000010001110101100101110111
10110001011110101101111111101001
00000000000000010001110001111011
00001101000010100100100001110101
00000000011001000110101000101011
00101000001001011111000100001110
00000000010101110100001011000100
11100111110011000000000010111110
00000000000011010100010110010011
11101110011000000000011101011111
00000000011100101000001011111001
01100111100100000110110001111101
00000000011100110001000101101000
01011011110010101110001101111011
00000000011101010111010110010100
10010001001100011001110000010100
00000000000000110110011000100101
01100100101010100010111000101000
00000000011010011010001000100010
01010001011110111100101101101010
00000000001010110110110001011100
01111101111010101011010100111110
00000000001100100000101000111110
10111001110110010101010111111000
00000000011101100100101000111011
00010011100101101000010001111011
00000000001110100100000110111110
10000111011101110011010101101000
00000000000001010101001100010110
00000101000010110101101010100111
00000000001100101011010011111010
01000100100100000101010001000000
00000000010010100110100110001100
00001010011110011000101010111101
00000000011010110000111111001000
10001101100001110100001011010011
00000000000011111001101111010100
10100100001110000011011100100100
00000000011100110110011011101101
00000011101001101100101101101101
00000000010011010100001011110000
00000010000111111011111101000101
00000000000100110110001100000110
11110110011101100100010101011110
00000000001100110110111010001000
11000101110111100000111001001110
00000000011011001001001001100100
10101010001010110011111111100101
00000000010011110001101110011110
11010011101101001110011011010111
00000000000111111110010011011101
01101010111001100000011000001100
00000000011000000010101110010101
01101011111101001001011101011110
00000000001101000011101011011000
10010110001010011001010100110111
00000000010110110101001011111011
00010011100111100101010101111101
00000000001110001100101010000110
00011111001011111111101000111011
00000000001010011010001000110011
01000001010110100101111110001110
00000000011101111001110111011101
01001110000001100110100001110000
00000000000111100111110101100111
01011001001001010011010000111100
00000000010101010011111000100101
11000110011010111111000011000111
00000000001100011100100011000100
01101110100110011100010011110101
00000000001011110000100011011011
00110101010101001011011101111101
00000000001111011110010001001101
00111110000111101011011110101010
00000000000000000011101101111111
00100111001100010011110111110100
00000000000011011000001101010010
00110001100011111110010111111110
00000000011101011111000000100111
01110010100011000011001100110111
00000000001001100001000101101001
11010000001001101101100000110000
00000000010111000110001011000111
00110001011011001000000010001101
00000000000000101000110001011111
11001111111000011110110011100010
00000000011110011010111011011101
10001100000100111001101011100101
00000000001100100111000010110001
10001010111101000000000010011101
00000000000010000010110011100011
00010000110101000100000000110100
00000000000111000010111101110111
00110101010101001101110001101110
00000000010001000001000001011110
01110000001100101011100010110110
00000000000101111001000011011010
10010010011111101101101101001100
00000000001001011000111000001000
01010111111000000100010001011100
00000000001110111001011110100010
01000010010111110010000010010110
00000000010110010001000110101111
00101100001011010010101011010011
00000000000010110010101000110000
01000110001110000100010010001101
00000000011100100110111100001111
10011001110011001011100001111101
00000000010110100111101101000110
11011001101000011111110101101011
00000000011010000001111000101100
01111000110111111100010011000001
00000000000010100010101100110111
01100011100111000010111100010101
00000000000001110100100000111010
10010100110101010011000101111111
00000000001000111110110010100101
00011110000000010101011101101100
00000000001111100100111001100010
00111010000101101101000011101110
00000000010100010000110011101110
00000101111100110111011000100010
00000000011100100101100100000100
10000100001101101010010000101110
00000000010010011000110111101011
00001010110111100100011111100011
00000000011110100110110101001101
11101110010011100010010000000000
00000000010001011101111011011101
01101011010001011001010000000000
00000000000000010010110111101001
11001110011100110001100101101101
00000000011111011111111000001000
10000111110101110100101010110101
00000000000001001011001011111000
11100000110111010001111110110000
00000000000111110111010111011001
10001100001000001100010101100001
00000000010111110010000001011000
11111110111111001001010010100011
00000000001101000001000100100100
01010101110010011110111000000010
00000000000000001101110000011010
00000110101010000111000111001111
00000000011011111001011001010111
10000011100101010001000100101101
00000000000000000110101111001010
00011010110101110001011010000101
00000000000000111011001010100111
11101011011100101000010101011010
00000000010000110010100101001100
10100001000001110010011011101010
00000000011010010010001111010100
11000010011100111000000010110100
00000000010101011111011001011101
01101011111110001011101110101100
00000000011110000110001001011101
01101100100011111010101010101011
00000000011000011100001110011011
01011011111010100101010000001001
00000000001011010001001010010100
10010111110101110111110011100010
00000000011001101100110001010000
11101110000110100001111110111000
00000000010100011001001110000100
10000111100101100111100101000110
00000000010100111101101001000110
11011010010101101011110001010100
00000000000010001000111100010110
00100000010111000010001010111011
00000000001110111010000000011010
11011111111110000110000110111010
00000000010111111011111100110001
01110101101100000101011000100000
00000000010000100000001011111110
00111010111100110101101101100110
00000000001010101000010110101011
11100111111010110010001101110111
00000000000101001110011010000110
01010000111101110001110111010101
00000000010101110001001000111111
10011011110010001010100111011100
00000000001111110000001100110001
00111001100011111010001100110110
00000000000011111111001100111000
00001011101000100010011000010010
00000000010001010100001111010111
11010010000101010111001101011000
00000000000011000010010110100101
11001001100001010000100011001111
00000000001101110011000101100000
01110010111101110000111010001001
00000000010000010000000011000110
00011110011010101111011011000110
00000000000111111111010010011011
11000110010111010111100100110010
00000000000010100101111110011101
10010111111001110100101010000101
00000000011111010110000110010100
00011111101101111001011011011011
00000000000101110001001110100010
01011111100011011110111001111111
00000000010110010011111100010101
10000000101000011110010111011100
00000000000011110010000001001000
11011111100010110111000010011101
00000000011011001010101110110111
01010011000001000011111110100110
00000000011101111100100100110000
00011100101000010111100001110111
00000000010011110111011000110000
10011011010101001101010001001001
00000000010110100001010000000100
11100001100011110010111100101100
00000000011010111011001101100101
11000111100100110000011100011001
00000000001001100011010001001010
10011101101111010011011111010011
00000000001110000001110110100101
00101110001111100011011010100111
00000000001001010101101001010110
10011101011111001001011001000011
00000000000101010011100110101000
10010110110110101100110110111001
00000000010000110100111101001000
10000001111011000001101110000000
00000000010110000101001110101011
01010111010001000100101010011011
00000000010001011110010000011111
00000101101101111011010100110110
00000000000000011110010001011111
01001100010000110000111111001110
00000000011111111000111100011100
01001011100111110101111110000011
00000000011111000100100100010011
10000100000010111101000100100101
00000000010111100001001110100001
11000110000110100000110010110101
00000000000001100001001110111110
11001110010001010010000111101001
00000000001110110011000111001011
10100011000101010110111001100011
00000000010011010110100000000110
01111000011111001111000000110011
00000000010001000110111110111100
11110010111111111010000000011000
00000000000010111000000001000110
10101001001000101100111101111101
00000000010111110001011000110011
00111110100011100100110000100111
00000000010111010111100010101100
10110001001011111100001110100110
00000000010110110001100000101101
10000011000010010001101000101100
00000000000011111001001001110100
00011100011111010001110001010011
00000000000010001110100101001111
00000110000011111110000011101100
00000000001001010001000110101011
10011010001011011101110110000011
00000000000111110011110100110010
00110011101001110010011011110001
00000000010001011100100011100001
01101110101000110100011000000011
00000000000110011001100101110100
00000001000100100011101010111110
00000000011111100000111100101111
01111011101101011001010100000111
00000000000110110010110111001011
00111100001111010110111110100010
00000000010110010001110100011010
01100101110010011111011111010101
00000000000101100011001100100111
11011111100110110101110000111101
00000000000001011000111011111000
11111010000100001001111110011010
00000000010111111010011000110001
01110001110111011001101110111000
00000000000101101011111111101001
10011111010101010101001001010010
00000000011011001000010010110011
00100110100011110000111011110000
00000000010101100101101100001011
10000101010000011100111110100001
00000000011010111011011000100000
10000000111100000111011111010100
00000000001110110011001110100001
01100010101101100100001111110110
00000000001100000010110010010100
01100010111010111010000011000100
00000000010110011101110010110100
00011010110010011111111110100011
00000000011110101101000100110000
01100010011010110001011101001001
00000000001100001110110011001110
01100110110010110111110010101100
00000000011001110000011110110110
11101011000100010000001101000101
00000000010110101100110101111000
11001001100101111011111001110111
00000000001100010000001001010101
10111010101000101010101111010010
00000000010111010101000000110101
10001110000011110010110110110000
00000000010001011110100101000010
01000000110111011100001110111000
00000000011111101000011000010001
00110100100111000001101110000111
00000000010010101110101101110110
01110101001100001010101110111010
00000000011100101010011010000001
10011111101100101100000010001110
00000000000101110000001110111100
01010101011000001000000001011110
00000000011110001010110101111000
10010100101110010101011110000111
00000000001011000100110111111101
11100010100001110000100001011001
00000000000000011101111100000011
01011111001110000101100010101110
00000000001111011111111010001110
01110100111000000011110000001110
00000000000011101011101101110001
00111001110111110001111011000001
00000000000110101011011001111110
00111101011001001010000011111011
00000000011110011110011000101110
10101111000100101100011001100101
