01111111110000000000000000010011
01111111110000000000000000010011
01111111110000000000000000010011
00000001000011111010110100110011
00000001000000011010101000110011
00000001010010001001001000110011
00000000010110000010101110110011
01101110011000000010001000100011
01010000101000000010100000100011
11100000000011011000000011010011
01100000100000000010101000100011
10100001011011100001000111010011
00000001100101110000001011010011
11100000000010100000001001010011
00000000001101110000101110110011
01010101110000000010000110000011
10001000110000000010001110000111
01000000110000000000101110010011
01101101000000000010100110000011
11011111101000000010001000100011
00000001110101101010111100110011
00000001110010010010001010110011
10111111010000000010000110000111
00000000111110101010100010110011
00000001100100010101111010110011
00000000011000100010011100110011
01101110000000000010001010000111
00000000101111100001111000110011
00000001001111010000011110110011
00101101111000000010010000100011
00000001110011011000110100110011
00000001000100000000011110110011
00000000001101111000011110110011
10010010100000000010110110000011
00001000110011101000111001010011
10010111010000000010100100000011
00111111110000000000111000010011
00000000001001000000100101010011
00000000101011000000011101010011
00000001111010001000100010110011
00000001111100111001110010110011
10001000001000000010110000100111
01000001011001111000110010110011
01011011010000000010001100000011
11101111000000000010010010000011
10010011010000000010101110000111
00000000011011011001110110110011
00000000100000101000001100110011
00001000110111011000111101010011
01100010010000000010010110000011
00000000011000101000101110110011
00000000110100110000001001010011
01000001001100100000110010110011
00000000110000011010101100110011
00001000100100000000010111010011
01000000011000010000110100110011
11100000000010100000101101010011
10101101100000000010010010000011
10000101110000000000001010010011
00000000001010111000110010110011
01000001101110100000110000110011
10000101110000000010011010000011
00110111010000000010000110000011
00000001111010111001001010110011
01000000011100100000011000110011
00101001100000000010001010000111
00000000110000000010000100110011
00000001001101101001010010110011
00000001000100010000000010110011
00000000000011101010001110110011
01000001011111110000100000110011
00000000010101000101000110110011
00001001000000000000111101010011
11000110010000000000010010010011
00001000000110010000010011010011
10101110010100000010110000100011
01011000001000000010000000100011
00000001011111110000111010110011
00000000010111011000011000110011
00000001100100100010000100110011
00001000101100010000011101010011
10100001110000100001101101010011
00000001100101101000101101010011
00001001000000011000110011010011
00000000001101001001011110110011
00000000100110001000000011010011
00000001001011000000011111010011
00000000000001011000111101010011
00000001110001111000100011010011
11001001100100000010011000100011
00000000010010001001000100110011
00000001111010001101011000110011
00001000101001001000001011010011
10100001100100110001101001010011
11010111000000000000101100010011
01000000110101000000010100110011
11010111110000000010100010000011
00000000110110101000111111010011
00000000100101110010110010110011
00001000110011101000010101010011
00000001100011000010001000110011
00001000000000011000111111010011
10010000100100000010111000100111
00000001100010100000101000110011
10100001000010111001000101010011
00000000101011011101000110110011
00000000111010010001101110110011
11101000000000000010100010000111
01101111101000000010000000100111
10100001010010100001111101010011
10110000000100000010100000100011
00000000111111111001100010110011
01000001001101111000000100110011
00000001100000000000101100110011
01000000001110111000111000110011
10001001110000000010100000100111
00000000111110111101100100110011
00101011111100000010010000100111
10100000010011000001011001010011
00000000010100111000001110110011
10010001000100000010110000100011
01110011010000000010110100000011
00000001111001100010010010110011
11110010101100000010001000100111
10100000010000000001001011010011
10100000010000000000111100010011
00100011100100000010100000100011
00000000011110010010011100110011
11000101110100000010101000100011
00000000110001100000010011010011
01101001100000000000001010010011
00000001101011011101110100110011
00000000000100000001101000110011
00000000101110111000110101010011
00001111001100000010001000100011
00011111110000000010001000000111
00000000000111010000000111010011
10100000011110011001110111010011
00000000101000001001100100110011
01001110000000000010111100000011
11001101010000000010111100000011
11101001100000000000011000010011
00000000100100111000010100110011
00000000110100110000111011010011
10100001001001011001110111010011
01111100000000000000111000010011
00000000100100101000100010110011
01000100011000000010101000100011
10100001100011101001100001010011
00000000101111000000100110110011
10100101000000000010000010000011
00000001111000010010001110110011
11010011111100000010011000100011
11110110000000000000010000010011
01000000110001000000111010110011
00000001000000001010111000110011
11110111100000000010100000000011
00000000001011110001010110110011
11111010001100000010011000100111
00000001111101110101100100110011
00001000010000000010111100000111
00100011011000000010001000100011
11100000000000011000010111010011
01000001100111110000010000110011
00000000101111001000110000110011
00000000001001101001111100110011
00000001111011110000100100110011
01000001010000101000101010110011
00000001101001011000111111010011
00000000011000101000111000110011
11000010010100000010011000100011
01001111100000000010011100000111
01000000011111000000011010110011
10100001010001110001001101010011
01000000010000001000110000110011
00000000111110001000001000110011
00000001111011000000110111010011
10100000100110110001000011010011
00001000101001101000011101010011
00100111100100000010110000100111
11111110110000000000011010010011
00000000011001101000000101010011
00001000110111110000001111010011
00000001010111111010000100110011
10101000001100000010011000100111
00000000000001101101110110110011
11100000000011001000101011010011
11100000000011101000110001010011
00000001111010110000100000110011
00111011110000000010010110000111
01110110100000000000000110010011
00000000011001011101111110110011
00010110001100000010111000100011
00000001001100111010111000110011
00000001000010000000100110110011
00100001110000000010101010000111
00000000110000011000100111010011
11100000000011000000111001010011
00001000011111000000011101010011
11100000000010100000010011010011
00000000111000101010010000110011
10100000111001000001111001010011
00101100000000000000101010010011
00001000111011001000010101010011
00000000101010001001110000110011
10010111000100000010001000100011
01011101100000000010001010000111
00000001101011001000110110110011
00110111110000000010110110000011
01000001001110000000100110110011
00000000011101100010001010110011
00000101000000000010111000100011
11100000000011100000111111010011
10100000101100101001011001010011
00000001101001011000001010110011
01000001010010111000011010110011
00100001000000000010101100000011
11101010000000000010010000000011
01101111100000000010001000000011
00000001001010010000101100110011
01000001010111111000110100110011
10001001110000000010100100000111
00000001010110010101101000110011
11100000000010010000101111010011
01010011110000000010011110000011
11100000000010101000001011010011
11010110100100000010011000100111
00000001001110100010000100110011
00000001100011111101011010110011
10100001110011101001010101010011
00000000010000000000011110110011
00000001111110111000001011010011
00000111110000000010111000100111
11100010010000000010010110000011
01110100110000000000111110010011
00000000010010010000001110110011
00000000000011001001101100110011
01000000100100111000010110110011
00000001110101100010100010110011
11100000000010101000100011010011
00000000110011000000000101010011
01101011110100000010100000100011
00001001000101111000001001010011
00110110010100000010011000100111
11100000000000000010111110000011
00001000001101000000010011010011
01000000100010110000001110110011
01010001010000000010010000000011
00000000110000000000110011010011
00001001010110000000000111010011
00111101001000000010000000100011
01001000000000000010000110000111
00001000001010101000010001010011
00000001101001011010000100110011
00000100100000000010010000000011
11111000110000000000001010010011
00000001110000111000000110110011
00000001111010100000001110110011
00000001101011111000011010110011
01110010111100000010101000100011
01011100010100000010101000100111
00000000001011011101111000110011
00000001101011111001110000110011
00000000011110011000111001010011
00000010100000000010011000100011
00000000011111100010010010110011
00001001100011010000011011010011
10010010010000000010100110000011
10111001111100000010110000100111
11001111110000000000111100010011
10100001110001101001000101010011
00010010010100000010111000100011
11100000000000010000101101010011
10011100000000000010011010000011
11100000000010101000100111010011
01101111000000000010011100000011
10111010110000000010101100000111
11000010110000000010010000100011
01000000110110000000000010110011
01000000011000000000100110110011
11011000110000000000100110010011
00001000001111010000100001010011
00000000101001000001100110110011
00000001000100101000110100110011
00001000111110111000101011010011
00000001101011011000011001010011
00000000100110000000101111010011
10100000011111000001101101010011
00000001110000001000111110110011
10100001000110001001000011010011
00000000100111101001100000110011
01000000010111101000101110110011
00000001011101001000100010110011
00000000101101110000101100110011
00000001101110010101100010110011
00000001011110010010100100110011
10100001110101110001101101010011
10111011010000000010010100000011
11010000111000000010000000100111
11100000000011101000110011010011
01111100000000000000100000010011
11111010010000000010011000000011
10111111000000000010010100000111
00000000100001101001000110110011
01000001010100010000101000110011
01100010000100000010100000100011
11100000000000010000011101010011
10011111101000000010101000100111
00000001000001111101110110110011
00000000111110000000010011010011
11000001000000000010000010000011
01000001101001111000010100110011
10000010100000000010010000100111
10101011000100000010010000100011
00000000111010101000010101010011
00000001100000000000001000110011
11100111010000000000110100010011
00000000001010110000000011010011
00100101011100000010100000100011
00111010100000000010001110000011
11100000000001111000001111010011
01000000100000000010001100000011
01101001011000000010011000100111
00000000001101010101011010110011
01000001101011001000001010110011
11111111110000000010100000100111
01011011010000000010100000000111
11100000000011110000110111010011
00000001110010111101000010110011
00001000111110011000011001010011
11010100101000000010011000100111
11111100000000000000110010010011
01000001100000101000101100110011
00010101010000000010100100000111
11111101110000000000000010010011
00000001110100101101111100110011
00000000011101111001010110110011
00000001100000111000011100110011
10100001100101101001010011010011
00000001100001011000011111010011
01000000000101000000011100110011
10100001111110100001110111010011
01111110110000000000111010010011
01000001001010000000010010110011
00100011010000000010101110000111
00000001011000110000111001010011
00000000111000011010111100110011
11100000000001001000001011010011
00000001100000100101011100110011
00000001111111000000010111010011
00001111100000000010101000000011
01111001100000000010101100000111
11011010010000000010111110000011
00000000000001111101010000110011
11001111010000000010011000000011
10100001111101001001100111010011
01100000111000000010010000100011
10100001101110011001111011010011
00000001001101101001001010110011
00000000010000000000001101010011
10100110000000000010011010000111
10001000101100000010111000100111
00000000110101001000010001010011
01000000101000110000100010110011
00000000110110001000101100110011
11100000000010110000010001010011
00001000001101001000100111010011
00000001101000101000101001010011
00000001000110000000111101010011
10010000101000000010110000100111
01001001010100000010010000100011
00000001010000010001010000110011
00001001111111011000100111010011
01000000011100000000000010110011
11010010100000000010100000000011
01000000010101010000100010110011
00000000101100010000101110110011
00000001000100111101000110110011
00000001101000111001010110110011
10000011110000000000010100010011
01000001010110100000111000110011
10100001000111001001100011010011
11100000000010010000001001010011
01110011100000000000101100010011
10100001011100011001010101010011
00001000111000101000110011010011
10100111100000000010000010000011
00000000110010100000010110110011
00001001110000010000111111010011
11101101000000000010001000100111
10100001111110011001100011010011
11010111010000000000100100010011
10111101001100000010111000100111
00001000100000010000101011010011
10100000000100100001000101010011
00000000001111101000011010110011
01000000010001011000010010110011
11001011010000000010110010000111
00010001110000000000100010010011
00001001001101100000011111010011
00000000110111111000011100110011
00000001010011111010100100110011
10101111000000000010000110000111
01100000100000000000011010010011
00000000010111110001011110110011
11000001000000000000101110010011
00000000111011100000001111010011
00000001001100100010011010110011
00000000010110111001010100110011
10100000011100111001101011010011
00000000100000010000000011010011
11100000000011001000100001010011
10110111001100000010011000100111
00001000111011011000010101010011
10001100001100000010111000100111
11100110001100000010100000100111
00000000110101111000000010110011
10100100110000000000010000010011
00111111000000000000001000010011
10111101000000000000001110010011
11100000000010100000000011010011
01100011010000000000010110010011
00000000000000110101000010110011
11100000000010101000001001010011
01001001110000000010011010000111
10101110010000000000111000010011
00000000000001000001001110110011
00010110010000000010110000000111
10010100110000000010000000100111
00001000100100011000110111010011
00000000001001111001100010110011
00000000010111011101010000110011
10100001110100010001011001010011
10110010110100000010101000100011
10100001011001001001000011010011
10100011100000000000011100010011
00000000111101001010111010110011
00000001111110110101101110110011
10001111110000000000110000010011
10111110100000000010000110000011
01101010110000000000001010010011
01000001110010101000101010110011
10001111110000000010101000000011
11100100000000000010101000100011
00011000100000000010001010000011
01111001010000000000110010010011
00000001111010101000010101010011
10100101100000000010101100000111
11100011100000000010010000000111
00000000000110100000010110110011
10010000000000000010011010000011
00000010100000000000011100010011
01000000011010110000010010110011
00000001011100001001101100110011
11100101100000000010000110000011
11110101111100000010000000100011
11101001010000000010100000000011
00101011000000000010011000000111
00000001001100110000100010110011
00000000000001000101111010110011
00000001001101000000011101010011
01000000100001110000000010110011
00000000100000100000011111010011
00001000111010101000111101010011
00000001011011010000110000110011
00001000111011111000100001010011
00000000011101110000110100110011
00000000000011011001101000110011
00000001011010111101011100110011
00000001100011010101100100110011
10010100010000000010100000000011
00000000110011000001000010110011
00000000101101011000111000110011
00000000000101001000000100110011
00000000110110101010011010110011
10011010011000000010000000100011
00001000100010010000011001010011
01011111001100000010001000100011
00000001000101000000010111010011
00000000001100000010011000110011
00001001000110110000001011010011
00000001111000110010011100110011
10101100010000000000111100010011
11000001100000000010110000100111
10010110111100000010110000100011
00000001010001110010011100110011
00000000000100001000010011010011
10100001011011100001010111010011
01000001001101100000101110110011
00010010010000000000110010010011
00000000001001111000000101010011
00000001111110110010011000110011
01110100100000000010001100000111
00001001000010100000101101010011
00001001110111110000001011010011
00001001110101101000011111010011
00001001100100010000101011010011
10100000010010000001001111010011
00000001000101001001000100110011
11100000000000101000111101010011
00000001010010111000111111010011
01010000010100000010111000100111
11100000000010101000001101010011
00010011000000000010001000100011
00001110100000000000010010010011
11101011100000000010100100000111
00100110000000000010000100000011
01000000100010010000011010110011
00000000011101101101110100110011
00000000001110110000010111010011
11100000000011100000100001010011
00000001000001101001011100110011
11100000000001011000101101010011
00000001111011111010101000110011
10100001010010101001001101010011
01111010100000000010101100000011
11001001110000000010110010000111
00000001010010001001100110110011
10100001101100000010110000100011
10100000111111100001111001010011
00000010100000000010000110000011
00000000010100000000001110110011
00000000001011001001100110110011
00001010011000000010111000100011
00000000001000111010000100110011
11010111011000000010001000100011
01110010000000000000000010010011
00000001000010010000010100110011
01001100000000000000001010010011
10000110000000000010010000000011
00001000110110001000001011010011
11001111110000000010110010000011
01000001001011110000111010110011
11110111100000000010100100000111
00001000111110101000101111010011
11110010110000000000001000010011
00000001010000010000111001010011
11100000000000000000111101010011
01100111010000000010001010000111
00000000001011110000001101010011
00000001111100000001110010110011
11111101101000000010111000100111
01000001010110000000011010110011
00000001001010011000100101010011
11100000000001001000010101010011
00000001100111000101011110110011
01101010110000000010010010000011
00000000011110100101101100110011
00001000010010011000110111010011
00000001101010010101101100110011
01000000111011001000101010110011
00011011110000000010100100000011
00000000100011110000000100110011
11100000000001000000011001010011
11100000000010111000100111010011
01000001001100010000000110110011
00000110010000000000110000010011
00000000011000000010110000100111
00000000101011111000111100110011
10100001110110111001101001010011
00000001000111010000011010110011
00000000000010110001010100110011
00000000110110110000110110110011
00001001011111110000100001010011
10110111110000000010101000000011
10100000011101110001010011010011
00000000100010000000111010110011
01000000111111011000100100110011
00100101100000000000000010010011
10110010010000000010011000000111
11100000000000110000011101010011
01000001011001010000001110110011
00000110110100000010100000100011
00000000101001011101101110110011
00110100010100000010011000100111
10111010100000000000011000010011
00001011100000000010100010000011
10010110010000000010000000100011
10110000100000000000110100010011
00000000001110010000101010110011
00000000011101110000000100110011
00001001010010000000001001010011
00000000000101101001100110110011
10100000011010000001101101010011
11100110000000000010110100000111
10110101010000000010101100000111
00000001001011101000101010110011
00001010000000000000011110010011
00110101010000000010011000100011
01000000111100100000010000110011
10100000001101000001010011010011
00000000111011010000110110110011
00000001001101110101111100110011
00000001000110100101100000110011
00000001101100110000001011010011
00000001000001000001110110110011
00001000010100011000010011010011
01000001101100001000000010110011
00001001111101100000111011010011
11000101000100000010011000100111
00000000111110011001110100110011
00001001010011110000110101010011
10100000110000111001101111010011
00000000001101111101100100110011
11011010111100000010110000100011
00000001101110110000110100110011
00000001111111011101100110110011
11101010110000000010101000000011
00000000100100001000101010110011
00000000101000100000110011010011
00000000000000110001000010110011
00000001010000000010001100000111
00000001100011101010110010110011
10100001100001101001011101010011
10100000110000110001111001010011
00000111100000000010010110000111
11000000111000000010111000100011
00000000010111010000101100110011
10110000110000000010001000000011
00001000001111011000101101010011
10100000110001101001100101010011
00000000110011100001000010110011
10100001011100001001101111010011
11111000000000000010111000100111
01000100110000000010101100000011
10100001011111010001001111010011
01000001111100010000101000110011
11001101011100000010001000100111
10001000111000000010111000100011
00001001100001110000101001010011
00001000110001010000111111010011
01000000011011100000111000110011
01000100001100000010001000100011
00110011011000000010101000100111
10100001010110111001100001010011
10110000100100000010111000100011
00000000000111010000001011010011
11100000000011001000110001010011
10100011000100000010100000100111
11100000000010111000001001010011
00000000010110110000110100110011
01000001001110100000110100110011
01100001010100000010011000100111
00000000110001010001000100110011
00000001100001111000000100110011
00000000101010010010011100110011
00000000101010010010101000110011
10100001111100100001100101010011
00001001101100011000111001010011
00001000011011101000001101010011
00000000000100101001110010110011
00000001101110111000001001010011
00001001111011000000100111010011
00000001000011000010001100110011
00000000011100011010000100110011
00000000001010010010110010110011
01110111000000000010101000000011
00001000010001010000110111010011
00011001110000000010011000100011
00000000101010101010100110110011
00001001100110110000001101010011
10100001011101100001010111010011
00001001111110110000100101010011
01101111110100000010111000100011
10100001011110111001110001010011
01000001001111000000011110110011
10111100010000000010000110000111
01000001000100011000000110110011
00000000111100001000001100110011
11011010000000000000100110010011
01000001010000000010110100000011
11100000000000010000001001010011
00000000111100001000101110110011
00000001011111000010101010110011
00000000010001000000010011010011
11101011101000000010010000100011
00000001111111010000100100110011
00001000110100000000001011010011
10100000100101001001001011010011
00101100100000000010110100000011
11100000000011010000110101010011
00001001000000000000110110010011
10011101011000000010111000100011
10101110001000000010001000100111
11001110100000000010011100000111
10000101111000000010100000100011
11100000000001100000110111010011
00000001000010010001100110110011
00001000101100111000010111010011
10110000100000000010100010000011
10110001100000000010011110000011
11011110110000000010100000100111
00000000000011000000001111010011
10100000011010101001101111010011
10000101100000000010110010000111
10100001011110110001010001010011
00010011101000000010011000100111
10100000001010010001110001010011
10000010000100000010010000100011
00000000101010110001011000110011
11011111011100000010000000100011
00000000101000010001101100110011
10011101011100000010010000100011
10001011011000000010011000100111
00000000100111100101111100110011
10000011010000000000101100010011
11101011011100000010100000100111
00000010100000000010100100000011
01000001101000110000001010110011
00001000100101110000110101010011
11100011100000000000101000010011
00000001000100111010100000110011
01000000011111100000011010110011
00000000011110010001110010110011
10110011110000000000111100010011
00000000111001011001101100110011
11110101010000000010100100000011
00000000010000110101110110110011
11111011001000000010001000100011
00101100110000000010111000000011
00111110010000000000011100010011
01110101010000000010010000000111
10101001110000000010101000100011
11100000000000001000000101010011
00000000001100101101010100110011
00000000010010000000111101010011
00001000001011000000000111010011
10011011110000000010110000000111
10011111110000000010001000000011
00000001011011001000110100110011
00000000100111101000111101010011
00000000111101111000100111010011
11100000000011101000010011010011
11010011100000000010100010000011
10100001100000100001101101010011
11101001110000000010101000000011
11100000000001001000110111010011
10011010110000000000111100010011
10011101000000000000101110010011
11100000000011000000001001010011
00000000011000101010011000110011
11001000110000000010111100000011
10011110010000000010100000000111
01000000111101101000010110110011
01000000101010011000101000110011
01010111001100000010010000100011
01011001101100000010101000100111
00000001111011111101000010110011
11100000000011001000010101010011
00000000101100110010011110110011
11100000000001110000000111010011
00000001010000101000110010110011
11100000000000001000001011010011
01001011000000000010001100000111
01000000011011010000111100110011
00000001111110010000010010110011
01000001011011110000100000110011
11001001110000000000100000010011
00000000100101111101010010110011
00000000000111001010101000110011
00000000001011111101001110110011
00101111011000000010011000100011
11100000000010001000110011010011
01000001111001000000100100110011
00000000111001011000001100110011
01000000001111110000011010110011
01000001111001101000101110110011
00101111000000000010101000100011
01010010010100000010111000100111
00000001101100011001111010110011
00000001001110010001000110110011
00010101001000000010111000100111
00000000001010101000111110110011
00000001101111001000101010110011
00111010111000000010111000100111
10001111100000000010111010000011
00000001010010101101010100110011
00000001100011011000110010110011
00100100011100000010011000100011
00001001100010111000101101010011
00000000111010011010010000110011
00010111101100000010000000100111
00000000001100100000110010110011
10110111010000000010010100000011
00001001111110000000011011010011
00001001101001110000001011010011
11011101010000000010110110000011
01001100100000000000011100010011
10100000000100000001101011010011
10100100111000000010110000100111
00110110000000000010001000000111
00000001101110000001001000110011
00000000110011001000011001010011
10000100000000000000010110010011
11100000000011011000110111010011
11110011111100000010100000100011
00000001001011001000101010110011
01000001100111110000110010110011
00001000010100111000101111010011
00001001100010000000011101010011
11101011000000000010101000100011
00000000010011100000100010110011
10100001001110100001110111010011
00010011110000000010011010000111
01111101100000000010000010000111
01010110100000000010001100000011
11100000000011011000101001010011
00000000010011000001011110110011
10001110010000000010010110000011
00000001000011100101000100110011
00000001101111011101110010110011
00000000101101111000010000110011
00001001101101010000011011010011
11100000000001011000110101010011
00101100100000000010100000000011
01111010110000000000011100010011
00000000111111000101110100110011
10100000011001111001011101010011
00000001001110100001001100110011
00000001001111011001011110110011
00000101110000000010110100000011
10100001100000110001001101010011
00000000100011110010010110110011
00000000101110111101010100110011
00001100000000000010111010000111
00000001101101000010001110110011
00000000011100101000001001010011
01000000011000111000001010110011
00000001010000110101001010110011
00000000000010010000111011010011
11100000000000011000000101010011
00000000011111101000100010110011
00000001011011000000001000110011
11110010110100000010100000100111
11000010100000000010111110000111
01001110110000000010101110000011
00000001001010001101111110110011
00111001001000000010110000100111
11100000010100000010110000100111
00000001110111000000111000110011
10100001011100101001101101010011
00000001101001111000101001010011
00000000100111010000000111010011
00001000100001110000111111010011
00001001110001011000001101010011
10100101000000000010101100000011
10110011100000000000111010010011
00000000110101001001100100110011
11100000000010110000111011010011
00000100001100000010011000100111
00000000111100000000110000110011
11101000110000000010101000000111
00000111110000000010100010000011
00000001101100110000110111010011
00000001011010101010111110110011
00000001101110111000111100110011
10101000011100000010001000100011
00000001110100000000110001010011
11001101010000000010011000100111
11000110000100000010000000100111
00111001100000000000110100010011
00000000001010110000011010110011
00001010001100000010010000100111
10100000000010110001111001010011
11100000000010101000011011010011
10100001010101101001010001010011
00000001110111010000111000110011
00000001000011110001111100110011
00000001011111111000111110110011
00110111111000000010110000100011
01110010100000000010011000100011
00000001110100110000101111010011
10100000100011011001011111010011
00000001000100110010100100110011
10101100010000000010001100000011
11100000000001001000000111010011
00000000000010100101000100110011
10001100001000000010000000100011
00000001001010001000001011010011
00001000110001001000000011010011
11100000000001010000101011010011
11000110110000000010011100000111
01000011011100000010000000100011
01110111110100000010101000100011
10011000110000000000111000010011
00000001110101110101011000110011
00000001000100101010110100110011
01100011010000000000011110010011
00000000010000000000101100010011
11111010110000000010001100000011
01111111010000000010000000100111
00111011100000000010011010000111
00000000010010111001011010110011
01000000010001001000111110110011
00000000010101101101101010110011
10110101011100000010100000100011
00101100010000000010011010000111
00000001111111111000011101010011
01111000111100000010011000100111
00000001111010101001100100110011
01100110000000000010101110000011
00011001110000000010110100000111
10100001010011110001011101010011
11000000110000000010000000100111
01100100100000000010110000000111
01000001110101010000110000110011
00000001101001011010110100110011
00000001110110000101011100110011
11111010100000000010001110000011
00000000000011000101110110110011
00000001001011100000001001010011
10001111000000000010110010000111
11001010001100000010111000100011
01000001001111101000011010110011
10100110010000000010000100000111
10010011100100000010000000100111
00111011000000000000001100010011
00001001000011110000101011010011
00011100010000000010111000100111
01101011001000000010000000100011
00001000111111011000001001010011
11010100001000000010000000100111
00000001101110010000001011010011
10101010110000000010011110000011
00000000100000000000111001010011
01111011000000000000001100010011
00000000001110100000000110110011
10100000000001101001111001010011
10110000100000000010001110000011
00000101010000000000100110010011
10000010001000000010101000100011
00000001100111101000011101010011
00000001100011101000110010110011
00000001000100101000010010110011
00111001010000000010010100000111
00000000010111001001011110110011
10100001010101011001001111010011
00001000110011010000111011010011
10100000011011011001111001010011
00000001100111000001110010110011
10100001011000010001000111010011
00000000111010101101001100110011
11100000000011101000100011010011
11111001110000000000111100010011
00000000110000111000000111010011
10100001000101110001111011010011
10100001010000111001000011010011
10011011110100000010010000100011
00000000100110100001101010110011
10111101001000000010101000100011
00000000011000011000011011010011
01000001101011100000111010110011
11011101000000000010001010000011
00000000110100110101011100110011
11010000000000000000110100010011
01000001011011100000110110110011
01000001010110011000101110110011
00000000110110011101111000110011
11100110001100000010111000100111
11000110100000000010111000000111
10100000010100110001010011010011
00000000111010100101111010110011
01001010000000000010100010000011
00000000001100000010001000110011
00001000001110110000011011010011
00000000110101011101111010110011
10110001000000000010010000100011
00000001110100011010111010110011
10100001011000011001111101010011
01000000011111000000111110110011
10100001101110001001001111010011
10100001110101001001010001010011
00000001111110010101011000110011
10100010000000000000010110010011
11110100100000000000110000010011
00000000011110011000110111010011
00001000110101101000000011010011
11100000000010110000110001010011
00111111000000000010000000100111
01011011010100000010110000100111
01000000010000000010101010000011
11010101010000000010111010000111
11100000000010100000100001010011
01000000110100100000001000110011
10000011001100000010110000100011
11100000000000101000011001010011
11111110111000000010000000100111
10000100001000000010010000100011
00000001011001001000001001010011
00000001010000011001001010110011
11000100100000000010001010000011
11100000000000110000111101010011
00000001001100001101010010110011
00000000101111110000001011010011
01000000111111010000111000110011
00000001010101100010101100110011
10100000000000000010100000000111
10110100010000000010110110000011
00001000111111000000111011010011
00101000100000000010110010000011
00000000001001001010100100110011
01000000111100011000101010110011
01110101110000000000101100010011
00000001011000010010010000110011
00000000010111100000001000110011
01111101100000000010011110000011
00000101100000000010101000100111
11100000000000100000100011010011
00000000111110111010010010110011
00001000111111001000011101010011
11011000001000000010000000100111
11111111010000000010001000000111
11010101100000000010110010000111
00000001011110110010001110110011
00111111110000000010111000000011
01000000011100101000010100110011
00000000100101101010111000110011
01000000001111011000000010110011
11100000000001010000010111010011
00000000011010001101001100110011
11111000101100000010111000100111
01001010000000000000111110010011
00000000110011010000110111010011
00000000000000000000000001110011
00000000010000010000001100000111
10110111110100101100100000000010
00000000011101111001011101010011
00110000111101101001101011010111
00000000010100101010011010000110
10101001110111111010000101000000
00000000010110101000110011000110
10110010100011110111110010111010
00000000000101001010110000101110
11001010000100111101100101111010
00000000010101101001110101111110
01101110000010100110100111011010
00000000010111001110100111011010
01100101100110100011100111011011
00000000001100001111100001011000
10101111010110011111101110111011
00000000010100000101100010001001
11000000111100111110011011111111
00000000010001111000000100100110
01101001000101100000110001010000
00000000010100011100011001111001
00110000001100000111100010100100
00000000000010100110001111111001
11111110010101011000000110101100
00000000000011011010100111110010
10011001000000111010111101000010
00000000011101101100011000100110
01011101110101001100010010010101
00000000011001101111001010110101
00101110111110011000011110100110
00000000000001100000111101111000
10100101010001101111110101100111
00000000010010000110101101101101
11111100111100101000001111010010
00000000010101100101000110111111
11000111000101010110000111011001
00000000011111100100110110110010
10010100010100101000110110101101
00000000000001110011011101000010
11101011010011110001101011000010
00000000011011101111000101111101
10111111010111111101110010101010
00000000001100010100010100000010
10111110110000100001111010000101
00000000001001111100100100001000
10111000110101100010100011011000
00000000010100100000100011000011
01001111001110110100110111010100
00000000001000000100011101010100
10000111111101010111100100111000
00000000001100101010111100111110
10000011011011111101000111110000
00000000010011011000101100000010
01000001000100011101101001111100
00000000000010100100110111011100
10011110010101110001110011001101
00000000010000011101110000011111
11011110001010001110000010100000
00000000000010110101010001100111
01001011010111000101001100110011
00000000011001001011001100111000
10000000000111111101011110001110
00000000011101001111100001010000
00011101000010101101110011010011
00000000011110010111111111101111
10000111110111011100001000000101
00000000011001010111010000101101
11001010000011101000111000110101
00000000010110000011110100111110
01101010000011001001001100000001
00000000011010101110001000001011
11010011100000110010010101101110
00000000001111111111011110111011
00110100101010111010100101001010
00000000000010011101100000011110
01110010100010001011100100000000
00000000001110110000100101101101
11010110001010010010010100100100
00000000001100101101001010000110
00101010101101011100110001000001
00000000000101110100001010001100
11111110101000000111010011100010
00000000001001110110011000010010
11010101100110000010011000100110
00000000001100110111010010001100
10110011001011100011110001111100
00000000001111000111011100011011
00010111110010011010100011111111
00000000011001000111110010000000
11101100100100011110110110000000
00000000000010110110111110000011
11000100111101001111111010100110
00000000000001000011101000110001
00010011010000100010001101011010
00000000010111100001101111100001
01110010101100101001101111010111
00000000000000000100011001101111
10011110100001101110011011111101
00000000000100000001100110101111
11011101011100110111111100111110
00000000011110111001101011011111
10011001011000001000011101111111
00000000010011101100101110111001
11111111000111011010100101101000
00000000011111101010111100100001
11011011001100000100000100001000
00000000011010001000011001001001
01100011000101011101100111001010
00000000011010110010100100011101
11111011110000000000110101010011
00000000011111110001010010111000
11001001110011000100100101010010
00000000011100101110000101000011
10110111111110100101000110111100
00000000011011110011011010001001
11001010011010100110011111001100
00000000011111001001110011011010
01111001100111110111000111100100
00000000010110001100010000001000
10001101111101101110110101011011
00000000010000001101011110100111
00110011011010010001100100111011
00000000001000011110100010101100
11010011100111011001000000000100
00000000010110100011010010110000
11001001000111100000001010110001
00000000001001110010100001110001
11011110111000110101110001011111
00000000011101001000000011011100
10100011010010010000011001100000
00000000010010001000011100101110
00111010011000010111001000110001
00000000010111111000101001101000
10110111110111001110101001110101
00000000011111000110000111111111
10101111110101111010011000000110
00000000001100001100000010001010
10101010000010011010110011101101
00000000010111010101110110101000
11011101000111011110100100111001
00000000001000000010101100000110
00001001101011100010001001000100
00000000001111100011000101001111
11011001000111001100000111011000
00000000000101001111110111011100
00010100100100101000111010001100
00000000011111100100111011110110
01101000011001001001101100111010
00000000001100011111010100101100
00110110101101111010011100100001
00000000000101001011111011001101
00100100111001011111100100001000
00000000011000011100000111011101
01000001000010101011100100101100
00000000010011111100011100011100
00100010010011100101000010100000
00000000011111010011001000001000
11111011101001001001110110111001
00000000011010100000010111100010
01001110010011000000000100100011
00000000011101010011010100110101
00011001100010000110100010100011
00000000011101010010101101001111
10000100100011100101000111110001
00000000001111010110110100011100
01010100001011100010011000110100
00000000011000111000010010111011
00110011011010100101111011001010
00000000000001110000000110010010
01011111100110100011000001011101
00000000011000100000100100011001
10010100010000100010001101111100
00000000010011101010010100110001
00111001010000100100111111010111
00000000001001001111100000100010
10110010011110110100111000000010
00000000001111010101001101101010
11001110101111100010110010001001
00000000000110010001101111100001
01000011111001010101011111001010
00000000000001001000010110011010
00011110110011111010111111010101
00000000011111100101001110000101
10111010111111100101011101010100
00000000001001111100100001000011
00100011110001111111001001110101
00000000000111111100110111110011
11111001111100110110101111111100
00000000000011011111010010111110
00110100000010100111110010101101
00000000001000001111100101101100
11111100011111111100001111011111
00000000001110010010010010100000
00111010110010100101101001000000
00000000010101010000101110001110
10010111010011101000100111100101
00000000000101111000001000001000
10100000110110101101000001011011
00000000011111001011011101101100
01000101111000001000010111100110
00000000011100110001011001010000
11011100111001111100010101010100
00000000000010011101111110100001
11001011111101110011101101001110
00000000000101100110011000001011
00011110011110111001101110100111
00000000010011101001110010100100
00100111000011000011001010010111
00000000000111111111100101001110
11110111001111011101101101000100
00000000001000000011001010010110
01001000101111110010100011001110
00000000010011000101110110110100
10011111100001000001001100110000
00000000000010001000110110111010
01100011010101000000110001000100
00000000001111011011010110011001
11110011010000101111110101110010
00000000010111000010001101111000
01100000010011100011101000101010
00000000010001001110010101110010
01100110101001111101100011001110
00000000010110010111010011010001
11011111000110001011101000101110
00000000001100011100101110011111
01010000110101010110110010111111
00000000000000000001110000111000
11001010100011000011000011110111
00000000000111101000110010110001
11110100010011011101110101111110
00000000001001110011011111101100
10100010110110001001111111111000
00000000011111101111001011011110
10001010111001001001001001100000
00000000011110001110010111010111
00101111000010000100010001100111
00000000000100111101110100100100
01010111100101111101011100101011
00000000001001111010011101111110
10011010101011111101100111001100
00000000010101010100111010000111
00001111110011001000111011000011
00000000001000000010001001001000
00101111111110011000000101101111
00000000011100001111010000111111
01011011111011011011100011001011
00000000001110100100110110110100
00000000000001010000001011101010
00000000010001000011101100010110
11111101100110100101000100011010
00000000000101000101011110100010
01000101101101101000101111010100
00000000000111011111000001010010
01101100110010100101001000011110
00000000001000011110001010100110
01110011111101101111000001100001
00000000011010000011001010100111
00011110001010101100000100001001
00000000011101010011111011011010
10011010001101011111101111001010
00000000000001010110110000100001
10101010000111011101100000110111
00000000010100001000011110101000
01000000110001101000101101010111
00000000001001011000101001110000
01000001100010000010001100111010
00000000011010001110111011010010
10110101000011000001111111101000
00000000001111011000110010100011
11101100100111101010100010000001
00000000000111001100001000100010
11010000111101010101000011101111
00000000011110010110001100100110
10110001111001111110111111010111
00000000001001110011101100110101
11010010111001011011101111110011
00000000000101111011000001010101
10111010000101011010001000111000
00000000011011101110100111111101
11010101010101110110001111001001
00000000011100101110011101001001
00011000100010010011100000000101
00000000010010111010100101101100
11111100011001010011101100010001
00000000000010101111101110111001
01110001101011000100000111001001
00000000010010001001110010111100
01100000100101101011010001000011
00000000010000110000011011110010
11100111100100001110001110110011
00000000000011111011111101110100
10110100111000001001000100000100
00000000011011000001100010010100
01000010111001110101100010001100
00000000010111000101010011110011
10111010010010110110100110110001
00000000000100100000110110110111
00010011010111011100101001001001
00000000001111011000100100101100
00110110111101101011001010100110
00000000011000011110001010010010
11001000001000000111100111001110
00000000001001101010011101000001
00101101111000100100100011110111
00000000011111111010010110011010
10010100000110011001000011000010
00000000001010010111110001101100
01111001001000111110100111100111
00000000010111000110101101001111
01010011101011000110111111110100
00000000001100000110110001111000
11110010110101000001010100101001
00000000001010101111110111001100
00111011111101011100001111011101
00000000000110000110110101010010
00101010000100010110010010101111
00000000010000100011100001001010
00111011000101001000001100101101
00000000011000110011000111110001
00100101111110110100110001011101
00000000010000010111100011000100
10110010000101101001110010011101
00000000010100100011101100010100
10110001111011001011000010101101
00000000010010001110000111000000
00100100010001010101001100001101
00000000001100011010010110011010
11000101010111001001110001111110
00000000011101011001110011001011
11010010111111010010001111010000
00000000010101111111100111110111
11110011110111011010111110001011
00000000001010101100101011100001
11110011010001110111110100001001
00000000011000100010110100111001
11011000111011110000011001101001
00000000001010000101011100111111
00111001000111110100110010100101
00000000010011010010101110000011
11111010100101011111011010111010
00000000010010101100000001010111
01001000101101100111010100101001
00000000000100000111010100011111
01010010010101100000001010001010
00000000010001011001010110001101
11111000011101000111101011110001
00000000011111011001010001010101
00100011110000001000101100010110
00000000010011001001100100000101
10010011010100101110101100110011
00000000010010110110000010001010
10001000011011111010001000000011
00000000011111001000001011110100
11010001100010000011000100111110
00000000001100000000111000101000
10111001111011111100110101101001
00000000001110111110111011001000
00000111001000101011010010011111
00000000000001011101001001101000
10010101110001111000010100100010
00000000000011010001000111011110
00010010101000001110011111100000
00000000001101001111111001000100
01010010000001100011000111011110
00000000000110100011010100101011
01001010101110000010011010100110
00000000011111100010011001101101
00011111010011001111110001111100
00000000011111100111110011001010
11001111011100110011100011011001
00000000011110010000010101110101
01111010101001111000111110110100
00000000010100111011111110111110
11010110100111001011000000000011
00000000000111001100010110100100
01010010100111011011111010110101
00000000011000101101111000011010
10100111011010100101101111001100
00000000010100010100000100000110
11001001010100001000100111000101
00000000001001001011010110111100
01111100011110100100010001001111
00000000000011011111010110110111
11000100111001001100001100010001
00000000011010010001100001010100
01000100011110011001001010011011
00000000001111100111011101001000
10001111001111100100011000000111
00000000000101110001010011011010
01101111001100011010110001011001
00000000000111110010000010010001
01011111011101010001100001000101
00000000001100111111100110111100
00101011110001000001111001111110
00000000010010101010111111100011
01111010111100101111010010011001
00000000000111001111010010000001
01100000100001100000000011101110
00000000000001000101100100011110
00100101011111100011111000101100
00000000000101000100001011001010
11000011011101010111011010101101
00000000010010100110100110000001
11110010010101111101001111001111
00000000000010010100101000000011
01110101000010111010110101101111
00000000001101011001111010101001
00101100010000011110101011010001
00000000010011010111000000001110
00010000000101111100111011010110
00000000001110111110011011100100
01000001110100111010100000011111
00000000000000101011110011001100
10111011001100111001001100001111
00000000011110010100101100001100
10000010011010110000100100110000
00000000000100001101001100011110
01100111011111111001111010101101
00000000001001000100110110110001
01011011001111000001100100110110
00000000011000000101111101101111
11101010110100110011111010010111
00000000010010100111001010010001
11000010111101100100000101110001
00000000000100011010110010000110
11001011001010010100011111000001
00000000010111111110010011001001
00111001010000011001100101101101
00000000000101110110111010101001
00100110000010011000001111001111
00000000000010111111100000101100
10011110000110111010011110110001
00000000010101000111010010001110
00100000001010010101001001101011
00000000010011000011110000101001
11010111100001110001000000100011
00000000010110111111111101010000
10011000110110111111011000110001
00000000011010011101010010000011
11001100000000101100100110110000
00000000001111111111000001010000
01111101111110101000101100111110
00000000000000010110101001111101
10111011000100100101000111100111
00000000011001110001110101010010
10110100000000110000001101110010
00000000000110001101110011001001
01001100010010000000000100111000
00000000011110110111000110110111
01001111010001011010100111011001
00000000011101010111111010001111
11001011001100010111101111011011
00000000001011010000010101110010
10001000110101111010010011010011
00000000001111101111111101010100
01110111011010111001111111100011
00000000011100100001111000000011
01010100010110010000110000110110
00000000001111000100001100001011
10100011101010010100011111011001
00000000010000101111100111000001
11100000011010001100100000110110
00000000011011011110011000100101
10110000011111011111101000100110
00000000000101001101011011011011
11010010001001001001010011001001
00000000011110111101111111010001
10110100111001110001101001100111
00000000000011011110101001111001
01011010110010110110010111100111
00000000001010111011111010111000
11110011011001101101011111111001
00000000000100100100100111100110
01100100001100000011010111101000
00000000000010011010100111000100
01011001101010111000101111000110
00000000000111100001111010001000
01000010100010000011100110000100
00000000010010110100000110011010
11010000101010100001110010010010
00000000001100101001000101000100
11010101011011011111000100111110
00000000000100000011100110101001
01110100000011100111000101001011
00000000011001100010110000100101
10100101001000110101111010101111
00000000011101110010111001101010
00110011001111010110101000011000
00000000010110000010000011110000
01010001000111000110001000100110
00000000011011101001010100001111
01110010001101001001001110011100
00000000010100111011111000100011
11011010011111000001100000101101
00000000011001100001010110111010
10001111101100110100001011010110
00000000010101100101010100100110
11000011010001110100100100111010
00000000010010001001001100001000
10000100111000001111000000011101
00000000011101000100001110101000
00111101110011010111100000001010
00000000010000110001111001101001
10000110101011001101111001011100
00000000000111111000101011111011
00111111000111111001110111011100
00000000010101111011100001110000
11111011110100101000010111011000
00000000010010000111000010101011
00011011101010000010101101011001
00000000001010111001001001001101
10001000010110010101101011000111
00000000000100110000001000111010
10101111000000011101011001101110
00000000000000011100001001001010
00100001000110011101001001011110
00000000010101100101000001111000
11100010111111110000001001100101
00000000000011000001010010010001
01011011110110110110011010010100
00000000011101000000010110000101
11100001001110101110011001010000
00000000010011011011111100001110
00001111010101011011100001101000
00000000011000010100010011100110
00011110010111110110111000011101
00000000010100001111101100001011
01100100111010011000100110101100
00000000011110111010101011010010
11000010001001010101101101110100
00000000010001010010010100001011
00101101110101100000000000000110
00000000010101111010111000101111
00100001010011101001110011000011
00000000001011011111111011101000
01100010111011000011001101101110
00000000000100100001011010101100
10011001110011111110010101101110
00000000001000110111001011010000
10011111100101010110000010100111
00000000011000110011011001011100
11110101011010110111000100110111
00000000000001001100100010011111
01000011111010010010111100111110
00000000010110101101001110000000
11011010101111011001111111011110
00000000011111010100011001110011
10001011100000001010011010111010
00000000010111010111111101000010
01100011010001101000101011001111
00000000011000011111100001010001
01001011011010000011101111110110
00000000010010001101000000101011
11000100101100111001100110011110
00000000010011011100011101100110
10100010101100010011101101100111
00000000000111011010001100000111
11000011010111011110011111100000
00000000001100011111011010000100
00110101001011010100110011000001
00000000000011111111001110101010
00111100111001101010110100011101
00000000010100100101111011101011
10101101111101000100100000011100
00000000000000010001011011010101
00000001110100010010101010000010
00000000011100001111000111010100
10101100100100110111001011000000
00000000000100110001000100111111
01000010001100001101001100001100
00000000011110111101010000100001
11010111101011111100111110100100
00000000001001011101101010001001
11011000111011000110110000000010
00000000010010101010111110111011
10010010110110100100001110010110
00000000010010011011011100101110
10100011100100010110100100111011
00000000000001001000100111000100
11001011111110100001110000011101
00000000000111000010110100101011
10011011111001110100011111110010
00000000010010110010111000010110
01001111100110001110110110010101
00000000011110110000011110001110
01011001001110000101000111100110
00000000000001100011111100010001
10011110101000101110100100111001
00000000000010100110011101111001
01111110010000101011111001000100
00000000010010101111001111101100
11101100010101001011011000100001
00000000000101000011001001111101
00100100010011000000101011011001
00000000011101010000101111001001
00011111110000101111011101011101
00000000001101100000100000011000
10100001011011010100001000000000
00000000001101100011110000010011
01100011011001000100000111011101
00000000011110010001001101011100
01110001111010100000011111100001
00000000011111100100000000010101
00101111010100000110100011000110
00000000011010111010101100011100
10010000010011101000011111110001
00000000001111110111101011101011
00111101001011110111000111000011
00000000000110100001101010101101
00111011110001101110011001110101
00000000001110010111110110110001
01011011100010001000100110001010
00000000010001111011011100101000
11100100110100011110100110100011
00000000010100100101100111010001
01101111011111101100101101111111
00000000010000010010001101000100
10101011001100100110101000010111
00000000001011110110100101110001
01101010010110100000001010010111
00000000001110110111001101010011
10001110010101101110100110011101
00000000000010100111001101001111
00110000001100001011011110100000
00000000010110001010100100110010
11010100100110111100001110100000
00000000000111000010101011100001
00100111000001000101011000110001
00000000000100111100010001001010
10001000011010111101011011111001
00000000001101010110110010110001
01100111011101010111100001110010
00000000010010011110010100101110
00000110100111000001110010100000
00000000010000110001100010000011
01101110101111010000000100001010
00000000000000110011010011001101
10100001010010010011101110001100
00000000001001110101110010000001
01110110110011011100000010001010
00000000010001100101101001100010
11101111011000111101011000001111
00000000000101000111011011001100
01010011011000100100101011100110
00000000010101110010010111010110
11010001001100101100111000100011
00000000010010011000011100111010
00111011110111010100010010100111
00000000011111110100100011101010
10101111101100100001001111110100
00000000011001001001010011110111
00100011000100001001001001010110
00000000011110011111000101100011
01101011001001011011010111111000
00000000011011011001001011111000
11100001110010111100011101101100
00000000011011111111011011001011
01000001111010100001011101111111
00000000000011110110001011001111
00101100101010111000010010111000
00000000000000110111110000001010
11001110101010000000100001111101
00000000010101111000100111011001
01001010011010100110011110011000
00000000000111011110111101000011
00001000101000111111000000001111
00000000010100000101001001001001
10010010001100101000011101111011
00000000000111010000111111111111
00010000111001100000000000111010
00000000011001011001011110011010
11000001000001111001011100100000
00000000011011010000000011010000
01011000010001011111010001110100
00000000010010111001111110110111
11100111111000110000101001111001
00000000000001001010100011101110
10010110101111000000100111010100
00000000010000010000001101110011
10010101000000010001010010001100
00000000011110011001001110101011
00011000011000000111011110111101
00000000011100111110001001111000
11111001001110000100001100101100
00000000000111110011100111110111
10101110111010001011001101010110
00000000001100101110111111100111
00011010011111101101000000101110
00000000000101001110110111010111
01111001110000101001111100101111
00000000011111110110100100101001
10101000001111110101011101110110
00000000011110111111000010101101
11111000011100000010101101101010
00000000011100100001010101011001
00010010110001011111000101011111
00000000001110010101101110000100
00010111101110110110010110110010
00000000011111001010101101100001
11010111001011100001110000010110
00000000010110100101001000101001
10110111010101011111100011101001
00000000011011111100011001100000
11100010101111111100001101110101
00000000001010000100111011111000
11101010110110001010100110110000
00000000010100110000010100001011
10110110010000101111000011100111
00000000000011011111110101010001
11100111111010000111110011011001
00000000001001101011101000101111
10001001110000100100111000010111
00000000001100010111011101001111
00011110000000111001101111100100
00000000000000111001100100001010
00000001111000100111110011010001
00000000011110110000101111100000
10110111100101110111110010000001
00000000000010010100110010101110
10111110011001001101110101110100
00000000010000000000001011011001
10101000111110110101010100101000
00000000000110010011001110010100
00010000010001011101000011101111
00000000001111110000000000110101
00101100001110011001110111111110
00000000010100110011011100101011
11011001100001110111001010010101
00000000001101111010001011001100
01001110100010001100000111010101
00000000001100011000011000011101
00000011010011001010100110100001
00000000011011001100100010000100
00110100001110101010011000111100
00000000001011011011110011110011
00100010111110001010111101110001
00000000001000111011100101110010
11111010001111011000001111101010
00000000010100000000000010010010
01010001001101110010110001011100
00000000011000111110011100010101
01111001001000110111100011100000
00000000010111001101000010001010
11101101110100110011101101011000
00000000000111010000010100001000
11101010000101111010001000000010
00000000011010111010001001000111
00101010110110011110010100000000
00000000000010001101001100100001
01111100100010000001111100111110
00000000011110010100100000010101
00110001010010100000111101101111
00000000010100000111011000010100
11100111000111100110111000101001
00000000011100000000100101000100
10011101001100010001101001101110
00000000001001111111000110100010
10011000011100111011000101011101
00000000010001111010100110100101
10110100101010101001001110000001
00000000000100010001111110101111
00010001110001110000100111011011
00000000001110100110011100000011
01001010100010110000111010111011
00000000000000100101001010100110
10100110111111111001000000000000
00000000001010000111001111111111
10010111011001111000101111011001
00000000011000100110001011101000
11010101011011110000101001111110
00000000001010101101010100000011
00110101110011011010011111000010
00000000000110100100100111101010
00100100010000100010111010100111
00000000001100011100100000101000
01000010011101100011101011001100
00000000010011101001001100101000
11101010110100011011100011011010
00000000001010110011111011010001
10100001101110001101110110101001
00000000000001010000001001001011
10000000010110011011101010111010
00000000000100000100110110110011
10110100100011000111100101110010
00000000011001010100110110001000
11101001101000011101101110011001
00000000001010100100100110110010
11000011000011000001011011100110
00000000011101001011010100111010
10000000110000010000011111000011
00000000000111100011110001101101
10100001010100101101110101110100
00000000000110000100001001110111
10111010110000111000101010010111
00000000011001100001100101000000
11000000101001001101101011100010
00000000010110011011000101000000
10011000001010110100101001010100
00000000000110110011111101101101
11101101011011000010101110011000
00000000010001101111100101101000
11010100010110010101000000111000
00000000010101100101111100000010
01011100100000111010000011011010
00000000011010011010000001001000
11001010100111110111101101101011
00000000000011011101011011011100
01010111000100111001110100110100
00000000000111111111111101110111
01101111001111011101100101101010
00000000000010010010101001000100
10001011010000001111000011001110
00000000010010101110010101011110
11010110110000000001000000111001
00000000010100110011101010001101
10010011111111101011100010000010
00000000000110010100111100101010
00110100010000101011110101111001
00000000001001110010010100111011
01000010011100110000110011110010
00000000001010111100110010001101
00110000010110010100100000010110
00000000000101011011101101001100
10001100110101111110101111100011
00000000001011000011100100100101
10101000010101010101110111110111
00000000010101111000101010111000
00000100010110001000010101101010
00000000010110001000110111011001
10100001101010000100111111111010
00000000000100100101000111001001
01011111101010110110010011100110
00000000010000010001011001001000
01000001011110001110000010100010
00000000000101010011111110000001
00000001001111010100111010101001
00000000000101011011111010000010
10110111011010010011101001111100
00000000011000100111010111110110
10111101111101101011110100001000
00000000000010111111011100000101
01000111011110011010000001111000
00000000001000100110010110001010
11001101010011010100001100001001
00000000010111111111001101010111
10010111101100100110010100011001
00000000000110100100101100111110
10001011010111110101111010111101
00000000011010001111100001000000
00100010110011101010000111001110
00000000010000101001011010010100
10100101101111111000010101111100
00000000011001110000010111001110
11111110100010101110100001110101
00000000010110011001001010111010
11001010000100110101111010001001
00000000011000010011010010001010
11111100111001101100011000111000
00000000011011111101100100000000
00000111100111001111011000001100
00000000000111100000001111011101
11100011010111101001101001110100
00000000000001111010100001110110
10100011011111010101100001110000
00000000000101001011010110101111
01111000100101110111010000010011
00000000011101010101011110110011
11100001010011100100110110010100
00000000000100000111111111010101
10101000100011100010010101001001
00000000010011101100100101111001
01000011100111100010001111111010
00000000010100000101100100101001
10011000111111110001111110111011
00000000001101100110101111001010
11000010010000001010100010111001
00000000010100000011010011111000
01100000101110000010100110011011
00000000000011001001111000010110
11110101110101100100010101101100
00000000011000100011000010001011
00010011011011000111000101011110
00000000001110001010100001100110
00100000011010011100110100001000
00000000000110111111100110001111
00110010000001001110110011101101
00000000011010011001011100110010
00000100000011100011100011000001
00000000011011010010000011101111
11011000110011000010000110100101
00000000011111111101111111011110
10010100110000001001001111100011
00000000011011011111000010001010
00110100110011111111010111101011
00000000010100011110010100011001
11001110011111001000100110011111
00000000010001100001011100000101
00000111001010001100110111110101
00000000010001111001001100010110
11000100001110000001111001001100
00000000001111111101000000011101
00010010111100111101100110101111
00000000000101110001100111100011
10100001011010000001111010110001
00000000011100110010101011000010
11110010110101110001010011110100
00000000010001110110111011011110
01100011101101010010101101100100
00000000011001111000000101011101
10000000101110000100101011010111
00000000000010010000101101000101
01111101101011100100111110110011
00000000000111100111111011010100
10111011101001111010101110100110
00000000000101111000101010010101
11011111010100001100110001111001
00000000000100001010110010001010
01110001111000101011100010011010
00000000010010101110101001001101
00011010100110001101110001100010
00000000001010111000001100110110
01010100110010001010110100111100
00000000000001110101011100010110
11011011110010111111101101011010
00000000001100000010101101101100
11100100011110001000110011000111
00000000000011101111001011110111
00100001111010100100010000001111
00000000010100000111111010101000
00011011111011001111010100111110
00000000000111011000011111100110
11110010111101101010001100110100
00000000010010010010001100101111
01000000100011111110010000111001
00000000011000100110011010011110
10100001000111010010101110010111
00000000000111000011110100101101
11110011101001000001110100110001
00000000010111010111011000010101
00100100000001011000111011010011
00000000011000011111001101110001
00111100110000100111000111110110
00000000011111011000000011111010
11100101111000000000110000111010
00000000000111011111110111000110
00100110110010001011100001111011
00000000001111111000011000011101
00110010110111111000001001010111
00000000000011011100000110001000
01010101011101010011001110011100
00000000001101000010001011010100
10010110110101011010101110001111
00000000000100110011111100001100
00011010011001000110111111101101
00000000010111100110100010010110
10011101111111101110011111101100
00000000010101101000000101011010
10100111001011011011100011000000
00000000001010110001000110101011
10011010000110011011111001000100
00000000011110110101111110011001
00110110000101011010101100110100
00000000011011000111100000000010
10000111111111000111101000011111
00000000000110101011110010000011
00010011000011110011111001100011
00000000011111011110001000101101
00111100100101110111010000011001
00000000011100001100001000001010
10000110010001000001101110101011
00000000010111110100000100101000
10101101001001001110010001000111
00000000011010100100111100000000
11001111001111000000110000110011
00000000010010101110011101000100
11100001101111111010011101101100
00000000000010100101011000011001
00111011010011001011011001011001
00000000001010101111001111010111
01000101100010011110001001001000
00000000001000000100011110010000
01101000000111100101001100000010
00000000001110100110000000011010
10011011011101010001111000010100
00000000000111011001001101011101
00000000111100100010000010100110
00000000011111111001110010110011
01110110010100000001001000100000
00000000000101011011011101010010
00010101011100100111000000101110
00000000000111000101001010110001
01111110110000001010011100001011
00000000000101100100100010101001
11000000010011001110011100101011
00000000000000111111010011110011
00000110010000110110000101000101
00000000001001101100011000111001
01110110010011110010110101111011
00000000011110011010101000101101
11101111110000000010000000111010
00000000011100101010111101010100
01010111101111100000000111101111
00000000001011011111100101110011
10101111100101010010100101001000
00000000001110101111101000000100
10110000001000110101101011100111
00000000010111010110100000110100
01110010010111011101110101011010
00000000010011001001010001110001
01110000110100011101000001010000
00000000000101000110110000101100
10010001100010110101000001011011
00000000010101100000000110001010
00110000011110000110100101111101
00000000001010010100101111110001
01101011011011001000000010000011
00000000011101010000011001010111
00011001000010110100010100010011
00000000000111001000101111000110
10100011110100001110010011001010
00000000000101000100000101100000
10001000011011000011001000110001
00000000011100011000101100010011
00000111001011111110110000101010
