01111111110000000000000000010011
01111111110000000000000000010011
01111111110000000000000000010011
11001111110000000010111110000111
01000100010000000010100000100111
11100000011000000010101000100111
01001000110000000010000100000111
11011101101100000010011000100111
00101000110000000010010110000111
01000001010000000010101110000111
00000000000011110000001011010011
00000100101100000010111000100111
00000000100011101000110111010011
10000011011000000010110000100111
11000001100000000010111000000111
01111001010000000010101110000111
11010111011000000010000000100111
00001001101000011000100101010011
10001011010100000010111000100111
00001000110011011000001101010011
11001000001100000010101000100111
10010000000000000010111100000111
11111111110000000010111110000111
00000000110110111000100101010011
00001001011001001000010001010011
11011101010000000010111000000111
10110101011100000010111000100111
00001001011111101000111001010011
00000000000001100000101011010011
01010111101100000010111000100111
00001001011011101000010011010011
00000001000001000000001001010011
00001001110101001000010011010011
11101111000000000010001110000111
00001001100001011000101101010011
00000000100001001000001101010011
01000100110000000010111100000111
11101000110100000010100000100111
00001001111100011000000101010011
00000000101010000000001111010011
01010000010000000010101110000111
00000111100000000010000110000111
00000000001010100000111001010011
00001000011010111000010001010011
00001001100111101000111101010011
00000000101100111000100001010011
00000000010000011000101101010011
00100101011000000010101000100111
00000001010101100000101111010011
11011111010100000010111000100111
00111011010100000010010000100111
01011110110000000010100110000111
00000001010010110000100101010011
00001000011110010000010111010011
00010110110000000010000000100111
00000001100010010000010011010011
00001000011111010000001001010011
00001001101101101000000011010011
00001110011100000010110000100111
10101110101000000010111000100111
00000001110001010000100011010011
10100010100100000010100000100111
00000001000001010000011011010011
00000000110100110000011101010011
00100111100100000010110000100111
00000101000100000010000000100111
00000000000111011000111001010011
00010010001100000010010000100111
00001111100000000010110000000111
00000001010000000010111100000111
00000001001110110000111011010011
01010110100000000010111100000111
01101010110000000010010010000111
00000000111010110000010111010011
00101000100100000010111000100111
11010010010000000010110010000111
10110000010000000010111100000111
00000001111000111000111011010011
11001011101000000010110000100111
00000000111000111000001101010011
10101001000000000010011010000111
11010010101000000010100000100111
00011100110000000010011110000111
10001010101100000010011000100111
00101111100000000010101100000111
00001001101010010000111101010011
00001001101110010000001001010011
00001000010001101000111111010011
10000100000000000010101000100111
11001000100000000010001110000111
00001000000000010000110001010011
00001000000100101000010101010011
01011110111100000010110000100111
11110000111000000010001000100111
00101010010000000010100100000111
10001110100000000010110100000111
11111000100100000010010000100111
00001001010001011000111101010011
10000100001100000010011000100111
00000000110011000000110001010011
11000000101100000010110000100111
00001000111000100000100111010011
00001001001100111000011011010011
10110100110000000010100000100111
00001000110011110000111001010011
11101101000000000010111110000111
00000000101101110000000101010011
00000001100000000000100111010011
01011000000000000010001100000111
00001000101100000000111011010011
00001001000100011000001001010011
10111111010000000010111110000111
01111011010000000010110100000111
00000000100110000000110111010011
00001110000000000010100010000111
00001000010010110000101011010011
01111001011100000010000000100111
10111011000000000010101000100111
00000000000100100000010101010011
00000001101100100000010011010011
00001000011010110000110111010011
00000001001001111000110001010011
00001001010101000000100001010011
00000000011000001000101111010011
00111011100000000010101000000111
11010100001100000010101000100111
00001011010000000010111110000111
00000000010111001000110001010011
10111010100000000010100000100111
00000001111010010000101011010011
01000001100000000010101100000111
01110111010000000010011010000111
00001001111111111000010111010011
01110111100100000010011000100111
10011100000000000010111000000111
00001000011010110000110101010011
11101100110000000010111110000111
00000000100110100000110101010011
11110100000000000010100000000111
01000110010000000010100110000111
10010101100100000010100000100111
00000110110000000010010000000111
00000001001000100000110101010011
11011110110000000010001100000111
00001000111000011000100011010011
10111000100000000010100000100111
00000000101100010000000111010011
00001100110000000010001000100111
11010010100000000010110100000111
00000000111111100000001001010011
01000110110000000010010100000111
00001001010000000000100101010011
00001000101010111000110111010011
11010001001100000010000000100111
01110111000000000010001000100111
01100000100000000010111110000111
00000000000101010000001101010011
00001000110110000000100111010011
00001001100111001000010011010011
00000001010010010000111111010011
00001000101101110000011011010011
00001001011010111000010011010011
00101101010000000010100110000111
00001001011011001000010101010011
00000001011110001000000011010011
01011110111000000010010000100111
00001001001111010000011011010011
00000001111001011000110011010011
00110011110000000010000100000111
00000000010011110000101111010011
00111101010000000010010000100111
00111100110000000010011100000111
00000000100110010000001101010011
00110011010100000010110000100111
00001000110011001000111101010011
00010101100000000010111110000111
11011011010100000010111000100111
11110011000000000010000110000111
00001000011011110000101011010011
00001000011101110000111001010011
00000000100010001000111111010011
00101010000000000010000000100111
00000000000000000010111000100111
01010001010000000010110110000111
00000000010100011000111111010011
00000000001001110000000111010011
11011111100000000010111000000111
10111010001000000010100000100111
00011001110000000010010100000111
00001001010001111000000011010011
00000000011000101000111001010011
00000000111000011000010111010011
10000011100000000010010100000111
00001011110000000010101110000111
11011110010000000010110000100111
00000000101101100000010111010011
11100111000000000010011010000111
01010100010000000010100110000111
00111000100000000010101100000111
00001001010010010000001011010011
01000110000000000010110000000111
10000011000000000010001110000111
00001001010111001000111111010011
00001000010010110000000111010011
11010011100000000010110100000111
00000000000110001000111101010011
10101011010000000010011000000111
10001000001100000010010000100111
01001000110000000010000110000111
00000001101001000000010001010011
00001001100000011000010101010011
10010010110000000010000100000111
00000000001111001000011101010011
10001100111000000010111000100111
00010011100000000010100010000111
11001000100000000010011000000111
10110110110100000010110000100111
11010001100000000010100000100111
00000001111111110000001101010011
00001000101001101000111101010011
00101101110000000010111000000111
10110100100000000010100000000111
10100100110000000010101000100111
01001100011000000010100000100111
01011010100000000010010110000111
00000000110111111000110001010011
11110111010000000010101100000111
10111100010000000010011000000111
11011001000000000010110000100111
00001001100101000000100011010011
11000110011100000010001000100111
01111110110000000010000110000111
00001000110101100000000101010011
11110011000000000010111000000111
00001001011110111000101011010011
00001000101111000000110001010011
00101011110000000010101000100111
10001010110000000010100100000111
10010001110000000010011010000111
00000001100101100000110111010011
01001101110000000010011000100111
00000000101100001000100111010011
00000000000000110000001001010011
00001001010101100000001001010011
00001000011111110000111101010011
11010100010000000010111110000111
00001000110011000000101011010011
00000000110111110000010111010011
00001011010000000010101100000111
01110001010000000010011100000111
11011110100000000010011000100111
01110111010000000010100110000111
00000000111101110000001111010011
01100010010000000010001110000111
00001001111111111000111011010011
00001001110111110000000101010011
00000001011000101000111101010011
01100110100000000010010110000111
10111100010000000010101010000111
00000001101111111000001111010011
01101100100000000010001000100111
11000101010000000010100100000111
00001001101100100000110011010011
00001001110100010000101011010011
00001001011101010000011111010011
10001110101100000010001000100111
01010010000100000010111000100111
00001000100011010000010001010011
00000000101000000000110001010011
00001000110100001000101101010011
00000000111110110000110101010011
01110000100000000010011000100111
00000001010110111000101011010011
10101001110000000010100100000111
00001001011000111000101101010011
00001001011100000000010011010011
10111110100100000010101000100111
00000000101100001000011101010011
00001001100010111000001011010011
01011101110000000010011110000111
10001111100000000010111110000111
00000001001010000000100101010011
11010111000100000010010000100111
00110100011000000010000000100111
00000000110000101000010001010011
11011011010000000010010100000111
11111110001100000010001000100111
00101001000000000010101010000111
11111011101100000010100000100111
11110110100100000010100000100111
00001001000010010000111001010011
00000001110100101000100101010011
00000001111011110000100001010011
00001000111001100000101011010011
00001000010001100000010111010011
00001001101110111000101011010011
00000001011100000010000000100111
10101000000000000010101100000111
00001000110111110000000011010011
00001000011100010000011101010011
11100000110000000010001010000111
00110000000000000010010110000111
00000001011011100000100111010011
01101011110000000010100100000111
10101011111000000010011000100111
00001000111000011000000011010011
01001100110000000010101000100111
00000000100111011000110011010011
00000000111100110000110011010011
11101010010000000010101100000111
00001110010000000010010100000111
00000000010000000000111111010011
00001001000001001000001101010011
00101110100000000010011100000111
10000010100000000010101110000111
11011000101000000010000000100111
11001101110000000010110000100111
01010111101000000010110000100111
01100110010000000010110010000111
01000111110000000010010000000111
11000111010000000010110110000111
10110001010100000010111000100111
10110001101100000010100000100111
00000110011000000010001000100111
00000001001011011000010101010011
00001001100100110000111011010011
11010100100000000010101000000111
11101110010000000010001100000111
00001011011000000010101000100111
01101100100000000010001000100111
10101111001000000010010000100111
00000001111101110000111111010011
11101011010000000010111100000111
10100101001100000010000000100111
11000010000000000010100010000111
00000000001000111000110001010011
00000000101111000000010111010011
00001000000011001000000011010011
00000000001111011000110111010011
10000111000000000010110110000111
01010001110100000010100000100111
11000000000000000010010100000111
00001001011010101000110011010011
00001001011011011000101001010011
00000000010010010000101111010011
00000000110111100000100001010011
10000111111100000010110000100111
00000001110100001000101011010011
00000000000111001000010111010011
00000000110101111000011001010011
00000000011010011000100011010011
00000000011111101000001001010011
00001001010011101000101001010011
11000100100000000010100010000111
11111001010000000010100000100111
00000000010011010000100011010011
00000001110001011000000111010011
00010000001100000010101000100111
01100110010000000010110000100111
00000001000001111000010111010011
00001000101011011000101101010011
00000001111000101000101101010011
00000000011101110000001011010011
00000000111111111000001011010011
00000001111110001000101001010011
00001000011111000000101111010011
01011001010100000010011000100111
10000011010000000010110000100111
00010100000000000010100010000111
00010111100100000010000000100111
01101001111000000010101000100111
00001000000000101000011101010011
00001001101111110000101001010011
00011010110000000010001000000111
00000000110111110000011011010011
01111100010000000010100100000111
00001000110101110000101001010011
00111110110100000010010000100111
00000001001010100000110011010011
00000000001000101000101111010011
00001000011111100000110001010011
00001001110011010000011011010011
10010000110100000010111000100111
11010101011000000010011000100111
00000000000101110000011011010011
00001001110100101000100011010011
00001000010101111000010101010011
00000000001101101000001101010011
00000001010110000000100101010011
10100000001100000010110000100111
10111010000000000010001110000111
00001000010001010000101111010011
01111110111100000010101000100111
00000001011000101000000111010011
00000001101011111000100011010011
11010010101100000010100000100111
01111001011000000010010000100111
00001001000010101000011001010011
00001000001110010000100101010011
10001111000000000010101010000111
11100010011100000010100000100111
00000000101000101000010111010011
01110111110000000010010000000111
00001000111011001000011101010011
10110010010000000010010100000111
01101110011100000010011000100111
00001001001111101000111011010011
10111100101100000010011000100111
11101010001000000010100000100111
00001000111101001000100111010011
00001001000100000000110111010011
01101001100000000010100000000111
11101100110000000010011110000111
10111011100000000010101000000111
00001000010101101000011011010011
01110110011000000010111000100111
00000001010010110000001011010011
00000101000000000010011010000111
00001001111000001000001101010011
00101010111000000010110000100111
10001001101000000010001000100111
00000001010110101000010111010011
01111101001100000010010000100111
00100011111100000010011000100111
00000001111111111000010101010011
10101111101000000010100000100111
01001100100100000010100000100111
01011000101100000010110000100111
00010111000100000010110000100111
00000001011000000000110111010011
10111101100000000010010100000111
00101010110000000010001000000111
00000000101010101000000111010011
00001000100110111000011111010011
00000000000001100000001111010011
11001110100000000010100010000111
01001011011000000010111000100111
00000001110101000000101011010011
00000001000110110000010001010011
00001000111111001000011001010011
00001000010011011000100001010011
11010010110000000010100000100111
00000000000111100000011001010011
00000001000101110000111001010011
11110011110000000010100000000111
00001001011100011000110001010011
00000000000011111000001011010011
00001000011110000000001001010011
11111011100000000010110000000111
10101011000000000010100000000111
00000000101000010000101101010011
11110101100000000010111010000111
01110101011100000010001000100111
11110101010000000010000010000111
01000100100000000010010110000111
00011001100100000010111000100111
00000000110111101000000011010011
11010011000000000010110010000111
00001000001100000000010001010011
00000000110100000010011000100111
00000000011111110000010001010011
00000000101000000000000101010011
11010001010000000010001000100111
00000001111111011000010001010011
10011000100100000010000000100111
00001000001010001000001111010011
11010001010000000010001100000111
00001000111010111000011101010011
01010101100000000010001000000111
10010101001100000010100000100111
00001000111000010000110001010011
11100000101100000010110000100111
10101000110100000010010000100111
00001000001101100000010011010011
00001001110001000000010001010011
11011110100000000010110010000111
01001001011100000010100000100111
11110000000100000010100000100111
11111100110000000010100100000111
00000001010011101000001111010011
01100111100000000010000010000111
00000000110101100000010101010011
00001001101101111000011011010011
00000000111011011000110101010011
00000000000110010000100011010011
10011110011100000010110000100111
11100110010000000010011000000111
01000001101000000010010000100111
00001000000000110000100011010011
00001000000101001000001011010011
00000000000111011000010111010011
00001001010101000000011111010011
00001000101011101000100001010011
00001011111100000010011000100111
00001000101011011000101111010011
11000011000000000010111000100111
01100111010000000010010000100111
00000001001101001000110011010011
00001001000010010000110101010011
10101100110000000010101000000111
00001000110000001000110011010011
00001001010101001000100111010011
10000100100000000010111000100111
00000000111010110000011011010011
11100111000100000010100000100111
00001000010101011000011111010011
11000110000000000010010010000111
00001001110010011000011001010011
10000010100100000010100000100111
00001000100110011000000011010011
10100000100000000010011110000111
10110001100100000010110000100111
00000001101010000000110001010011
00000001000101100000001011010011
01010100100100000010001000100111
11101111110000000010001010000111
00000001101010110000100011010011
01101101111000000010101000100111
00000000000000000010001010000111
10101000110000000010001000000111
01010100100100000010011000100111
10100010110000000010100000000111
10110100110000000010011010000111
10011000101100000010001000100111
01011000000000000010101110000111
01001101000000000010010000000111
00000001011000011000001001010011
00001010010000000010001100000111
00000001001110111000100101010011
00001001010011101000010001010011
00001001000110000000100101010011
01001001000000000010010100000111
10100000110000000010100000100111
00000001001111010000011011010011
00111110101000000010011000100111
00001001000010010000100101010011
10011111110000000010110010000111
11100100010100000010110000100111
01101100100000000010100000000111
00001000101011111000101011010011
01101001111100000010110000100111
01011000010000000010101000100111
01010010010000000010100110000111
01001010110000000010011000100111
00001000000010111000011111010011
00001000001101110000100111010011
11010001110100000010100000100111
10011101010000000010011110000111
00000001100110100000100001010011
00001000111001011000101001010011
11000110001000000010000000100111
00000001010111000000111101010011
00001001111110011000011011010011
01101110000000000010111000000111
01010000100100000010110000100111
10010101000000000010011110000111
00000000000011001000101101010011
00000001001000010000111101010011
01101001100000000010100000100111
00000000110110100000111001010011
01010001010000000010010000100111
01000101000000000010101110000111
10010111101000000010111000100111
00000001100111011000111101010011
11101011100000000010110000000111
10100101000000000010011000000111
11001001110000000010111000000111
00001000101010110000001101010011
00000000001011010000101001010011
00000001010110100000110101010011
00000000110111001000000101010011
00001010101100000010011000100111
00000001111111001000011111010011
10110111110000000010110010000111
00001000100101101000111011010011
11101101000000000010011000100111
10111010000100000010110000100111
00001000011111101000011011010011
11110110010000000010100000000111
00000001001011100000101001010011
01011001010000000010011000100111
00000001111001000000110011010011
10111100100000000010101000100111
11110010000000000010111000100111
00001001011101101000010111010011
00101011000000000010001110000111
11011100111000000010110000100111
00000000000001001000001111010011
00000010111000000010011000100111
00001000010010010000011111010011
00001001011111100000110011010011
01110110101000000010100000100111
00000001010111101000100011010011
00000000001001001000110011010011
00001011010000000010111110000111
00001001100101000000110001010011
00000000100011000000000111010011
11101110010000000010110100000111
11100000000000000010110100000111
10010000011100000010101000100111
01011111000100000010110000100111
01110011010000000010001010000111
00100101110100000010100000100111
10111010110100000010000000100111
00000000101001110000110001010011
10010010000100000010010000100111
00000000101111100000110001010011
00000001011010001000100001010011
01010100000000000010010010000111
00110010100000000010000110000111
00001000011010101000001101010011
11100101010100000010100000100111
00000000011111111000011001010011
00001000001110101000110011010011
00001001000110111000111111010011
00000000001001110000001111010011
00000000110001001000011111010011
00011000100000000010001000100111
00001010101100000010110000100111
00010010000000000010110000100111
00000000100111001000110101010011
01011001100000000010101100000111
01100110000000000010011100000111
11110101101000000010101000100111
00001001110110000000111001010011
11001001011000000010000000100111
00000001010100010000001101010011
10101110010000000010111000100111
11111001001100000010011000100111
00000001001111100000101011010011
10101110011100000010110000100111
00001000110001111000011011010011
00001001110011000000110101010011
00110011111000000010001000100111
00000001000101000000011111010011
00000001000010111000101111010011
11111100110000000010100000100111
10010100110000000010000100000111
10010011000000000010001000000111
00001001000000000000001011010011
10011100010000000010011010000111
11000010110000000010010100000111
00001001000100111000010111010011
00001001010111000000000101010011
00000001110101011000100101010011
10110011000000000010001000100111
00000001001100100000011011010011
00001001101111001000001001010011
00000000111111010000101001010011
01111110111100000010101000100111
10000100011000000010111000100111
00100101001000000010000000100111
00001000100111100000111001010011
10000011000100000010101000100111
01001101010000000010011110000111
00000001101000110000000011010011
00001001010111101000000111010011
11101100100000000010001000100111
00100101000000000010100100000111
00001001111010000000011001010011
00000000000001110000001011010011
10011111010000000010101110000111
01100010110000000010010000100111
00111010110000000010101000000111
00001000101100000000110001010011
00000001000101111000111011010011
01110100110100000010100000100111
00001001111100101000111011010011
00000000100111100000011101010011
00001000011100111000111111010011
11100010110000000010001000000111
10100010111100000010001000100111
00000001110001011000110101010011
00001001000000101000110011010011
10001100011100000010000000100111
11111011101100000010101000100111
01101100000000000010011000000111
00001011100000000010100010000111
00000001111110000000100101010011
10100110111100000010001000100111
00000000010110101000111001010011
00001000101110010000111001010011
00000000110110101000110001010011
00111001111100000010110000100111
00001001101110000000000101010011
11100110100000000010011110000111
10000100001000000010101000100111
11011111000000000010001110000111
00000000101001000000011001010011
10001011101100000010100000100111
11011001110000000010101000000111
11101011110100000010100000100111
00000000101000110000000011010011
00000001101100101000100101010011
00000000111110000000101111010011
01100100011000000010001000100111
00000001000110100000001101010011
10100010110000000010010000000111
10110110100000000010000010000111
00000001000101011000110101010011
00001000001100001000111111010011
00000001111010011000100111010011
00001001111011010000001111010011
01100001110000000010110000100111
00010001000100000010111000100111
11111110011100000010110000100111
00001001011010010000010011010011
00000000111001000000001101010011
00000000010001111000111001010011
00000010100000000010110000100111
10110001010000000010010000000111
01001100010000000010100000100111
11100001100000000010011010000111
00001001000101100000101011010011
00110111110000000010001000100111
00001000100001111000010001010011
00000001100000000010110100000111
00001001000110010000101011010011
00001001111101100000011011010011
00001001100010101000010011010011
11010111100000000010101000000111
00001000110110101000011001010011
00111010110000000010000110000111
00111110100000000010011100000111
00001001001010111000100011010011
00000000110000000010000000100111
00111011001000000010111000100111
00110001110100000010011000100111
11111000010000000010010100000111
11100000110100000010001000100111
00000001011010110000000011010011
00000001100010001000010111010011
01010000100000000010111110000111
00000000011010001000011011010011
00001000010011010000010011010011
00000001110001001000001111010011
10100001001100000010011000100111
11000110110000000010110010000111
00100010110000000010011010000111
01000111111000000010001000100111
00001001001001100000011001010011
00001000010000000010101000100111
00001001010101001000011011010011
11110000010000000010100000100111
00111111111000000010001000100111
00001001001010001000011001010011
00000001101001010000001101010011
00001000000101110000010011010011
00000001001000111000100111010011
00000001000110001000001101010011
00010000000100000010010000100111
00000000000001110000001101010011
10011000010000000010001110000111
11110110000000000010110000000111
00000000111001101000111101010011
01111100100100000010001000100111
00100100100000000010100110000111
00000001110110100000001001010011
00000011000000000010000110000111
01010101001100000010010000100111
00000010100000000010100110000111
00000001001010000000100001010011
00000000111111000000111011010011
11100111010000000010101110000111
00001001011111000000111001010011
00000000100101010000111111010011
00000000101100100000100111010011
01101110110000000010010100000111
11110101110000000010100110000111
11000001110000000010101100000111
00001001111111100000001011010011
00101101100000000010101000100111
00011011000000000010111000100111
00001001101111100000111001010011
00001001110110001000010111010011
00001001011010010000101011010011
11100011001100000010000000100111
10001001110000000010111100000111
10011010111000000010101000100111
00000000100110010000110101010011
10001111010000000010010110000111
00001001010011000000101011010011
00001000100001010000011111010011
00001000101101011000000111010011
10100001000000000010010000100111
00000001111101111000111101010011
01011001000000000010101100000111
00001000100011001000101001010011
00000000011110000000100111010011
10011010111100000010001000100111
00000001000001010000011101010011
00001001111100110000111111010011
00001001101010100000111111010011
11100110001000000010001000100111
01011110110100000010001000100111
11100101101000000010100000100111
00000000100001110000010011010011
11011101110000000010111110000111
00000000001110100000101111010011
00000001110110110000100011010011
00001000101010001000111011010011
00000000010011110000100011010011
00011111000000000010001000100111
00000000011111100000001101010011
00001000111101111000111001010011
01011010010000000010011110000111
00000001000111100000101001010011
00000000110000000010111110000111
01100101110000000010000100000111
00001001101100000000110101010011
00001001011111100000100101010011
01000010010000000010100000000111
11111000000000000010110110000111
00001001011100110000100111010011
11001011010100000010101000100111
00101111110100000010110000100111
00000001100010111000001101010011
00001001000001101000011101010011
00001000000100111000001101010011
00000001010111010000100011010011
00001000001100111000011001010011
11100111010000000010111000100111
00101001010100000010100000100111
10010111001100000010110000100111
10011100000000000010110000000111
00001010010100000010010000100111
00000000110011110000111001010011
01110111010000000010111110000111
10010100000000000010000110000111
00001001110000110000000011010011
00001000111101110000100011010011
01010100110000000010000010000111
11100101110000000010011100000111
11001100010000000010110010000111
00000000100011100000111001010011
01001110110100000010001000100111
00001000110101011000001111010011
10011110111000000010011000100111
00001001000011001000011111010011
00000001110100011000111001010011
01000001001100000010101000100111
00000001111110111000111011010011
00001000110101101000011111010011
00000011010000000010001100000111
00001001001100001000100101010011
01011001010100000010001000100111
00001000100101101000110011010011
00001001000101101000110011010011
01011110010000000010010100000111
00001000111010101000010011010011
00001000100110010000110001010011
00000000110100001000000101010011
00000000100001001000110111010011
01101110000000000010000100000111
00001001010000000010111010000111
00001000101100100000101011010011
00000000000100111000011001010011
00101110000000000010000110000111
01010000100000000010110110000111
00011000001100000010100000100111
00001001001100110000000111010011
00001000101111100000001011010011
11111100101100000010000000100111
00000001100001011000010011010011
00001111111100000010000000100111
00001000011110010000110101010011
10010010010000000010010100000111
00001000011101010000100001010011
00000010100000000010010000100111
00000001001100010000001101010011
00101101010000000010010000100111
01011010110000000010111110000111
00110111101100000010110000100111
00000001001101000000011111010011
00001000111010011000100101010011
00000001011011000000111001010011
00000001001110010000100101010011
00100001000000000010011000000111
00000001110101100000100111010011
10011110110000000010000100000111
10010101110000000010011100000111
00001000111111110000010011010011
10110100110000000010110000000111
00000000110011111000001111010011
00001000111110011000001111010011
00010100000000000010010100000111
00001000011011010000010011010011
00000001001110110000000111010011
00001001010100001000111001010011
11111101100000000010110000000111
00000000010110000000100111010011
01001001100000000010001000000111
00001000111111111000000101010011
00001001001111000000100001010011
00100101111000000010010000100111
00000000000110100000111101010011
10110100001000000010011000100111
10010011101100000010111000100111
00001001110001100000111111010011
00000001011011011000111111010011
00000110000000000010010000000111
11101111100000000010000000100111
01111011000000000010010010000111
00101010000000000010110000000111
00000001010001010000111011010011
00000000100101000000101011010011
00000001001101101000001011010011
01110010110000000010011100000111
00000000010011001000101011010011
00000001001110010000111101010011
00100011111000000010101000100111
00000001010000110000011011010011
01100010010000000010011100000111
01101101100000000010010100000111
01101011100100000010000000100111
01010011000000000010011010000111
00001001110000101000101111010011
00000001111011110000011001010011
00000000001010101000101101010011
00001001011011100000001011010011
00000000101011111000100101010011
00000000100000111000001111010011
00000000100000100000011011010011
00001001111001010000011011010011
00000001110101101000111011010011
00010110111000000010110000100111
00001000101011010000110111010011
00001001111100000010110000100111
01011110000000000010111000100111
00000000111011100000010001010011
00000000000000000000110101010011
00000000110011110000000101010011
00111001000000000010001110000111
00001001111010010000101101010011
01000011100000000010101000000111
00000001000000000010110110000111
00000001100011001000111101010011
11000101010000000010111100000111
11001100111000000010011000100111
00000001110001000000101011010011
00000000001110011000101101010011
00000000011010000000010001010011
00000001110111101000011111010011
00000000111111100000101101010011
00001000010110011000100011010011
00000001010011000000101111010011
00000000011001011000111111010011
00000000001011011000001101010011
00001000111001101000110011010011
11111010000000000010111100000111
10010000110000000010011100000111
00001001001100000000011111010011
00001000110110110000011011010011
10011111010000000010100000100111
00000000100010000000101101010011
00000000111110011000100101010011
10101100111000000010011000100111
00000001000010000000011111010011
00001001000011101000010001010011
00001000110000001000011001010011
00001000101100111000111011010011
00001001110110111000100001010011
11110111000100000010101000100111
00000001111101101000110011010011
10100010010000000010100100000111
00001000100101011000000111010011
00001000100100111000100101010011
00000001001100010000000011010011
11110111100000000010110110000111
00001001101011100000101101010011
01101111110000000010001100000111
11100000011100000010000000100111
00001000010100101000101001010011
00000000110101000000110101010011
11011111111000000010110000100111
00000001001101100000100111010011
10111011001100000010110000100111
10111110010000000010100100000111
11100010000000000010100000100111
01001001011000000010000000100111
10010010110000000010110110000111
01111001100000000010010000000111
11100110100000000010101010000111
00000000011011111000010011010011
11100011100000000010010000000111
00001000011000001000101101010011
00110111010000000010111000100111
00000001100010010000010101010011
00010010111000000010100000100111
00100011100000000010111010000111
00001000001100000000111101010011
00000000010001010000010011010011
00000000001100011000110011010011
00001001001011110000011101010011
00000001100000111000000111010011
10101000110000000010010010000111
10110000010000000010010000000111
10000101000000000010010110000111
00100101100000000010001110000111
00001001101101101000100101010011
00000001001110000000011111010011
01100111110000000010011100000111
00000001001000001000010011010011
00001001111001110000100101010011
00000000011000000000101001010011
10011000001100000010100000100111
10101110010000000010001010000111
00000000011000110000111001010011
00001000110010101000101111010011
00001001100111110000011101010011
10000101100100000010111000100111
00000001001000101000010101010011
00001000010001101000000111010011
01110000001100000010101000100111
11001001110000000010001110000111
00001000010001101000100011010011
00110111001100000010101000100111
00001011100000000010101000100111
01001001000000000010111100000111
00000000101110010000010011010011
01101001101100000010001000100111
00001000100111010000101101010011
01111011110000000010000100000111
00000000000000000000000001110011
00000000001101001111101000110011
01010010110110111011000101110011
00000000010011001000001100110110
10010100101011000011010010111000
00000000001000001010100010101000
10001000011111010010111111001010
00000000001110011001010010101000
10000000101001001110000101001111
00000000010011100011101110100111
00111010011101001110000001000111
00000000011111111110100010110110
10111010110111100110111000011111
00000000010100101010100000111111
10000000101011100100011101001011
00000000001011011010100010100111
01011110011010001101001101011110
00000000011111110111110111010001
10100010010001011110011010111111
00000000011100010011110010111000
00000100000011111111101100100101
00000000001001000100110110110111
10001011100000001111011101010101
00000000001000001100110111101110
11010001110111111000001101011111
00000000000000011111101100110110
10111100011101000001001101101010
00000000011111100010111100110101
11010101110100011110010100101001
00000000011010111101101010101101
01010110100000011011010001001010
00000000001011100000011101111100
11111011011000001011001110011111
00000000001000011010111110000111
11110101111000000111111001000101
00000000010100110011111011100000
10110111111111000111101111101000
00000000010111110010000001010011
11001110110011101110101101100101
00000000011110101101000100110111
00000010000111110001000001000100
00000000011011110110010110010111
10101000101110110010011100010111
00000000000111001000011111110101
10110111000011101111001111110110
00000000011110110011100001101001
00000000110000010101000000111011
00000000001101101010011011111101
00101011100101111011110101011100
00000000001111000011000111111110
10111001001000000101100100111101
00000000011111010011011001101011
01101000100000001111001101010101
00000000000001011011111000110100
10000010011101000010100101110100
00000000001000110111101000000110
00011111111110001001110110011100
00000000010011010110100111000110
01110000110110010111101111010101
00000000011000100111100101110101
00111101110011100101100000100000
00000000011001110101010111011001
00100100011011001110011111100001
00000000011110010100111111000101
10111101000010110100001011111010
00000000010001001110000010010001
10111000000011100010011101101000
00000000010000001001010011110000
00001000011010010110101001000011
00000000011110000011000010111000
10001010111001011111111111100011
00000000001001111001101101100100
10111110111001010000011000001111
00000000001111111010110000101010
00011011111111011000111110000100
00000000010011100000110111101100
10000010010001100001111010100010
00000000001100110101001001100000
10000111001001010001110110100011
00000000010110111011001000011101
01011111110010111111010010101100
00000000001110100100000000001010
10000101100100011100101001000010
00000000001101000111001010111000
11011000110101100101101101000111
00000000011001100100100010100000
01000101101000000011000010011111
00000000010010000111101110101001
01011000110010110100110010001100
00000000010001001111011100111101
01110001010001110000100001100111
00000000010101100010001000001000
10010011000101110101000010001101
00000000000111110010010100110100
01101000110011000000000111100110
00000000000110111001110101110010
10010010011101001110100011101110
00000000000001100001111110101001
11110110101010001101000111011110
00000000011101100100000110100101
10101001011000101101000010111001
00000000000001111010101110011010
11101110010111101011000101010101
00000000010000111110110111101110
00011111101100000111111111001111
00000000010111101011100101110111
11111111011011101101011100100111
00000000011000011010001001011101
00101100101110110011011110000010
00000000011100100000110000010111
10101000110111010101111110000111
00000000001100101100000101010011
01101000100101111011001010100100
00000000000100010111011110000000
00110100000011101101001011001000
00000000001111001001010111010000
11101110010110001011100110011010
00000000001111111100101000100101
10011010010000100010001000001000
00000000011100110011000000101010
00110101011000101110111001110010
00000000011111011110111101110001
01100101010010010001000111100101
00000000010101100000001100110001
00001100100101101100101001001000
00000000001010010011100011010001
01111010001011111110110101011000
00000000000010110111011100110011
11111100010000001110100010101100
00000000001111011110010001001101
10111101111101000111110100111110
00000000011110100110111001010111
00010001001101000000110100101110
00000000011101010000111011100110
10111110110110001001000111000000
00000000010111110010000101001101
10001011000010001000110001000011
00000000001110100100101010110001
00000011011100100110011011100000
00000000001111000111000101011000
01101110001011110101000100110101
00000000000000100010111111001001
00000001000001110100010100111001
00000000011001100001001010001001
00100111010010010000110100110110
00000000001110110111110000000000
01100010000111100000010110100101
00000000011011000010111110111011
01110110111011111010111001010100
00000000010001100101011010111011
01010101001110011000001001000100
00000000001010110101011110011011
10000001011011100011001110100111
00000000001101111101001001001011
11000110101000110010111011100011
00000000001001101010000011011000
10110000100101110011100101000011
00000000010010000100110010001000
01011000110001111001011010111000
00000000011111010011101000111111
11000100100100010001010111110111
00000000000110010110111101110110
00101101111110000111100111010100
00000000000001100001100010110011
11110101010010100110001110101100
00000000000010000100011111001101
10000100101011001100111010000110
00000000011111001000010100111111
11110001011010011110110111010110
00000000000100111101100110011011
00111011010001011001100100001101
00000000011010001111010010111111
11010001010010001101110010010101
00000000000010001011111011000001
00001110001100111111111000001000
00000000001101100101011001111010
00111000100001011011011110111101
00000000001101000010100101101000
00101101100000111010111101110111
00000000010001011001110100001101
01110011010010100101110111101000
00000000011100100111110001100111
01000011010100011000011000000001
00000000001111100110110101110010
10000001000111010101010011111100
00000000001101110111110010010100
11101111110101011000011010011011
00000000011000001001011100111000
11101111111110010011111100000110
00000000001110010111100100110001
11011111001000111101111010110110
00000000010101110101100000010100
00010001001111100010100110101010
00000000000011000100100010101010
00010110101011111111000010111011
00000000011001000011111010010001
01010010000011011000000110100001
00000000010011110111111101011110
10001100000111001011111111001100
00000000010011101001001101101000
00010100100010000100111011111101
00000000000011110010101001110010
10010010000111111000001000011111
00000000010011011010001011101111
10110000011000100011110100101010
00000000000100101110011111111001
00001011010010101011111010010001
00000000010010100011010000011011
10110001000100110000010110001100
00000000010011011011110000101101
01110010101100110101011111101000
00000000010000110011010100011111
01011100000110101111100000111111
00000000011000101111001010100110
01010110101111110010100010110011
00000000000000001111100110001111
10110000011110000010000111011001
00000000001001101110101110001100
10010110000010101010100100101110
00000000010111011111110011011100
10110101111001010010111011000111
00000000000001001110100110001101
00101100010000100000011101111110
00000000001110010110111110001101
00001001100010011111100111001110
00000000010110111111110100001010
10001000011000000011001000010110
00000000011100100010010011000010
00101011011100010110000111001010
00000000011000111111011011110101
01111101001100010000100110011001
00000000000000001011001010010011
11010011110011101011000001001001
00000000011010001101010011100000
11110111011011011011001111111000
00000000010111101000111001000000
10011111010111110101100100111000
00000000001011010011100000110011
10011111101101011101010101000101
00000000001110100101001001110110
10001101000100010010011111010110
00000000000100010000010110110001
01100001100110001100000011010101
00000000010100011110101101101001
01010000001100101000100011001001
00000000000111111010000101111011
10101001100000010110001111110010
00000000000010001101001101010111
01001011001000100000000010000101
00000000011101100110010000111100
11000100100110110101101111001011
00000000000101110101110010000110
10011101110100011001111100101101
00000000000100100010000100000101
11101011011100110101101110010000
00000000010010101111010010111100
11010111101001100011101001100101
00000000010110001100001000010110
11010011010110110001111100000101
00000000010100101011111101110011
11011000100110101111000001101010
00000000000100100011000111110100
01111000000001110010111011100001
00000000000011011001010000101011
10000011110001001100101101100010
00000000001100100100101101001100
10011001000100111100101100101000
00000000011011100010100110000001
10100111111010110101110001101110
00000000000001001101111010111000
00011001010010101001010111000100
00000000011000101110100111111101
11000001000101001110010000110111
00000000011001001110100110100100
11001101001101110100110001011011
00000000011100100101011101110100
11101110101010001001000011101101
00000000010110000111100111001111
00111101101110111100110100110110
00000000011010010100110010101110
11110111011011101010001011001011
00000000010000111100100100011000
11010101100000100011100100001110
00000000010111000101101011111101
01101101000010011010110010000101
00000000010110000110110110100101
01000101111111000010001011001001
00000000010011110011100101010111
11110100100100110101111100011100
00000000010011100011100100010101
11010111101110101010001100101110
00000000011001100111001110010001
00110011010111011011101000101001
00000000000100101011000001011101
11001011011101010100000101101000
00000000000001111001111100000100
11110100110100111010011111100011
00000000011000001111000011000011
10001000111101101110000010110110
00000000000110000110011011101111
10000001110111110101010100100111
00000000010000101010100010110101
11101001000000110010010010110000
00000000010001010101101010011000
00001100001110110010111111101110
00000000000110010001111100101110
00011001100101000001000101111100
00000000000110001001011000001010
01011011001000011011010011011101
00000000011001101001010011111001
00000011001111100011100000011100
00000000010010010110001011110110
11001000111111100110111001111000
00000000010000001011000111101011
01101000011100101101111101110001
00000000001000010111000100010100
11010100100111011010111011110111
00000000001011010101100110111110
01000110101111011011101011111001
00000000010101011010101001100101
01100101110100011101110011110001
00000000001010001001100101110101
01110011001111110100111010010101
00000000001011100110010000011010
10110101000000100110010111100001
00000000000000100000111111011100
10111101100111000001001001001101
00000000000101111100111100010011
11000011010100111010110000101110
00000000001110010101110110001000
10010011110000101110100000110101
00000000000111100100111100011111
11001011000110001110110001001100
00000000001111100110110010000001
00101111000010011001011000101010
00000000001100010101111000001100
10100011101000011000101001101010
00000000000001010101101111100000
00000010010000000001011011011111
00000000000100000101111101000010
11111101000101010011001011110000
00000000001101011111100110011110
10011000101010000001010110010111
00000000010010001110101111110100
01000101011011001011001100100100
00000000000011111010011011101011
10101101110101010011101100001110
00000000010010010000010001000010
00001000011101010111000001011100
00000000011011110101000011111001
10011110100000001101011000010111
00000000010100110000101111101011
10001001100111001010000110101010
00000000010000111010101101111010
00100010001001000110011011001100
00000000011101011001001101100001
10000010011000000111010101110111
00000000000111000101011011000110
11111011010011010010110000111100
00000000001010010001100111010110
11011101100110100011001011011110
00000000010001011100101111111000
11001100010011101100011010100101
00000000000010000001010100010110
01100111011111000011001111101001
00000000000111011111001111000111
10111100100100011000110001000100
00000000001011101101111010000111
01000101010000010111011110011001
00000000011110000111001011100110
01101100101011010000010011000001
00000000000110001100001111100101
11110100000111100101010001010010
00000000001100111111101010110001
11011110010001101110110001010101
00000000000111110010001000110001
00001000000011010101001010101101
00000000000110101101111011000101
11111000101001100001111010011110
00000000001111110001011010101000
11101000010110010100110111110000
00000000011011010111100110011001
01010101111100111111101110010110
00000000010101010011111000100100
00010001100000010000011010111000
00000000001011000000111001110001
11110011110110101001111011110101
00000000011101100101101001100010
10110010001101011011100011010111
00000000010110100011110110011100
10101000110110000100001111100110
00000000010010001001100100001010
11111000100011101000110011111110
00000000000001110001100110011001
00011111000001001101011111101100
00000000001010011100010000011000
11100000101110101110100101110010
00000000000011111010100110010001
01110101010111001001011010100111
00000000010110110000010100001010
00011000100000010111010001001001
00000000011100101011100001001001
00001101000111001011001001011001
00000000001000011010001101111101
10000010101011000000110001101000
00000000000010001011101101010000
00110110110100101111110001110110
00000000000001010110011000010111
10001011110100101101110011000001
00000000000111000100100001110111
01000001101101011010101001110011
00000000001000101100001110111110
01001111011111101011010110100110
00000000001101101110101111100100
00011110101011010110110110011101
00000000000011100110011101110101
00001000110110111000011011010001
00000000010100110001111001011010
00011111100100100111110100011100
00000000001010000100001101000111
10000110110111011010000000010101
00000000010101010111011011111101
11011000101010111010110001010010
00000000000011100110110010011101
11001100101001110011111111100110
00000000010101000101111001110101
10101111001110010101101001111100
00000000010001110010011011010001
10110010100110000100000001000101
00000000011011000011100000010000
00101000111111110010010011101011
00000000010101111101101001001100
00101011001101111010011100111101
00000000010001010011011111100110
11000110111100011101000010010101
00000000010101101011110011011101
01100000110000111110110000111111
00000000011001001110000110111000
10011000111010010101110011010000
00000000011011111101110111011000
11100011010011000110010011010011
00000000011010011101011100111011
01101100100111011001101110110001
00000000001011101111011100100000
10001111101001010010100111100010
00000000011101101110111010100100
10010111100101001011111101011100
00000000010110110100010110100110
01110001010110101100111010001000
00000000011001111100110010011001
01110010101001101001010000111010
00000000001101111001010000000111
10001001001110110000010001000010
00000000000001010100001100111011
10011101111101101100001100001101
00000000001111111111100010010110
00000010110000101110010101010100
00000000011001110010011010100001
01001111111010111110001111010110
00000000010111101100110100001110
10011010011000111100111100100001
00000000010100001101011110011111
01111001010010001110001000010111
00000000010110100110000101001010
10100111110101011101100101011111
00000000010011010001101011110011
10100101101001011010001000111111
00000000011001011011010010101101
01100111100011111110100100001111
00000000001110000110100011101011
00010001100110000111100100011100
00000000011001000000000100010010
11000000110001101001101101011000
00000000010000000000000001010000
10111000001110101010100110000111
00000000010100100101000110100100
11011010100110101101101000101101
00000000011010010000010010101110
10101001110000010010000100101000
00000000010111100001010111111001
01000000101111011001101100110101
00000000001010100011010101100000
11000110100111101110101010101100
00000000000100010100101111010010
10110101000010100110110011001101
00000000010000100011111101011011
01000110000001100000101011011010
00000000001010100000110001100111
01010100001101111110111000101000
00000000001000000100100111001111
10011010101011001111101000000000
00000000000011000001111001111110
01001110111101011001100110000111
00000000010011010000001010011100
11011110111110000010010010110010
00000000001110011010000101101110
10010111101111000000010010011100
00000000011001010100010110110000
01000110010011001001000010110111
00000000000111110001101100111100
01101101000110110000111010011010
00000000001001011100010110000101
10011001001110011110001011010101
00000000000010101000100000001000
10101101000001010101110110110111
00000000000100001000100110111010
00011010100110010101001001111110
00000000011010111110111010100001
00110010010010011010100110000001
00000000000011110000010011100010
00010100111110101111000110001010
00000000011110101111100101010001
00011101000001001101110100101110
00000000011001100010000001100111
11001110000001010001111011101101
00000000001001111000011010110000
11011001111000001001100000111100
00000000000001110100101100000000
11001000111001100101010010001110
00000000010110011111111001110001
10010001010010111111001001110011
00000000011111111100000101000010
00011010110001010111111000011000
00000000001111010000110110100110
10101111111001101111101100100010
00000000000101101100100111111101
11011010111110110011001110010010
00000000010100111001001001111100
11001100101011000000110000001111
00000000000011000000011100011011
01100001010100000010101000101010
00000000000110101111001111111000
11000001011011001100100011011000
00000000001010010010111111111010
00010000000001111101100001111001
00000000000110001011101000000000
10100010000111100010111010011111
00000000001101101010110110010110
01100111000000111011101011101100
00000000000111001000110011101001
00100001001000101000100100000010
00000000000010111000010010101011
10010001010011001001000110011011
00000000010100011111110100101000
01100110010010000111011010000000
00000000010000011010110111101101
11010111111001101000000000001111
00000000001101011100111101000111
10010110010011001010110100110000
00000000010100101110111011011001
00100001110001110001010010011001
00000000010110101110111011110101
00000010100011101110101001101111
00000000010010100011010010110100
01100000110001011100101001010111
00000000000011010101010000001011
11010000100001111011111111010010
00000000001001101010000000111100
10110101100111110111001010010010
00000000011000100001000010001101
10110011101101101110000101011111
00000000000001000010101001011001
01010001011001001110001000101101
00000000001101001110111101110101
00101101101011111110001110001111
00000000011110101011100000110000
11000110011110110101100110111100
00000000001111001010010101110100
01101000100001101010011100010011
00000000000010111010101011101010
00001000011010100100100101000010
00000000000101011110010110101110
11000111001011100110000110010101
00000000011110010001100010111101
10101010100010101111001010100101
00000000000000101011100100110001
10001101101101101101001000000100
00000000001010001001011011001000
01100100001011001001100010100101
00000000010111111001100011011101
01000101000001010010001110011101
00000000001000111100001101101101
11011011110010110010111111111011
00000000001110010111000011101000
11000001110111011110011000010110
00000000000100000101110100001000
00111101101101110011010000101101
00000000001000100111111101100010
10010010010100011001010001001111
00000000011110101000000110101100
01001111010110001101011110101000
00000000010000011011010000011110
10001110001100010001011100101110
00000000011100101110110110010110
10101000000011001011100000000110
00000000010000111110000100110101
00101111011111010000001111001101
00000000000010011010101011110010
10101010011011011001010100111010
00000000000100111010011000101011
01001111110000100000000011100111
00000000011111011100011101110000
10110110011011110010100110101110
00000000010111010101001010111100
01101100001110111001000010111001
00000000001011111111001010110011
01111100011100010101101100011111
00000000001001001110001101010010
11011111011101001010110011010110
00000000011011101111010101011100
01100110101101011000101010001000
00000000011100000001000001011110
00111000100001001011110101110001
00000000010000110111111001001110
00011100101101110110101101001101
00000000010100111001111101110110
11110010111011000000000010000111
00000000000111010101010100010001
11101100010010101010011100001111
00000000001100000100110000110100
01011011100110000100100001100110
00000000001111111011010011010100
00001110001011111101000101111111
00000000011000011011110111101010
00111001110011001100101100011111
00000000010000110101111110001101
10000001100001000010111111111101
00000000010111111111111101010100
01001110101110100010001001001111
00000000010110010101000001011100
00110111101110010000010000110011
00000000011001010100110000100000
11110010001010111011010100110010
00000000000111010101001011110100
10000000001011011000110010001011
00000000001101010111111011000111
10011000110100000101101110001100
00000000010011110000110000001011
01011101001000011100010010111101
00000000011100110010110010100111
10011100100111000001000000011010
00000000000001101101111000110001
11011111010111010110101111000010
00000000001100010111011000011010
11010010100101010011001101000000
00000000001110001110100011101001
01010011101111011111111111111111
00000000011101000101011110011101
00110111111101101100111111011001
00000000001100110010100101100101
00101010000110011011111111101110
00000000011101001010011101111110
00000100011000011111100101100100
00000000001001011001111100110111
00011001100000111101001111001011
00000000011100101111100001110100
01010101110111101010001111110010
00000000011111111111000110010010
00110111101101100010001110111010
00000000001010001000000010010011
00000001010011011111110100011110
00000000000101000100100100010011
11000100101001100110100011010010
00000000000100001000000001110111
01101010010010001011011011000110
00000000000010101000100110110000
00101000101111000111110000010011
00000000000101100000000001000100
00100011101000110111100001111010
00000000011110001001011100100101
10011100001001011111100111000111
00000000001100100011000110101010
10001011100110000101110110110111
00000000001011000110101011110110
11011110111010111011100101001110
00000000000100010000000010000001
01111111001011011100010100101111
00000000001001101110111101101011
01010110110010101000101000100111
00000000011000111010010100110001
11001100010101010111000011010000
00000000011000110100011110001001
10101101001110001100001010110101
00000000000101101101011010000011
00000010111000001000100001110101
00000000000010000101110010010101
00101110111111111011000101110010
00000000011011010110000000011110
00111110101001010001101001010001
00000000000000011010001001101101
11101100000000010100000000111110
00000000000000110001101110100110
01000001000010011000110010111101
00000000010100010010001001100000
00101000100000110110111001001100
00000000000001001001101111100111
00110001001000111101000101101101
00000000001000101001001111110001
00000011010100111100011110100101
00000000011001010100100101010100
10111100010011110011010010110000
00000000001111000000100000010111
10100110000100111110010101011010
00000000001000111010101101011101
11001111111001101001101101010001
00000000000001111000011011011110
10110101101000011101100110101011
00000000000111010011101001100110
10101111111011010110110101110011
00000000010000001000110011101011
10010100011001111010010010001001
00000000001100011111101010010111
01001110000110110110010101100000
00000000001001000111001000111001
10100010110111000100101001001001
00000000011110100111000011110100
10010000100100010100110100110010
00000000010101000111111000010101
00101110001100011100110000100000
00000000011011101001101001000100
01001111101100101101011111000101
00000000001111111000111110101110
01111001110001110000011011111110
00000000001100101111011111001111
11101100000010001000100100010100
00000000000110110111001111111100
10100000110011101111001110000111
00000000011110011100000101001111
00101010100110100110110111111100
00000000001000111010110011011110
00011110110001110111000011110011
00000000001011101011110010010110
00101111000010111111011011111110
00000000000011100000011101011100
11111101100100100110111111100101
00000000001011101011011001010011
00001010001001010010100110100101
00000000001110101110101110011110
10010001011100110010110011111011
00000000010101001101101100011101
10000011010100011101011011011101
00000000001000011101111101110110
10100110110101001001010010110111
00000000000000110010101001011111
11001010101110111101010001110001
00000000011011010000000000000000
01111100100011010111100011011100
00000000011011000000001001111110
11101010110001011010000100000011
00000000001101011011101100101011
11100010101001000001111010000001
00000000001010011000110110111100
10110010000010010111011001011001
00000000000101011111110101001011
01111001000111010001111110000010
00000000011101101011111110010111
01100010110101010011101001000010
00000000001001111101010101011110
10011000111011110011011111011010
00000000010111001111000101110100
11111100100101000010110111000100
00000000011011001111001100001011
11011111011000110011001111010011
00000000011100000111111010010001
10111100100001100110011101010101
00000000000110011000001100101111
00100011001100010011000110101111
00000000010011100011101111001011
00100001001011011100110101100101
00000000000101001011010101110110
10011101100000111010001110101011
00000000000000111100001100101110
10011100000110001100111111010111
00000000010110010111001010100010
10010000011100010100111100011100
00000000001001010101111011111000
11001010100010001001000101101011
00000000011001011111100010111001
10010000010111010001010000110001
00000000011101101100100001101110
10100111011110000101010001101001
00000000011011011101011000111111
11010111110100000111000000101111
00000000011110101111011000110011
01100000100111101111101100111011
00000000011000011010110000100000
11010110110101111000100001110101
00000000011100111010001001111011
10010100001010111010100101110011
00000000001011110001110010101111
01000001011011100010001010001000
00000000011001001101001111100111
10000010101111011011000110000001
00000000001111001001111100101011
00110101011110011010100110100011
00000000010000010100110000100011
11011000110010100000101010010101
00000000010000000110110010001010
10110110111011000110001000011001
00000000011110000011011010011111
01110000010000000110000100011001
00000000000000100011101011101010
10101110110100101100111110001101
00000000010111001001010011111011
01101010011111110001010000001111
00000000000011111110100001000111
10101001001111110010100000001111
00000000000011110110110011010110
11110011101000100110111011101011
00000000011011111010111111101011
11110001110011011110010010011110
00000000011110110111110111110101
11010011011010011100101000000110
00000000000010110101101010011101
11110001010100111111011111111100
00000000000010110000101100110110
00100101010001111100001000100110
00000000000111000100101011011110
10011011000111110011000110001011
00000000001001001011100000001111
01011110111010001011101001000000
00000000000001110010101100001000
00111111011110101010101110011001
00000000001000011100101001001110
10110101101111001011011101101011
00000000010110000100111101101101
00110101100111000010101110101101
00000000011011100111101100100100
00011010110111110110100011000101
00000000001010111101010101100001
11001101111001111000100001110000
00000000011110100000000100010100
00000110001101011010011100010000
00000000011110011010011011011100
10000111000011110000000110000000
00000000010111100100000011111001
11001100001000111011101010010101
00000000010100101010000101111101
00001111001100001000100101100010
00000000001100110110010001110101
01010100000100110110001111011111
00000000011011010011001100111001
01010001111110010110001101010101
00000000011110001110100000100110
00011110011011110111001110000000
00000000000000100100011010101011
01110011001001101101111000011000
00000000010011011110000000000110
00111111101011100101000110010101
00000000001001010001010000101100
00110010011011111011100101101001
00000000001001101111000011011000
01111010111001011110010111100100
00000000000011111011111010011100
10011000100011100010011001001110
00000000010110101011010111000110
00000101011110111111010100111110
00000000010010000110100010111111
00100110101110011011101010110001
00000000001010100000001011011011
00001100101110010000000101100011
00000000010010110101100110000010
11011000110011110010111000101100
00000000011011110011010011111001
11101111011100111110111001001010
00000000011000111101000001101100
00101100010000011111011000010000
00000000010100110000010101010001
00000001111001100001000101000001
00000000010011100111101000000101
10001011001100000010001111001011
00000000010010011011001111101010
11111000010101100111011101101011
00000000000100000100100011110100
10000001010011000101100010011101
00000000001110100110000011110010
10101000100010010000111101000010
00000000001101010010011101011110
10100011111000000100111101100010
00000000001001010000110100110111
11100000010100111010010101110001
00000000010110100011110010010100
11010010001100100111001001110000
00000000001100010001101101011111
01000100010110011001011101011010
00000000011010001111100011101101
11100110101000111111111110010000
00000000011100000011101000101101
00111011101100011110100101110011
00000000001011011111100110000111
11010101000110001101111100111110
00000000000111001101001101110101
01111011110011011011001001110110
00000000011000101001010110111111
10010111011010111000111000110111
00000000001001001101110100100111
11100011010000111010111001001101
00000000010000101111100100010011
10100101110001101101000001101010
00000000011111000111011001010010
00000011110100000000000111101111
00000000000110110110100110100101
01001010100000101111111110101101
00000000001111100111100001111011
01101101101100100001111001101010
00000000000011101101000101101101
10010010101001000001000111110001
00000000000010100111001000011001
01010110000001110010110011111110
00000000001011110000100110101011
00110111011001111101011100011100
00000000001011010001001010011111
00011001110100001100000011000010
00000000011111101001101010100110
00101000010111000011111010111010
00000000000100000000100010010010
11100000001001101010111000001011
00000000000001100000110000011101
01101001010101001110010110011100
00000000011010011111110010001110
00001010110111101010000010110111
00000000011011101000100110110111
01101111001001010101111011110111
00000000010010101100000011000110
01100000111110010001100110101000
00000000001101010011000011000000
01001100000001001001001101100111
00000000010000011111000011101110
00110111011011100110111100001100
00000000010011100110001111001011
10010110011111100010101110101101
00000000011000101010011101111111
10000000111000110101011100100010
00000000000110100110100010110101
00001110100101001101010111101100
00000000010100011101111011000000
01111111000011111011101101111110
00000000010110101010101110000111
11110111011111000001101101011110
00000000011111001001111100010010
11011000011011011101110110000110
00000000001110001010010110000011
11011100001110001111110001101010
00000000001001100101100110110011
10111111111011111100000011011000
00000000010110010101110010101100
11001001000011101110010010001100
00000000010011001000000000011111
01011101000011111101111000001100
00000000011000110001011111011100
00011000010110000110111001011000
00000000011110111010101000001111
01010011101111110100100100011000
00000000000010011101010011111101
00001011110110111001000110101110
00000000001001100111110011000110
01010010101101011010110111111100
00000000010111001110110000001001
11000001010001110010100010000011
00000000000010000101111100111110
00101001111010001000111001001111
00000000011000100100000011101010
01001100101001100100010100101111
00000000010000111011101010000111
10101110111110010001001000001100
00000000010101111100010100000001
01000011001000001100001110111111
00000000001111001001011001011100
10000111010010110011011111000011
00000000011010000001111111101010
10010110110011101110000110100111
00000000010011111100011101010010
00010111011000100110111110000110
00000000001010011011001001001110
11100010111100100000111100001110
00000000011000000111111001001010
01001110111001101101100000100001
00000000000110011010010110001111
00001100010111100101100010100111
00000000001010001101010111000001
10111000001100111011110111111001
00000000011010001110000000000001
01010011011111100010000111101001
00000000001100000100111100010010
01001110011001110000100011011111
00000000011010110010001000001111
10110011101111010110100010010110
00000000010000101110111101110011
11010111011110000110111101101010
00000000000110111110000010101110
11011010111010111010100111100111
00000000011001001110100011011000
00010100100001010101110001110110
00000000011010001111000011110100
11011001101001010101010001001110
00000000001011000101110000111001
10100101111100100101110011010111
00000000000111111110010010101101
11100010101110011110010001110100
00000000001000100110010110101111
00110101101011011100110100110101
00000000011011010111111110110100
11001101001101110001111001100110
00000000000001110001011100101111
01011110111110011000011000111111
00000000001011010100000000101001
11000111101111010010100100110011
00000000001000110111100111011010
10001100001001000101100101100010
00000000011001100010111011100010
10111110001011011000100110010111
00000000011110111111011011001110
11000010000100010010110100000100
00000000001010001100110100100110
11101100100111010010100001111110
00000000001101101100101000111110
00001010110111111011110010110001
00000000001101100100110111010011
11001101110010111111010101001100
00000000011011000001001101011110
11111001001011110001001000001110
00000000001010111001011111101000
11110000000010010010101011110000
00000000010100100100111001110110
01101100111011000011111101111101
