01111111110000000000000000010011
01111111110000000000000000010011
01111111110000000000000000010011
11011011000000000010110000000011
00000001001110000000010010110011
10100001110111110001101111010011
11100000000000110000011011010011
01100010100000000010110000100111
00000000001001011101010000110011
01011110110000000000000010010011
01000000111111011000111110110011
01100010110000000010111010000011
00111110111100000010101000100011
01000101001100000010000000100011
00000001000010111001101010110011
00000001110111110000111011010011
10100000101111001001111011010011
10100000001110000001110001010011
10110111000100000010111000100111
01110110111100000010010000100111
01000000101011001000100010110011
00101001110000000000111000010011
00000000010110101000110100110011
11100000000001010000001011010011
10100000111110011001110111010011
00100011110100000010100000100111
10011111100000000010000110000011
00000000000010111000010001010011
00001000111111010000101011010011
00000001011011101101001000110011
00000001001101001001101110110011
10001110110100000010000000100111
00000000111110010010110010110011
11100000000000000000001101010011
11111010010100000010011000100011
11101011100000000010010110000011
00000001100111100000010110110011
01100011111000000010001000100111
01000001101001101000010000110011
00000001000101100010010110110011
00000001010110110001010000110011
10100000010000010001000111010011
00000000001000100000101100110011
00000000000111101010100000110011
01000000000110111000011110110011
00001001101110110000101001010011
11100000000000011000011111010011
00110000010000000010100100000111
01111011100000000010001110000011
11100000000011011000110111010011
00111111110000000010011010000111
00000001001001110101111010110011
10100000011110101001011001010011
10110101100000000010111010000111
10100000100101100001101011010011
11001010001000000010101000100111
10111111110000000010011110000111
00000001000100011101001110110011
00000001000000011101000010110011
00000000000001011000001010110011
00110010110000000000001110010011
11100000000011001000100111010011
11100000000001000000111011010011
00000001000011011010111110110011
10110000010000000010101100000011
00000000000011010010000100110011
11010101010100000010111000100011
01000001000100101000001010110011
00001000011010000000100111010011
00000001100111101010110000110011
00001000100111011000100101010011
11100000000001111000101101010011
00010101000100000010100000100011
00000001101011110010010010110011
01001100100000000010010100000011
00000000000000101101011000110011
00000000001000110001101000110011
00000001000001010010100100110011
00000000110101101101011010110011
11001101000000000010110000000111
10100000010100101001000011010011
00000001111110111101001100110011
00000000010110011000111001010011
11100000000000100000011111010011
00100011110000000000110000010011
00000001010100101101011110110011
11000000111100000010111000100011
00000001101010111101111110110011
01111001000100000010101000100011
01000001100010110000010100110011
01000000111111110000011100110011
00001001011110000000010011010011
00000000110000010101101110110011
11100000000010000000011001010011
10100000110111011001011111010011
00000001010000000101001110110011
00001000110101011000100001010011
00000000110101101000100100110011
10100011000000000010101000100011
01111010101100000010011000100111
00001001010000100000101101010011
10100001001000000010001000100111
11010101010000000010010000000011
10110010000000000010100000100011
00001001100110011000101111010011
11111000100000000010010110000111
00000001010000011101100100110011
00000000001010101101101010110011
11100000010000000010000010000011
11100000000011101000011111010011
00000001111001100101011110110011
11101111100000000000100010010011
00000001000000010010111000110011
11010101000000000010000010000111
00010000110000000010101100000011
01000001100100111000100100110011
00000001101101110101110000110011
11010101010000000010011000100011
00000000011011011001010110110011
01000001001111101000000010110011
00000000110100101000111110110011
00000001101000010010010010110011
01000000010111110000001110110011
00000001101000111000110001010011
00000001111000110101101100110011
00000000001110010101100000110011
10011000110000000000010010010011
00001001101010111000101011010011
00000000111111111101010100110011
10100000000100010001000111010011
00000000101110000010000100110011
10100000001101100001110111010011
00000001010001001010101100110011
00000001101111100000110111010011
11100000000011010000001101010011
00001001000000000010110110000111
00000000110011110101100000110011
00001000100111110000101111010011
11101110000000000010111000000111
00000000001111001101110110110011
00000000000001101001001100110011
10100000001100101001001001010011
01000000100100101000001100110011
10011110000100000010110000100011
11001110000000000010100100000011
00000001101001101101100010110011
11010011011000000010010000100011
11100000000010000000010101010011
00000000100111010010111100110011
00000001000011001000001011010011
00000001010111101000110011010011
01000001101000100000011010110011
11010000010000000000010100010011
00000001110100000000000100110011
00000000111000000010101000110011
10111001000000000010111000100111
11101111100000000010100000100011
00000001111101011001100100110011
00000001110010011000100101010011
11100000000011100000000101010011
10100001010100110001110011010011
11001011010000000010001110000011
00001001010100000000010101010011
10110001010000000000001100010011
11100011100000000010010110000111
01101101110000000000000110010011
00010011000000000010100100000011
11101000001100000010011000100111
01000000110000000000010010110011
10100001110111100001101101010011
11100000000000110000101111010011
01000001100101100000110000110011
10100001100011100001011001010011
01000001100001001000000010110011
00000110010100000010001000100111
10100000010111000001101101010011
11000001111100000010100000100111
00001000110101000000111011010011
00000000011010111101100000110011
10100000110010000001111011010011
01010011100000000010001010000011
00111011110000000000001000010011
00000000001001110000100001010011
01111001110000000000010100010011
10111000010000000010001010000011
01011010110000000010010010000011
10100001100010101001111101010011
00011111011100000010101000100111
11100000000000100000011001010011
10100000000000000001100001010011
11111100010000000010011100000111
00001000000010101000100001010011
10100001101101111001100101010011
10100000101011101001011011010011
10100001000111110001101101010011
00000000100001110001001010110011
00000001010100000000011100110011
01011111100000000010100000100011
11000010100000000010001000100011
00000001000000000000110100110011
00100100100000000010011000100111
10110111101100000010101000100111
00000000101111010001000010110011
11100000000001000000010101010011
11001101110000000010101010000011
01000001001111011000010110110011
00000001110110100000001010110011
01111101001100000010001000100011
01001101011000000010011000100111
11100000000011010000001101010011
00000000110000000010111110110011
00000000110110000000111000110011
00000001100011010000101111010011
11100000000011111000100011010011
01011101000000000010011000100111
01000001010100111000000100110011
00111100111000000010011000100111
10110111111000000010010000100011
00000000111110001001111110110011
11100000000001001000111001010011
00000001010011010010001000110011
11111101010100000010011000100111
11100000000011100000100111010011
10110101000000000010100010000111
00000001010111100010111100110011
01110001110000000000101000010011
00000001010011110000010110110011
11100000000010101000110011010011
00001001011011010000101101010011
01000001110000000010010000100111
01000000100100010000010110110011
11011110110000000010001110000011
00000000100000000000110010110011
00001110100000000000011010010011
10001100110100000010001000100111
00000000011000001000011110110011
01000000111010111000101110110011
11100000000011110000100001010011
10100000001101111001100101010011
00000001111111100000101100110011
00000111011100000010011000100011
00110000111000000010110000100011
00100011010000000010110100000011
10100001100101011001101001010011
11100000000010000000101001010011
11100000000001100000110001010011
11100000000000111000110101010011
00000000101010111000101100110011
01000000101100100000100110110011
10011000100000000010111100000111
10100000110010111001010101010011
01100110110000000000000100010011
01000000000111001000001100110011
11011011010000000010101000000111
00000000100110001101111110110011
01011111011100000010000000100111
00000001010000110000111010110011
00000001110110111000001100110011
01011110011100000010000000100111
00000000110110100000000010110011
01000000101001111000001000110011
10100000111110111001011101010011
00000000111010110001101110110011
11100000000000101000010001010011
00000000101111000000111101010011
00001001110000000010111110000011
00000001110011010000001010110011
10011100101000000010010000100111
11011001100000000010110000000111
00011000111100000010100000100111
00000000101111101010110110110011
11100110111100000010011000100111
01110011010100000010100000100111
10100000001110110001001101010011
00000000011011010000001010110011
00001001111100011000111101010011
01000001111010011000011000110011
00000001000110011000101101010011
00000000101111011101001000110011
11010110010000000000011010010011
01010001110000000010100000100011
01100011000100000010001000100111
00000101000000000010001010000111
00000000111100010010101100110011
11111111000000000010001000100111
11100000000001010000100111010011
00000000111010111000011110110011
00000000111110001010010000110011
11001100010100000010010000100111
10110000000000000010101110000111
00000001011101111000001000110011
10110100110000000010000110000111
00000000111010010001110010110011
11010011010000000010010000100111
11110001000000000010011110000111
00000001010110001001110010110011
00000000011011110010111100110011
11100000000011011000100011010011
01111010111100000010101000100011
00000000010010011001001000110011
01001100111000000010000000100011
10000010001000000010010000100011
00000000010101110001100110110011
01000000110010001000111000110011
00000000011000110000000111010011
00111011010000000010011000100111
00000001110000111101010100110011
00000000101111001001001110110011
00000000000000110000100001010011
00001001101100101000001101010011
00010101111100000010111000100111
10100001000101001001101101010011
01000001111010101000100010110011
00000111010000000010010010000011
11100000000000110000110111010011
10100000111001000001010011010011
10011110101000000010101000100111
10111100100000000010000100000111
00000000100000011000001010110011
01011111100000000010011010000111
00000000011011010000111011010011
00000001011110110010110010110011
00001001101010011000100101010011
00000000100001101010100100110011
00001001000011001000101101010011
01000000100111100000110000110011
00001001111111000000001001010011
00000001110111010000111011010011
00000000001010110000010010110011
01011011100000000010010110000011
00000000011110100000010111010011
00110110010000000010010000000011
00000001110001101000011110110011
01000001000111001000011010110011
11110011110100000010100000100011
10100001010100000010110000100011
01001010000000000010001010000011
00000000100000111101010000110011
01010100101100000010010000100011
10100001110000111001010111010011
11100000000010010000100101010011
00000001011000101000001001010011
00000001101101101101001110110011
00000000001101001010011010110011
01000000000100111000101100110011
00000001001111010000110111010011
10100001111011111001100111010011
00000001011001100000101101010011
00000000101010101000010000110011
01110100010000000010000110000011
01001111010000000000111000010011
10100001100100010001111101010011
01001000010000000010101000000011
00000000101010101000101001010011
00011000011000000010001000100111
01000000010000110000011100110011
00000000111101101001001110110011
11101110001000000010110000100011
11010110100000000010110110000011
00000000100101001000110100110011
00001001010000101000111111010011
01000001010001101000011000110011
01101001100000000010010110000011
00000001000111011000001101010011
00000000010011001101011000110011
00000000100100001010100000110011
01001000110000000000001010010011
10011011011100000010001000100111
00000001110010001010011110110011
01000000010010111000010010110011
00000001010000100001000110110011
11010001100000000010110000100111
00001001100010101000101011010011
00000001101101000000111111010011
10100111110000000000100110010011
00000000010101101010010000110011
00001111000000000010010010000111
10111001100000000010001000000011
00000000001000110010110110110011
10100000010001111001010111010011
00110011100000000000100100010011
10011110110100000010010000100011
00000000011101101010111100110011
10110110001100000010001000100011
11100000000000111000100101010011
01100111000000000010001000100011
11110111100000000010101100000011
10100001011101010001111011010011
00010111000000000000000100010011
01000000110100101000100110110011
00000001101000001000000100110011
00001000100110101000000101010011
00010110000000000010101000000111
10010101010000000010100000000011
11110011000000000010100000100111
01101110000000000010100000100011
00000001001001011001101000110011
11100000000010000000111001010011
00000001011100101010111010110011
11100000000011100000100101010011
01100000000000000010001000100111
00000000001101000001010110110011
00001000100000011000100111010011
10010111010000000000010110010011
00000001111011000001011000110011
10011111010000000000101010010011
00001001111100100000110111010011
10001101000000000010011010000111
10100000101010011001010101010011
00000001101111001000001010110011
00000000100000001000001111010011
00000000001111101010110000110011
00000000010001101010011110110011
00010001010000000010100000000011
00000000011110000000010100110011
01100011100000000000101110010011
01000000100011001000010000110011
00000000011101110001010100110011
10100111110100000010111000100111
00000001110111001001111010110011
00000000110000010010010010110011
00010011110000000000101010010011
11100000000011010000100001010011
00000001101110010101101110110011
00000000100100101000100110110011
10010010010000000010111000100011
10100001010110010001111111010011
00001100011100000010101000100011
10100001100111110001110111010011
00010000010000000010001110000111
01000001010110010000101100110011
00000000001111111101011110110011
00000000001011100001100010110011
11110000100000000010111100000111
01000000101001111000111110110011
01001011000000000000001000010011
00001000000011010000100101010011
00000000000000001101110100110011
11100000000011010000101111010011
00000001010100111000110111010011
11000011000000000010111000100111
11110011100000000010100000000011
00110010010000000000100000010011
00001001111100000000111111010011
11100000000000111000110011010011
00000001111000101000101101010011
10110010110000000000001110010011
00000000111000011001111110110011
00001000110000000010000100000111
11100000000010101000011111010011
01000001000100100000000010110011
00000001110010110001101000110011
10101100000000000010001010000011
10110011110000000000011100010011
00000000011000010010111100110011
00000001111111101000011000110011
10100001110100101001000111010011
00001000000000000010011010000111
00000000001111111001110000110011
11110110000100000010000000100011
11000011000000000010011000000111
01000001101000111000000110110011
11000010000000000010100000100011
00000001101001101001100000110011
00000001010000010000010110110011
01011110110000000010101100000011
00000001011110001101010110110011
01000001010011011000111000110011
00000001110000000000100110110011
01111111010000000010000010000011
11000000001000000010111000100111
00000001101100100101011110110011
00000001010100000001010110110011
01001100011000000010110000100011
10100000001000100001110111010011
00000001010101111010101100110011
00000000001110111000111001010011
11100000000000001000010001010011
00000001100010100001110110110011
10100001010010100001011101010011
00000000010110111010100010110011
00001001011101110000011011010011
00001000010000000000100000010011
00000000011100011000001110110011
00000001010011011010001000110011
00011010111000000010001000100011
11110110111000000010000000100111
11100000000011011000010101010011
10110100010000000010010000000011
00000001011101100001111000110011
01011101010000000010111110000011
10100000110000000010111100000011
11100000000010100000101001010011
10100110100000000010000010000011
00001000101000111000101111010011
10001100100000000010011110000111
00000001010000101000110001010011
00001001101001001000100111010011
00000001001011100001100000110011
10100001001001000001100101010011
00001000101011010000100011010011
00001001001011011000010001010011
11100000000010011000000111010011
00110101101000000010111000100011
01000001110110101000010000110011
00000000000010001000001000110011
00010101100000000010100010000011
10011000010100000010010000100011
01000001010010000000110010110011
10100000101000101001011111010011
00110111001000000010111000100111
11011000000000000010001000000111
00111111010100000010110000100111
00000000100110111001110100110011
10111001000000000010100100000011
00000000001000010001100100110011
00000001010011101101000110110011
00000001110010100001000100110011
01000001100011110000011100110011
00000000001110010010011100110011
01010100100000000010010010000011
01000000000001000000010110110011
10100000111110000001011001010011
01000001110100000000111110110011
10100001001111011001011001010011
01000001110110011000000010110011
00001000001000001000000101010011
10100001101010010001111011010011
01111111010000000010110000100011
00000000110111010001111000110011
00000000000001100000101000110011
01000010010100000010101000100111
11011111110000000000001100010011
00000001011011010000010010110011
01000001011101101000101000110011
01010111000000000010100100000011
00000000000001001000101111010011
11100000000001001000110001010011
11001000100000000000101000010011
00000000110001110000001111010011
10111000100000000000001010010011
00011101000000000010011000100011
00000001110100001101000100110011
01001110100000000010110000000111
11001110110000000000010110010011
00000000001111100101010000110011
10101011100000000010111110000011
10000100100000000010011010000011
00000000001100011000100001010011
10111001100100000010010000100011
00000000100010010101010000110011
00101111000000000000001000010011
11111111010000000010000010000011
11111011010000000000010100010011
10100000010111110001100101010011
00000000011011100000011010110011
11101101100000000010010100000011
11100000000010101000001011010011
10001101100000000000011100010011
00000000000101100000011010110011
00000001110110110001010010110011
00000001001111001000011011010011
00010100000000000000110110010011
10100110010000000000001010010011
00000000100001110101011100110011
00000001101111110001111000110011
00000110110000000000001010010011
00110000001000000010001000100111
00000000111001101000011010110011
01000000111010111000010100110011
00000001101111111000110101010011
00001001011001011000001111010011
10100001001100010001011011010011
00000000110000000001110010110011
11100000000010111000011001010011
01000000111100101000100110110011
11010111101000000010110000100011
10111001110000000010110110000011
00000001000111011001011110110011
01001100010000000010011100000111
00000000001000000000001100110011
11100000000001000000010101010011
00000001100001111010100010110011
10100000110000000010011000000111
00001000100011101000110101010011
00011101111000000010111000100111
11100000000001010000001011010011
00001000000101001000000111010011
11010010110000000010101000100111
11100000000000111000101011010011
00111001010000000010011110000011
00000000001111000000001100110011
00000000010110100010100100110011
00001000110111011000111011010011
00000000111000101010110010110011
00000001101100011101001110110011
00000000000110110000111010110011
00000000011001000000001000110011
11100000000001111000111001010011
00000000001010011101111010110011
11100000000011010000000101010011
10111100000000000010100000100011
11100000000010101000110001010011
10100000100010001001011011010011
10100001001100001001100011010011
00000000001010001001110000110011
01001111100000000010110110000011
00000000111000111001100100110011
00110010100000000000110110010011
01101010000000000010000100000111
00000001111110010010010010110011
00000001110001101101111000110011
01000000101101110000001100110011
00011110100100000010101000100111
00001000111000000000111111010011
00000000000111001101001110110011
11100000000011101000011001010011
00001000111000110000010111010011
00000000100011100000111110110011
00000001010100010001111010110011
01000101111100000010110000100011
00000000100001010000011101010011
00100110010000000000111010010011
10100001110011001001100011010011
11100000000010010000100111010011
00101001100000000010001000100011
10100000110100100001101101010011
00000001111110001010010110110011
00000000010110001010010110110011
11100000000010011000101111010011
00001001011010010000100111010011
00011011000000000010011100000111
00001001001110101000100001010011
00000001111101101101111110110011
11100000000000110000101011010011
00000001011000011000000111010011
00001000011101000000011001010011
11100000000000000000100001010011
00000001010111011000100110110011
01000001001001100000011100110011
10101001110000000010101010000011
00000000110101011001001100110011
00000001100001001001111100110011
00000110010000000010111100000011
00000001000010100010110000110011
01000000101011000000101000110011
00000001110101001000010101010011
11100000000011010000001101010011
00000001100000011000111001010011
10101100000000000000011110010011
00001001000101000000100101010011
00000001010011000101101100110011
10001010110000000010000110000011
11100000000001110000100111010011
10001010110000000010011000000111
00000001100110110010100000110011
00000000101001001001001010110011
00000001001100100001010010110011
01111100001100000010101000100111
00000001010001110000101011010011
01000000011001100000001100110011
11100000000000001000001011010011
10100001000110001001101111010011
11010111010000000010011010000111
01000000100001111000001110110011
10100001100001110001100111010011
11001101100000000000110100010011
00000000000110000010010110110011
00000000110001011010100110110011
00000000100000000010110100000011
00001000010001011000100111010011
00000000010100110000011110110011
00000000001111001010100000110011
11000110000100000010101000100011
10111101110000000010010100000111
00000000100110110000111010110011
00001001111110011000010101010011
00000001000000101000100111010011
11100000000011101000011101010011
00000111110000000000010110010011
00000001000010111010101110110011
11010100001000000010001000100011
01110100100000000010110010000011
10101100000000000010001000000111
10100001111101001001001001010011
00000001011100100010000110110011
00000001110100010101000100110011
00110001110100000010001000100011
10100001110100011001001001010011
00000000001011010000101000110011
11101011100000000000110010010011
10100001001110001001001011010011
00000001010111011000011000110011
10100000100011100001001101010011
00000000110001111000000111010011
01001001000000000010001000100011
00000000100111101001000110110011
10100001111111111001010111010011
00000001010010100000010011010011
00000100011100000010011000100111
00000000111101001000000111010011
00000000011010101010101100110011
00000001000010001000101101010011
00000001111001110001101100110011
00000000001100011000100111010011
00000001111101100000110111010011
11000001111000000010111000100111
10100001111001101001010101010011
11100100100000000010111110000011
00000001101100010010111010110011
00001000111101001000111011010011
00000001011100101010101110110011
10001001010000000000100100010011
00110110100000000010000010000111
00000000101010000000010010110011
00000001000111110000101101010011
11110011111100000010010000100111
11100000000000010000010001010011
10000011110000000010101100000111
00000000111111001010011110110011
01010100000000000010010010000111
01000001110001010000001100110011
00000001011010111101001000110011
00000001000001110010011100110011
00001001001011010000011111010011
11001010100000000010101000000011
00000000101011110000110110110011
10001111110000000010110000100111
00000001000111000101010000110011
00001000011010001000000111010011
00000000010100110010100000110011
00000001101101111000011000110011
00000001111010110000000110110011
00101101111100000010010000100111
00101011101000000010011000100011
00000001010000100101000110110011
00000001010001001000001101010011
01101101110000000000001000010011
00000001011000110000110011010011
11100000000001101000111011010011
00000000000100010010001100110011
10010111010000000010011100000011
00000001101010011101100100110011
01011000000000000010001000000111
10100001010000101001011011010011
00000001100001000001111100110011
00000000000000010000110011010011
00000000011111110000010001010011
00001000110000000010011000000111
11100000000000010000001011010011
11100000000010111000100001010011
01100001010000000010101100000111
11100000000000011000111011010011
10010100111100000010101000100011
00000000010110100000111101010011
10101101110000000000010110010011
11110111011100000010010000100111
01011001011100000010101000100111
00011101100000000010011110000111
01000000000011100000110010110011
10110101000000000010100100000111
10010110110000000000011110010011
11100000000010001000111101010011
10100001011001010001000111010011
11100000000011010000001001010011
10100100100000000000001000010011
01101111010000000010100000000011
00111110010000000010000000100111
10010111011100000010011000100011
10100001111010101001001001010011
00000001100111110101011100110011
00000000111001011000111001010011
00001001010000100000111101010011
00000000101001110000110010110011
01000011100100000010101000100011
11100000000001000000000111010011
00001001110110010000100111010011
00000001101010010001101000110011
00000001011000110101011000110011
11100000000001000000010111010011
00001001110111010000000101010011
00101010100000000010001000000011
11000000100000000010001000000011
00000000000001101001101110110011
00000001001100100001010100110011
10100111000000000010100000100111
00000000000010011010100110110011
00000001011111111101010110110011
11100000000001011000001011010011
10100001001100101001110001010011
00000001101000011101000100110011
01100110110000000010001010000011
10011000100000000000001010010011
01100000110000000000010010010011
11100000000000100000100011010011
00000001001010110000100111010011
00000000100110001001111110110011
10100001000101010001110001010011
00000001110101010000001011010011
01100101010000000000011010010011
11100000000011100000001011010011
11100000000001101000111111010011
00110100110000000010101110000111
00000001100011111001011000110011
00100011000000000010100110000011
01000001100011000000000010110011
00000001101101000000111011010011
10100000101110111001100101010011
10100001110101011001001001010011
01000000010011000000000010110011
00000000110101010001011100110011
00000001101000101000011110110011
01001101000000000000000110010011
00000000110010111000000011010011
00000000001100010101011000110011
00100100100000000010101010000011
00001001100100111000110001010011
00000001000001000001111110110011
00000001100000000010001000000111
00000000101111111001011100110011
10100000001101011001001101010011
00000001001010010101100000110011
10000011110000000000100010010011
01000000110000011000101000110011
11101001100100000010101000100011
11011100110000000010100010000111
00000000101111111001100100110011
00001001000011111000001011010011
00001001101100110000001001010011
00000001100111111101011000110011
10101100100100000010001000100111
00000000100011100010010100110011
01000001000111011000011000110011
00000000011011100101001110110011
00101011010000000000010110010011
00001000011110101000000011010011
00001001111001110000110101010011
00000000100001111000000010110011
00000000011111110001001100110011
00001000110001101000011101010011
10001101100000000010000000100011
00000000000010101000010111010011
10110011101000000010100000100011
01100001010100000010100000100011
00001001100011001000101011010011
00001001011010101000110001010011
10100000110010101001101011010011
10100000111001010001011001010011
00000000000001101101111000110011
00000000000010111001101010110011
00000000000100111001110100110011
11100000000011111000100101010011
01000000010100100000011110110011
11111000100000000010011010000111
00000001111111110000011001010011
01000000001111110000101100110011
11100000000010010000011001010011
00000001000101101101000100110011
00000101110000000010101010000111
00000000100100011000101010110011
01001101001000000010011000100111
00001111100000000000101000010011
11000011000000000010010010000111
00000000111101100101011100110011
00000001101100111010100110110011
01110100000100000010000000100111
11100000000011110000100011010011
00001000100100110000010101010011
01010100100000000000101100010011
11101010110000000010010100000011
00000001111010010010101010110011
10001001010100000010101000100011
00000000011100010000100101010011
00000000000101011101001000110011
00011111010000000000000100010011
11011011110000000010001000000111
00101111011000000010110000100011
11100000000011001000000101010011
00000001001101100101010100110011
10100110100000000010001000000111
10001011110000000010010110000011
01000001100100101000011110110011
00000000101011110010001110110011
10100001101100110001111111010011
00000001000001100001100000110011
11000001110000000010110000100111
00001000111111100000001001010011
01000001101101010000101110110011
00111001110000000010101010000011
00000000110000111101111100110011
00000001000110001010111100110011
00000000101010011000101111010011
01101101110000000000101010010011
00000000110000110000010101010011
11100000000001101000111111010011
11011001100000000000101000010011
01000000101000011000111110110011
00000000000100100001001100110011
01000000000011000000110000110011
00001001011100100000001011010011
01110100000000000010110010000011
00000110110000000010001100000111
00000000001100000000101101010011
10111001110000000000010000010011
00000001101001000001111110110011
10111110110000000010001100000011
00000000010001111001101010110011
11011000010000000010111100000111
00000001000101001000010010110011
11100000000001011000000111010011
10011011100100000010001000100011
01111000100000000010110110000111
11000001100000000010001000000011
01000001110100000010101000100011
00000000010101101000001000110011
00000000010010100010101010110011
11100000000010100000000011010011
01000001101011101000101000110011
01101111110000000010001010000111
00010010010000000010101100000111
00000001111011011000110110110011
10110010110000000010001100000111
11101000100000000010111010000011
00010111111100000010110000100111
10010111100000000010100100000111
00000001100001010000010010110011
00000000111110001000111010110011
00001001110011110000010011010011
00000000101011111010011110110011
00000000010010011101101000110011
11000101011000000010111000100011
10100001011001001001111001010011
00000000111100100001101110110011
11101000100100000010000000100111
10111100000000000000010010010011
00000001011111000000000010110011
00000001010111010101001100110011
01000000001011111000110000110011
00000001110011001101110100110011
10100001101010000001000111010011
00000000001110011001111010110011
10011001010000000000011100010011
00000001101001101101001100110011
00000001010110011010100110110011
00000000111000010000101100110011
00000001101011101001001100110011
00010001111000000010101000100011
00011000000000000010110010000111
11100000000011110000100011010011
00000001111110000000111111010011
00000001110011010000010101010011
11100000000011101000011011010011
00011011010000000010111010000111
11111100010100000010011000100111
00100110011100000010010000100111
10100000110101111001000111010011
10001011100100000010101000100011
00000000000001110010111000110011
10010111010000000010010000000111
00001001000111011000111011010011
01000001110000000000001000110011
10100001000101111001011001010011
11111000110000000010010010000111
00000000111101111000111000110011
00000000000110100101000110110011
00110000101100000010000000100011
10100001011010111001111111010011
00100111010000000010101000000111
10110011000000000010011110000011
01000000100000000000110000010011
00000000111100010010100100110011
00000001000001001001011100110011
01000001010111000000101110110011
11111001011100000010100000100111
00000001010001101010101110110011
00000000010101101000110001010011
11010000010000000010011100000111
00000001011110101000100111010011
00001000010011011000100001010011
00000001101101010010101010110011
10110011000000000000111000010011
00000000001011000010011100110011
01110011100000000000110100010011
00001000011110110000011001010011
10100000111111010001001011010011
01000001010001101000010010110011
00000001010011110000010100110011
00000001101000010101110000110011
00000001110010011000111010110011
10111011000000000000010100010011
00001001010011010000100101010011
00000001100101101000110101010011
01000001001001001000010100110011
00000000000001110000001111010011
10101001100000000010111000000011
11011100010000000010111110000111
00000001001111011001010100110011
00000001111110100010110010110011
00001001010011111000100011010011
10111011000000000010111100000011
00011110111000000010101000100011
00000000100110111101101110110011
11010111000000000010011010000011
01010001100000000010001100000011
11111011100000000010010000000011
00000000000001111101101000110011
00100010010000000010011000000111
10110100010100000010010000100111
00000000011110000101000110110011
00001111111100000010100000100111
00000000111111000010101110110011
11000100100000000000000100010011
00101110010000000010100000100011
10100001011000000001101001010011
11101010100000000010011100000011
10000111110000000010111000100011
00011111110000000000010000010011
11100000000001011000001001010011
00000001100100100000001101010011
00000000101101110010010010110011
00000000110001011000010111010011
00000001111101110000101001010011
11100000000010011000000111010011
00000000000000000000000001110011
00000000011100100111011101100011
11110100001000000011110111110010
00000000001001101111011111010000
11010000001010001000010001101001
00000000001000010101110001110111
10001100111010111010100111010011
00000000000000101110011000010111
01100111100111100010010111011011
00000000011001111100001110001100
10110001010010011101101101000010
00000000000001011111100011010110
00100001001101101010000110010111
00000000000111011000000011000000
10011100011011100101100011011011
00000000001001010011100111110011
11111101010101011100101011111000
00000000010111011100101000110110
11011110111011011000101101110101
00000000011111101010111111111111
10010001111110000010000000110101
00000000011010110101100001011010
11101100110011101001111101100001
00000000000000100010011110011011
00010101011010011001000000000111
00000000001100000111011111101011
11100110100101110100010111101001
00000000000100101010101101011010
10111010000101110111100101001010
00000000000001000100101010011111
00101000000111000101001101011111
00000000000011110101001100110111
01011010010101000100100000111101
00000000001010000011110101001001
11100101100110110111101101000111
00000000000110001010010001001001
00010000100000100000010001001000
00000000001100100101011010110111
01010111111011101000000000100100
00000000001011010101110011101010
10011010011100110000010110100111
00000000000001001010010110111010
01011100111011100100111010110101
00000000001100001001001111000000
11111001000001111111110101110110
00000000000100110100011111101110
11000001001111000110001100010110
00000000010101011111111011110110
10111001110101011100000001000110
00000000001111101011001001101001
00110101111010111000110100101111
00000000000001011001100011000101
01011100110010101111010110011011
00000000001000001000001011011010
01011000001100011100000011111101
00000000010010010100011000101111
01011001000001011100110011001000
00000000010111101000100100111101
01100111011011101001000011010001
00000000000101110010011011010111
00110110001011101001010110111100
00000000000001001110000010101001
01001010100101011001000100000001
00000000011010010010100010011011
01100011111101110100011011011111
00000000000111001110101110101100
00101101100111110110100110010010
00000000011000100011010100011011
00001011110001011001111010110001
00000000010100010111100110000011
01010011101101100100110010100110
00000000000010010001001101010001
11010111000010001010000011001010
00000000011011101010110100010110
10000100011110101101000000100101
00000000011011110101111010110010
10011101100110101101000000101001
00000000010010000010111001001100
01100100100001010111001000110110
00000000001110100110110000111101
10110000011000010010000000000010
00000000011011110110100111010110
00100111011100111000111110000110
00000000011001110111001101011001
01111010010111010111000010100111
00000000011110001101000101001001
00000110111010001111000101111011
00000000001001011100010100101100
00100110111111000100111110111110
00000000001011110111100011000110
00001001001110111011001011111011
00000000001101000100011000010011
11010011100011011111000001001010
00000000000001001101101001010001
01010100111110110000110111101101
00000000011101001111111101110010
10100011011001010100110111010100
00000000000001111011000100010010
01011110000001010001111111100010
00000000010100001101011100101101
00001010011100100010111011010101
00000000010110100001011010001011
10101111111111100010001111010101
00000000001100001100100001110100
10100101101000110000011100001011
00000000011111100111000011011111
10110010110100010001001101001100
00000000000110010100100000001010
00000111111011101010110001010011
00000000000101001101011110110001
11000110111001011111100001100010
00000000000100010110000100101100
01011101101100010010010110010100
00000000000011011101111001110010
00111001101111101111000111011100
00000000000100101011101101011000
11001100111110111100100011011100
00000000010100100100110111100101
11100101011111010100100111110010
00000000011100100101000000010000
10101111101110100001101000000111
00000000010110111010001000111001
10110011000101011101000011001101
00000000001100101111011110111111
00010001011001010100101000101111
00000000011010101110010000000011
00100100001111000011100010001011
00000000001101100100110111110101
10111011111011001011000010111111
00000000011110100010111110001100
10101101110110001110111111110100
00000000010110001001001010000100
11010111010111000100100010110010
00000000010011011000011000001101
00010101010000100011100000000011
00000000010000000000010111010110
01111101001001110000011000011000
00000000010001000001010100010101
11110101100100010101111100000101
00000000000001000101010111111100
10000110000110101011000001101111
00000000000000011011101101100010
00110111010001000001010110000100
00000000010001101000000110111011
00100010001000000010001110001101
00000000001101011001100111101100
11100100100010100010110111100011
00000000010011010011110001100100
10101111000001100101011100110010
00000000000000010010111110010101
11100001101111010101100110001011
00000000010100101001110000011010
01000100111101101111101110110000
00000000010001111101111111110000
11101011110100111101100001110000
00000000010101010010010001011000
11111000101011101111100011001000
00000000000011110110000111011100
00100010111011100001110001111011
00000000000111011000100100001001
01101000100001010100011101110111
00000000001101101100110001001001
11100000000111001001110000101101
00000000010000110110000011101110
11000001100110010111010000100111
00000000001011001100011111011100
11101010110001101001101101000010
00000000001010101000000101010100
00100000100011011101010111111011
00000000011110111001101010111100
00100100001000101000101101001110
00000000010011101010010110001111
10100001110011101001001101001000
00000000010010000011000000111010
00010111111000010100100110011001
00000000001100100000000010011000
10111100000000110001101001111111
00000000010010100010001001001010
01101001100100111110101001000011
00000000001111010110001010001100
00001001000111001110110001110100
00000000010001001110111100100000
01010111001000010010011001000000
00000000010101011110000011011010
01100110000001011110111010111001
00000000000010101110010111001111
10111000100010010100000101111100
00000000011001011110001001111011
11101010100000000010111001011111
00000000001111011001110110110110
10010100111000100010110101000100
00000000011011010000001100011000
01110001001110011011010110101100
00000000011011100110001001000110
10110001010100000010111110010001
00000000011101010000110001001101
01101110110101101111010011110011
00000000010011111110100111001111
11111001110110000101111000011010
00000000001011110110111000111101
11101010101110011010111100001101
00000000001000000100011000001011
00001010001110011001111111100011
00000000011010100101011011110011
00111100100100000001100100111010
00000000000110010010101000000001
01100101110000111011001001100011
00000000011100100000100100001011
00110011001001011110101001111000
00000000010010101111001000111111
00100001111100011101000101100110
00000000000000110110000010111000
00010110011010010100000010101100
00000000010111100001000000010100
01011101010011001100001000011111
00000000011101101101110000101011
01011100101001010100110110011110
00000000000000100001110011111100
10010110000111110011111111011000
00000000010110000111101111011110
00101011100001101100111101101110
00000000001111001000001000010110
10110100010010110100011011110010
00000000000010000111111011000011
11000101000111101111100110000101
00000000001101010111100110110111
11011011010110001010101000101100
00000000011011101111001111011001
10011001110001100110011000100101
00000000010010000011100001100011
10111111001111110101001001000000
00000000000100100001101001000001
11011100010100011000100001011100
00000000001110000111111110111011
10100001101010000011111000010010
00000000000100100001000111100101
10001110010001101001101100001010
00000000011100011100111100011101
11101100010011010101110011101011
00000000011011100001100001101111
00000010111011101000011011000101
00000000011001000101111111000000
10110001010100010011110100010110
00000000001100000000010111000111
10001110101110111011111101111000
00000000000110111000010010000011
01001100111110100010110001101000
00000000010101101001111100101011
00001001101100101111100101011111
00000000010011100001000111101000
00111101001111011011011011001000
00000000000010111010101111011110
11001101001111010100100011111000
00000000010001011001111100111011
11001101100010110110010100010001
00000000010111000110000100011001
01111111000100110111101000101101
00000000001011111001101110110110
01000000101100101110000100000010
00000000000110101011110011010011
01010110001110000110000101011000
00000000010000010101110111010011
00111111111001100100010000110000
00000000011111001010001001111100
11000001101110000111100011111101
00000000010110000001101101000011
10000100100000000110001011010110
00000000011000001100110011000101
00000100101000110010001101010101
00000000001110001111111111011101
01100101100101010000100100001010
00000000010011101011000010101101
11111101111100101111110000001001
00000000011101000111001001011101
00010011100100010101100010111110
00000000000111010100111100010101
10101101100100110101110110101100
00000000001111101011011001101010
01110110000101000000011100000100
00000000011011101001101111101010
01000101101000011010100101111011
00000000011111110110000110100101
11011001011101010101110010011010
00000000001110010000101111111010
11111010011110100110001110111001
00000000010110111111111000100110
11011110110010001101110011110101
00000000001111100001111110100101
00011110101111101101010000100001
00000000010101011111011000101011
01110101000111111000100110000100
00000000010101011010100010111010
01000111101100001010001000101000
00000000001101101011010101101110
10110101100110011100110101100100
00000000011001110010010101110000
11001111011110101110010110011001
00000000011101001010110010111111
01111100111100111001001111110110
00000000010111011011100111000001
10010011011100110010010100100011
00000000000100001000000101011011
00001100010011111100001000000001
00000000011101000101100100101110
10011101011000100111011000010101
00000000001000011101011001011110
11001001101001001111011001110010
00000000010000000010011011000011
01110010011000101100110101110000
00000000011101001001110110101110
00110101101011101000001011111000
00000000001110111001011001110000
10011101111101001010001001110010
00000000001111001100111101000101
00010000100111000100100101111110
00000000010111100010111001101111
00101110010101011111101111101101
00000000001001100110101100001010
10111011110010001011011011110001
00000000011001110000100000011011
10010010000110100000010101000001
00000000000111001111110100011110
10000100110000001000111101010001
00000000000011100000110100100101
01100110101000101111100101110010
00000000001101110011001111001011
01000100101011101011110001010101
00000000011111001001101010111000
00101000100101101000011000111111
00000000010000100110110100000010
01010001111111011100101101100111
00000000001001000000010000111010
00111101011100111101101000011111
00000000000000001100110111011110
10000110001010001101111011010101
00000000010111101001000100100111
00110101001001001101010011111001
00000000001011100100001111011100
11010110000010001101110010110010
00000000001100100110100000110011
10010010111110011100100000000011
00000000010010000011101010101001
11010110111000000111111010111011
00000000000010010001010001111111
10110101111010001000101110100101
00000000000101100100100011100110
00000101011000101111011000001011
00000000010101100100010111111111
10001111000001001011000101000111
00000000010011100011010101011011
11011111110111110110000110111110
00000000001011010110110011100101
10100110101111011011000111010010
00000000000100010011100100110001
11111011011001001110101000100111
00000000010110010111110011011110
00010011111101100110000100111110
00000000001100001001010010011101
00010100111010111011001101010010
00000000010101101010000100000000
11100111110011111100001000110000
00000000000110001000010100110111
00000000101100100010110110100110
00000000011001100100000011001100
11100000100000100001100010111000
00000000001110010001000010111101
10001110011010000110110111101100
00000000000111110001101010100110
11101110001101110011101100001010
00000000010011010111001100001111
11110100001000111110110010000111
00000000001100101001101101101111
11010011011101001010010011100110
00000000010011010101000110111100
11010000000010011100100010101101
00000000000001101011000001010111
00101010101110110010110010001100
00000000001001110110110110111110
11101110011100100001111100110110
00000000000110100011000010010100
10110001101110100111101000010001
00000000001100011101110100101001
11001101011001100011100011000011
00000000000110011111011011101000
00001010001101110101011101000101
00000000010000001101110001101011
11111000100110000110110110001111
00000000010110100010111100111110
01100000100001100010000000110100
00000000010011011000101111001111
11010100000001110010010010111001
00000000010011011101010011111001
00001000100101110010100011000011
00000000010100000100110010110100
10010010001101111000110000110000
00000000000011101010100011111100
11110000110111101000000010111100
00000000010111001000001101011000
01101110110011011100010101111010
00000000000110001101101111101111
00100011010101000010000101111100
00000000000111011010111000000101
10101010010010000000000100111110
00000000010101011010111010110110
01110101101011010111101100000011
00000000000011110010101111010110
10011101001000111000110000001001
00000000010000111101111110100000
00110001010010110101011111000101
00000000001001100010000111110001
11010111010111111000001000100000
00000000011001101001110111000001
00100000001000011100011010010001
00000000010101000000000111000101
01010001100010010011000011111001
00000000010000100010001101010000
01111110010100110001101010110010
00000000000010111110010101110001
00101110100011111110001100100111
00000000010100011001000010001010
01110010111001001110010010111001
00000000000101110100010001001001
11111110111001100100100011100010
00000000000111011110010010100001
10111001011010110001010110110001
00000000010101001101110001110000
11010100100001010101010011110011
00000000010100011000110000011100
01011110011111111011000010100101
00000000011101100111101011001001
01110110001001000000101010000101
00000000001001011000010001000010
01011001101100101100110101011001
00000000011110011011010010010010
01000100001101110011001001101011
00000000000111100000110111010100
11110111001100100001011111110010
00000000001000001011100001001010
10111110110001101000010111101110
00000000000100110011111001011010
11100010110110011100100101100101
00000000000011010000001110111110
01110111000000100101101010110100
00000000001110111000111100110111
00000110111110111000001101001111
00000000010100101100100110000000
00001001001101011100000001110001
00000000000101001111101100111101
01011111110101010000100111011101
00000000000010100011100000010111
00000001011000001010011110100000
00000000010100101000001100110110
11100001100101001000010000101010
00000000001110011101101110101110
00111011000011000001111011111110
00000000001000011111001100001000
00101111111101010101010101100111
00000000010001011010110110101010
11000111001100101001111000101010
00000000001101100000001110111101
11000001000000010111100111001111
00000000001111010101101111001011
11111011001110111110001000100000
00000000000011100011100100101110
10000110111110100111100111110001
00000000011101110110000110110000
01011001111110110010000101000011
00000000010001011111011001100000
01101111100111011111110010011011
00000000000110010101001011010100
10001011100001101001000011010101
00000000010010110001011111011101
10011000000000001010010110101000
00000000011000011010100101010111
11110011110100001010011011011110
00000000000100111010100110010101
00000010111000110110000110111101
00000000011110100001101100100111
10111001001011010110010001010010
00000000010001111111010110101101
10110101010010101101111101000100
00000000000010011110100001000101
00101011101000100100010010000010
00000000010010000011110111101111
10001111011001100101110001011111
00000000001011001100010010010000
01110010110001001001110001101011
00000000000001111011010000111101
10001000110001110111111111100010
00000000001101100000100011011010
11000000100111101100111111011111
00000000011001101001001001011110
01011000001000110101101110000001
00000000000001011101100000000000
01000001000000000101001011000011
00000000000001001111010001001001
01111010110010100001111111000011
00000000011000111011101100110010
01100110000111000101111110100001
00000000011010110100011110011001
11110100001111001001011100000111
00000000001110001000110110100000
01110001111100101011111111001100
00000000010111101101000111001011
01010001010010111101001001110110
00000000011011110111011101100000
11111000011010101001010100000110
00000000000011100011110001110111
01001000000101101000000101100100
00000000011101010000010110001101
11000011010011010001111100101100
00000000000101000110001010011111
11011001111011101010100010100100
00000000011100100001000001100100
01111001000001111100100111100011
00000000000001000011011011110010
11111000010010100111101101011101
00000000000111110001001100101010
10101000111010010110010011000000
00000000000110001101101010111110
01100110001110000000000101111100
00000000000001110110101010000001
10010111001001111111111100001110
00000000001010111001001000100110
11001011111000010101001111001010
00000000000011111001100000101001
01001100010110001110000111000010
00000000001000001111001010110011
01110100111001000010101011011010
00000000001010111100011100110101
10000100101011011011110000001110
00000000011010100100010100010000
01010001000011001100001001100001
00000000010110011101001101010000
10000100110001001001011101010111
00000000011100010010101110100110
01000000111011000100011010100111
00000000001100111100110000110111
11111011111000000000101010100111
00000000010011010100111001001011
10000110100111000111100000000100
00000000001001010011000110110000
10110100101001011110010111010000
00000000001011111101010101100010
11100100100011111011001111111100
00000000011000000101101111111111
11100011001110001001101011101110
00000000000000101110101011001001
01101100010011101100001000100100
00000000010010100110110000101101
00001011011100111101101111110111
00000000000111101010000111101101
01001011101011101101011010000100
00000000011101000001101011010111
01110110100010100010111100000111
00000000010101010110000101001101
11011111000111000110110011001100
00000000011001000100001010010000
11100001100101000011110000110001
00000000001001100011011110101100
11100101001000101010001000101011
00000000011111000010010100000111
01111111000001010011000011100001
00000000010111001011001001111010
01010000000010100101011010101100
00000000000010001110000100010110
01100110101101111101100100001000
00000000010111110010000011111100
01001101111011001100001000011001
00000000010110111100000100000000
11101001011010010110110111001010
00000000011010001000101111011111
01100100000100100001111110011111
00000000000110111101110010111001
11100010100001110110100011101101
00000000011100000100111000110010
11011111111111011000101000101100
00000000011100001111010101001010
00001001011111110010000001110100
00000000011110110100001111111000
00110000111011100011001100101100
00000000011000111100110110000100
00111001001010100110100110001000
00000000011000101001001100101101
11101010011001101010010000001010
00000000010010100000101110111100
00111100111111101001111111100110
00000000000001001010111101000110
10100011001101011111010110101010
00000000010111011101100101011100
01111000100101101010100000000101
00000000011001110001001001001011
01001111010001110001111010101111
00000000001001100101011011111000
00000001001101101101110000000100
00000000001101011100000001110101
00010111101100100110011011100101
00000000001000000010000110110101
11111000010100101111101011101010
00000000001100111000000110010001
01000010101011010110111000110001
00000000001011111110111101100000
01101010011111110011001010001000
00000000010011010101100001111111
01000000110000001011000101111110
00000000011111110010011100101101
00100011110101011110000000100010
00000000010111001100110001101110
11100010010100101111101010100111
00000000011010010011101110100011
10010000010001100111010000110001
00000000010110011011010001100000
11101101010111010111011000111011
00000000001000001001000100011011
10011110101111100010011100001010
00000000010010000110100111100011
10010111100111100010001111100110
00000000011110101001011110001001
01000010001000100011111000100000
00000000010001101011011111101101
00000000110001001110111110011110
00000000010110010011000001000011
10101111011111000101111100000011
00000000011111111001000100101100
00100100100111001001111111101001
00000000011000011100101010001110
00000010111110001010001101101101
00000000010111110000110100110001
11100000000000101101000100101000
00000000000111011101110111110010
00100100110001101011110101110110
00000000001010100010000010000101
00100110100001010011111110100001
00000000001110100011111111110000
10001000011110000101001100011010
00000000000001000110011111101110
11101001100100100000101110000000
00000000001111000100011000111011
01010011111101010100110000110111
00000000010111110111101000011000
01000000101000010110010100011111
00000000001010000000111101001000
00000100000011001000111100000100
00000000011111000010001111010010
10001101000101011001101010100100
00000000000111001101101100101110
00010010001111001011100011101100
00000000001010011110000111110010
11101100101111100011101011001010
00000000010010100011111110000101
00110010100111001000011001110000
00000000001010110011000101101110
00100011000101000010010011001110
00000000000011100011011000110110
00011010111000100101010011101011
00000000010011101110011011001011
01101100000011001100110000101110
00000000000101001011101010000100
11111100000010000101100100111010
00000000011110010111011011000111
00100110010101100000110100111101
00000000011100010111100011010001
11011000100011100011101010000101
00000000000001010110110110010000
00110100100110101101001110111110
00000000010001011110111101111011
10000001010010010010111010111110
00000000000011101011110100010001
00010100010010010000111110000111
00000000011110010110101010110010
11001010000101111110010110000101
00000000011101011101111001100000
10000101001110011101111100000101
00000000011111111000011001011101
10000110100110001110011011111010
00000000001110010111011001111101
10111010010101010100111101001111
00000000011100000010011101110010
11000000000000011001100101010010
00000000000010011010000101101111
10101001110011111110100110010111
00000000011110111011101111111101
01110010011010011000101110100000
00000000000011001111001101000110
01110000100000110010011111110011
00000000000100101100000101011000
11111011111010111010110101000001
00000000000000111001011111001110
10000011110101001000111100000001
00000000010110011010111011101001
00111011001111101001110111110000
00000000010110101110111011110011
01010111100101100010011011001011
00000000000011010100110101111101
01000111000110100101111110110111
00000000000110001001011100000010
10001101100000111011011011000100
00000000011011011110000011000010
01110000011000001111011100110100
00000000000001011100101100111011
10100111101010011010001100000111
00000000010010001001100110101000
10001010010110111011000011111000
00000000010110110101011011110110
01011011010111111101001000100100
00000000010111111100010110100001
11101000010110011000011001101010
00000000011000010011100101000011
00010100000101001001101000100011
00000000011010100001011001100010
00001011011110001010000010011011
00000000011011000011101001100000
11100111011111110111010110000011
00000000000001000001010001010110
00010000110000101111111001100110
00000000001111111001111010111001
01101011110010101001000000110100
00000000000011100101101000111100
10111110010100100100000010000110
00000000001100001100101101111111
11011101000111100101000000010101
00000000010110011101000000000000
01000101111111001101101000110011
00000000011000111110010010001011
00001001010000001001000000011111
00000000001111100101000011100111
01000100001100000011100001010101
00000000011101111000100110101110
00010101111011001001010001011000
00000000001000100101001001110010
01010011101111110001110001011110
00000000001011000010101000101010
11100011011000111000101110111000
00000000010001111111001011101110
01100011100111010010100100100110
00000000011010000111000100000111
11101100100101011010101101011011
00000000010111101101011001110010
11111010010100101110011100000100
00000000011111011000000001100111
10001010100100001011001000101011
00000000000000110011010110100010
11010110011111001001010010001001
00000000000000001001011011000111
00111010111011000011101100010110
00000000000001101111000010000011
11101100100101001111111000111000
00000000010101010111100101001000
01011011010100101010011011110010
00000000010100101110111000101000
00010000111001000100000100111000
00000000011111010100101000110101
11001111010101100010000010010111
00000000000110011000011101110010
01000100001001000110000000001010
00000000011011001001100001110001
10000000011001111100100010001010
00000000011110011001110111110111
00110011000101110100010011111011
00000000001011010001010100100011
00011100001101001110110110110110
00000000011010100110010101011111
00001001100001011110100111101010
00000000001101011001100011000110
11100110100110000010011111111111
00000000010001111000101111010101
11010011101000110001011101000000
00000000000110000001110101100100
10011101101101010100110100000100
00000000000001111101011000101111
01110001010101100010101101110110
00000000001101010001101011110010
10110010100101100011001001111001
00000000000000010010011000100110
10010101100111111110000110010110
00000000000011110011110000000111
00001100101010110011100100110001
00000000001111010010100110010011
10111010000001110111111101100000
00000000001000111010001101100100
11010000110001010000110100010100
00000000010101011111000100110010
01001010111011100001111101111010
00000000010100010110000011110000
01100110111100010010101111000000
00000000010001100001010011001101
11110111001100111000011010101001
00000000010011111111110000110111
10111010101101110111100100010010
00000000000111011001000011110110
10000100101001101111010000101010
00000000000100110001110000000111
11000101101001101101101010110100
00000000010011101010110000111000
10010100010000100101000101000110
00000000010101011100011001110000
00111000010111111110000100101101
00000000000110001001101100110001
11000001010000000000010010100101
00000000011010110110111010000001
11110111011110110001011001110101
00000000011011100010111101000100
00010111011110011010011110111111
00000000000000001011001001110110
10101100010111110000100010000011
00000000000111001010000001100000
01111001000101010110011011111000
00000000011010110010110000100011
00110011110011011000001101100110
00000000001001001110111110010011
01001010011111001100110100101111
00000000010000001100001010001011
11111111001010100100111000000110
00000000010100100001110010101100
01010001111011110110100110011001
00000000001111011110111011110010
01110101001001101000101101010111
00000000010100101001101111011111
11101110001111011101001100001111
00000000011001001110111101010000
00000010001100101110100011000101
00000000001100100111000111100111
00001101110100101111010010110010
00000000001000010110100111000111
10111110110110000010010110011110
00000000010110000001010001001111
11001101100000011101000010010011
00000000011000011001111001110000
10101101111000101011000000001110
00000000011101111010110010000111
00100000101000100100111001011101
00000000011100010101100000101001
00110000000101111101011010000011
00000000011000100100000100101110
10111100010001100111001100110111
00000000011001101100011100111111
11101110011001100110101100010011
00000000000011111001000110000010
11110001011000001100010011101001
00000000010100010001000100111101
00100101000000111010011001010100
00000000001010110110001011001101
10001010110110111101000000111001
00000000010100100011110101011101
00000010110101111111011110001010
00000000001010110010010111010011
00001110001000010010000100101011
00000000011111111001100000110111
01101001110000111001111001101001
00000000011011001010100001001100
10001011000100100100111001010111
00000000010100010000110110001110
11000100000110001010110100100001
00000000000010001011001101111000
00100011100011100111001010000010
00000000001001010110010101110001
10011010111001111001011000101101
00000000010101100001011100110011
10101110011110010111110110011101
00000000011011101000011001000100
00011001001111110000010011100100
00000000010110101110001000010011
10000000100011100001100010010100
00000000000111010001001001001100
11000110001110111111000111000111
00000000000011101001011100001010
01110111110000011001101011010011
00000000011010101001110011010000
00111110001000110111001101110101
00000000010110111101100101001110
01000000010011111011000111010100
00000000000100110111100011000010
10010001011001111111110001101011
00000000000101011111011010101001
11001110011100111111011000011101
00000000001101111001011001011111
01111100100110010000011011010001
00000000001001101011100101010011
00000000101001111100011000001100
00000000011001111111100111001010
10101010111111011111110101110010
00000000001101110100101001111110
11011111001100011110000100000011
00000000011001111001001111110001
01101101101100001011001101011100
00000000011010001100110111011000
01000001111100001110001001010111
00000000000001000011011001101101
10011111011010100000010010010100
00000000010000101010001100001001
00010110101111101111011111100001
00000000011010100010100010001000
10101111001000111101111001001011
00000000000101111000101110111110
01100000100001111101111111000100
00000000001100100011111011011110
01100110110111100110001001101010
00000000001001001111100100100010
01111001110000000110101100111001
00000000011110000000001010111011
10011110110101010110100011011111
00000000011111011010010010001000
11000001110100100011001101100100
00000000010110111111001111110011
11011010001000000110110101101000
00000000001100000100100101001100
10001001100111011000011101000010
00000000010001011000010100000100
00100010001100101001101011000110
00000000011110010001011111100101
00010000110010011101011000100100
00000000001011011110110111001101
01001110111001110011101010010010
00000000010111100111010011110101
00011011111011111000110010000001
00000000001011010100000101100000
00101000010101010001111110011011
00000000000100101011000011100111
10101101101100100010001011111001
00000000010100011010000011001101
11001101111100100000101100010100
00000000010101101110100100000101
10101101101101000011010010111001
00000000010111111110101100110111
00111001001010010111111110001111
00000000001011101110000010001111
00001011010000011010010101101000
00000000010110101011111011010100
00011111000000000011110111010011
00000000011111010101101001001100
00100101010100011100111111111011
00000000010100000100110101111011
10000011100011000101101001001010
00000000001111000100010011001101
11010000000010011010110101100111
00000000011101110001011111111011
01000000100110010001011001110110
00000000010010001000101010111000
00100101011001011101110000011111
00000000010101000001011010101001
11000010010001011001100101001011
00000000001011000111011110101011
01010101100000110000100000000000
00000000000111101111101100010110
11000011110100000111000100011000
00000000011111110011101100001001
10011001001100101101110101100110
00000000010010001101011111100011
11100100100111010000000110011001
00000000001100101111010000000100
11011111101101110111010011011011
00000000011111000001001011000001
01111000010000101000011100010110
00000000010100111000100010111001
10001101100001111011111001011100
00000000011010111000011101101010
10110101010110000010010011011111
00000000001111001001100011100111
00010110000110011100110101010011
00000000010101010100110001101010
01000001101001110010110011101001
00000000000111100010010011001000
00110001111001010101111100011100
00000000011001100010100101010110
11011100100010011101011011011111
00000000011100100010101111111110
00010011011011011010011111000011
00000000001001000111111010110101
00001110010001100011000011100011
00000000010101010101110000110001
00011100111111100110001111011010
00000000011110111100010010001001
01010101000101110101100010101110
00000000000011001011111101000110
01001111000000001011101100110111
00000000010101111000110110011111
00110001111001011011110100001100
00000000001001000101111000010100
10000001110010110000000110110010
00000000001011011011100011000001
01000111000010100000010001000001
00000000011101111101001001110111
00100101100101100100001100110111
00000000000010010001001010101011
10100000010100110100100010001100
00000000011111101100100000011001
01101100100001011101111001100010
00000000011011000100010101000100
00011100011101100011100001011111
00000000000011101100111000000011
01010011101111001000101001110010
00000000010010011001100111111000
00011010100011011111111100001111
00000000001110111001000000111011
00000010101010010110111011000100
00000000000100000011001110001100
11011010110001111000001010111000
00000000010010110010000100010111
01100100101110111110000010110001
00000000011110100111000011111011
01111010100100100100011101111101
00000000001111111011000000010011
10111001011111111111011100011101
00000000010001110000111000110011
00010010111000000001111100110110
00000000001010000101000011111111
00100010000000001111000011001110
00000000001100110010110101010110
11110111111111111011111010100110
00000000011100011110001101100000
00111010011111111001001010101010
00000000011110000011111000001101
00111100111000001101000010100001
00000000010101000001000011111000
00111100100011110001000100000110
00000000010010111010100101101111
00111011010100111101111101100010
00000000001001010100110000100010
11010011110011000110001110110000
00000000010100010100111110011110
11000010000100101100001001001111
00000000011010101101000111000111
00001111100110011100011111010100
00000000010101101000010111111011
00110011000001110000101000001101
