01111111110000000000000000010011
01111111110000000000000000010011
01111111110000000000000000010011
00000000001110110000001001010011
00001000110011011000011011010011
00000001101011010000100101010011
00000001110110010000111011010011
00001000011111111000110011010011
00000001000101001000000011010011
00000001001100110000100001010011
00000001101001111000011111010011
10110100000000000010010000000111
00000001111000101000101011010011
00001001100010001000011101010011
00000000111100011000100111010011
10001001000000000010111000100111
00001000011101000000101111010011
00001000000101001000110001010011
11101010110100000010000000100111
01111011000000000010010110000111
11011010010000000010001010000111
11111111000100000010010000100111
00101010100000000010100000000111
01101000110000000010011010000111
00001000100110011000011101010011
00001000000001110000001011010011
01010010110000000010011000000111
00001000010101110000011111010011
00001000101100011000010001010011
10010000010000000010101100000111
01000010110000000010011110000111
00101011111100000010100000100111
10010001110000000010011000100111
00001001100110010000000101010011
11000111011100000010011000100111
11101000000000000010011000000111
10110000100000000010100100000111
00000000111110110000000011010011
00000001000010110000001101010011
00000000010101101000110001010011
00111101110000000010000100000111
00000000110111000000100111010011
11111100110000000010001000000111
00000001001010001000101101010011
00001001110011100000111101010011
10000000010000000010110000100111
00000000010000101000011111010011
00000000010110100000001111010011
00001001011101100000100101010011
00001111000100000010101000100111
11100010011000000010000000100111
00000000001001110000111011010011
00001000000010101000011011010011
00000001100000000010000110000111
00111011010000000010110000000111
10000001100100000010111000100111
00001001100011101000001001010011
00001000011101100000101101010011
00000000111100110000110001010011
00001001101010100000010011010011
00000000001110101000001011010011
00000001100101101000001001010011
01011001010000000010100000100111
01111111011100000010000000100111
00000001111000011000001101010011
00011011100100000010011000100111
00001001100000100000000111010011
00001001000011101000000111010011
00000011111100000010010000100111
00000001001001101000110011010011
00000001111001100000100101010011
00001000010111010000001001010011
00000000100101000000011011010011
00010100100000000010101110000111
00001000100111011000001101010011
00000000000110110000101101010011
10101100010000000010010000100111
11100011111000000010010000100111
11111101000100000010011000100111
00000001110111010000101101010011
00101001101100000010101000100111
00001000101000110000101101010011
00001001101011000000001001010011
00001001000101011000111101010011
00000000001011110000101011010011
00111011011000000010101000100111
00000000010110011000011111010011
10100011100000000010110010000111
00001000110111011000100011010011
00000001011000110000001101010011
00001000011111001000110001010011
00000001000011011000011001010011
00001110000000000010011110000111
01001111100000000010100000100111
00001000100101000000101111010011
00001000011010111000011011010011
00001000111000000000111101010011
00001000000000101000011101010011
00000001011111010000111101010011
00001000000001101000111111010011
00001001001110111000001111010011
01110111011100000010011000100111
00001110000100000010100000100111
10010000100000000010111010000111
00000001101000010000111111010011
10110100010000000010110100000111
00000001010100011000011111010011
00000001100110101000010111010011
11100000110000000010100110000111
10110000110000000010000010000111
00000001111111101000110101010011
00000001010000111000001011010011
00111110100000000010110110000111
10000010100000000010111000100111
01110001101000000010111000100111
10100010110000000010001000000111
00111111011100000010100000100111
10010100101100000010110000100111
00001000100111110000100111010011
00001000100100010000001001010011
10001001000100000010011000100111
00001000000110101000101001010011
00000000100001011000011111010011
00001000000011111000101001010011
01111000001000000010010000100111
11001001010000000010110000100111
00001001101110101000111011010011
00101110100100000010011000100111
00001110101000000010001000100111
00100101001000000010111000100111
10111001001100000010101000100111
00001000100011000000101011010011
00000000000111011000011111010011
00000000101011100000111011010011
00010011100000000010011110000111
00010001001100000010000000100111
11010011100000000010010100000111
00001001111001110000100001010011
00001100110000000010011110000111
11011010110000000010011010000111
01010001000000000010001000100111
10000110010000000010101010000111
00100000110000000010100100000111
10010011000000000010001100000111
00000001000110001000010101010011
00001011011000000010110000100111
00110101000000000010111100000111
11010100110000000010110110000111
00001001101010100000111101010011
00100010111100000010000000100111
00000000000110001000110001010011
00000001001000101000110101010011
00000001111100100000011001010011
00001000110110101000011011010011
00000001001100101000111001010011
00000000001011011000010011010011
00001000011011000000100011010011
00001000111010011000100001010011
00001000100010001000001011010011
01011010110100000010101000100111
00000000110111001000101011010011
00000011100000000010111000100111
00001000000000001000100101010011
01111100000000000010010100000111
00000000001001111000001001010011
00000000101111101000111101010011
10100011100000000010001100000111
00001001101000101000001101010011
00100110100100000010011000100111
00110000000000000010111110000111
00001001101110110000111111010011
00001000011100001000110011010011
00001001010010010000111001010011
01011101110000000010010000000111
11000101111100000010011000100111
01110001010100000010011000100111
00000000000000111000001101010011
00001000100110000000001111010011
00010001100000000010010110000111
11010101000000000010100000000111
10000101110000000010010000000111
00000001111000101000000111010011
10111010101100000010000000100111
10001110010000000010111110000111
00000001101110110000011001010011
00001000101111101000001001010011
00000001000011011000010011010011
00000000111000101000101001010011
00000000011110111000001001010011
00010111110000000010000000100111
00000001011011101000101011010011
10001111100000000010011000100111
00001000011010000000110011010011
01000101010100000010011000100111
00000001110001110000100011010011
00000000100010111000011001010011
00001001101110110000110011010011
00000001111111100000111001010011
00000001001100001000110001010011
10011110110100000010000000100111
00100101010000000010010010000111
01001100000000000010000110000111
10111110100000000010001110000111
10100100010000000010000110000111
00001001010011001000101111010011
00000000100100010000010011010011
11010110010000000010110010000111
01100101001100000010010000100111
11111100000100000010101000100111
00000001111111011000000101010011
00001000001010011000111011010011
01011100000100000010100000100111
00001000101001000000011101010011
10101000101100000010110000100111
00000000110101111000101011010011
00000001010010100000101111010011
00101010011000000010001000100111
00001001010011011000000011010011
00001000001000100000111011010011
00011101010000000010101000100111
00001001010010110000010001010011
00101110000100000010000000100111
00000000010000111000111101010011
00000000000010001000111001010011
00001001111001100000101001010011
00001000010000110000000101010011
00000001011001010000110001010011
00000001011010011000111001010011
00000000011101110000100101010011
00000000110010111000001011010011
00110000111000000010101000100111
00000001001000101000111101010011
00001000010011011000010101010011
00000000100100001000010111010011
11101100101100000010011000100111
11011011101100000010100000100111
00000000101101110000010101010011
00000000100111000000100011010011
10011111100000000010001100000111
10000111010000000010001110000111
00011001100000000010111110000111
00001001100010110000111111010011
11110111100000000010101000000111
00001000011010111000010001010011
10011011111100000010001000100111
00000000011110111000100101010011
00000001000111100000010101010011
01000011000000000010111010000111
00000000110110010000111111010011
00000001000100111000110111010011
01111011001100000010010000100111
00001001010101010000111111010011
00110011110100000010001000100111
11100011100000000010100010000111
00001001001101000000011001010011
00000001100010000000010011010011
00001000011111011000100011010011
00100011010000000010001010000111
00001000110000010000011111010011
00001001010011111000000101010011
00000000001001011000101011010011
00000001010000110000010011010011
11010001100000000010010100000111
01101011110100000010001000100111
00000001000011001000011101010011
00001001001100000000111101010011
00000001101010011000010101010011
00001000001111011000110011010011
00101011110000000010110000100111
00100101001100000010011000100111
01011001010100000010001000100111
00000000111010010000011001010011
00001000000010010000011111010011
00001000111100110000101011010011
00000001001100100000000101010011
00001001001111101000000101010011
11011000000000000010010000100111
00011100000000000010100000000111
00110011100000000010110010000111
01111011100000000010011010000111
00000000000111111000001001010011
00000001110010100000001001010011
11101000110000000010010010000111
00000001101001100000100001010011
01111110001100000010111000100111
00000000011010010000110101010011
01100001100000000010101000000111
01101101110000000010100000000111
11110010110000000010110110000111
00110000000000000010100000100111
10010011010000000010100000000111
11111000110100000010010000100111
00000001011100101000101111010011
00100100010000000010010110000111
00000000101010001000001101010011
00001000111001000000011011010011
00001001011100011000001111010011
11110100000100000010110000100111
11101010011100000010101000100111
11111111011000000010001000100111
00010111000000000010111110000111
00000001011010001000101111010011
10001010000000000010001100000111
00001010000000000010000100000111
00001000011001000000100011010011
11101011010000000010001100000111
00001001010011001000111001010011
11111001100000000010010100000111
10101000000000000010111000000111
01100101100000000010011100000111
10011100000000000010101010000111
11111001110100000010000000100111
00000001111111110000100011010011
00001000000100011000100101010011
00001000100111100000000101010011
01111000100000000010001110000111
11111010100000000010011000000111
00001001100010001000001001010011
00001000011110010000110011010011
11110000110000000010110010000111
00000000111011110000111111010011
11001001110000000010111110000111
00001001010110110000110111010011
11001011111000000010101000100111
00000001010010111000110101010011
00001001001111111000011011010011
00000001011001011000100101010011
00010110010100000010101000100111
00001000001110110000100001010011
00001001111110011000101101010011
00001000101000010000100101010011
00001000000000100000101001010011
00000000111110111000000111010011
00001000010110000000101111010011
00101111000000000010010000000111
00001010000000000010110000000111
00110100010000000010111000100111
01001001100000000010011010000111
11010101010000000010010100000111
10110111100000000010100100000111
10010001111100000010101000100111
10010101010000000010110000100111
00100010111000000010110000100111
11011111110000000010100110000111
00010111010000000010101000100111
00000000001110110000000011010011
11111000101100000010100000100111
00001001110111010000101001010011
00000001101100010000011001010011
11001000110100000010100000100111
00001001100001001000110011010011
11000010100100000010110000100111
00001001010100111000001111010011
10111100100100000010011000100111
00001001110001110000000011010011
00010101011100000010111000100111
00001000100110011000101101010011
10110101100000000010110010000111
11000010100000000010100110000111
00000001101101110000100011010011
00000000101010110000000101010011
00001001100101000000001111010011
01000000111100000010101000100111
00000001001010010000010111010011
01000110000100000010000000100111
11010011000000000010111110000111
00000001100011101000001011010011
00000000101110001000111001010011
00000001111101000000111001010011
11001110110000000010010000000111
00001000101101011000110011010011
10000011111100000010110000100111
00001001011100010000011101010011
00001000000101000000011111010011
00001000001100010000010011010011
00000001101011011000110011010011
00000001010010010000010111010011
00000000000000011000111101010011
00001000110010001000110001010011
00011111011000000010000000100111
00000001011110001000110111010011
00000000000010110000101101010011
00001000111100000010010000100111
00001000111000000000010111010011
00000000101100010000001001010011
00001000111000100000100101010011
00000000101001001000000111010011
01110001011000000010011000100111
00111101110100000010010000100111
00001000110010100000011101010011
10011010101000000010111000100111
00000000010011010000100001010011
00001001100010101000010101010011
00001000011010010000100111010011
10000011100000000010100010000111
11100001010000000010001100000111
11111100111000000010110000100111
00000000110011010000001011010011
00000001000101010000010101010011
00000001010010000000011101010011
00000000010001110000110111010011
10011101100000000010010110000111
01001000111100000010110000100111
00000100110000000010011010000111
00001000000011001000100011010011
00001001100111010000001111010011
00000000100010101000011001010011
10011011101100000010101000100111
11111000110000000010010000000111
00001000000100010000101111010011
00001001101110100000001011010011
10011110111000000010011000100111
00000001001101100000111001010011
00000001001010110000011011010011
00000001010100100000001011010011
00000001001101011000110001010011
10110000110100000010100000100111
11110110110000000010001110000111
00000000110010011000010101010011
01101111111000000010001000100111
00001110010000000010001010000111
00001001001001000000101001010011
10101110010000000010101000000111
00001001101001100000011001010011
10111110110000000010000110000111
00000001011010000000000111010011
00001000100001100000001101010011
00001000001111101000100101010011
00001000011100000000110111010011
10001001100000000010110100000111
00000000010000110000101101010011
00001001011110000000010101010011
00001000001010010000010111010011
00001001101000010000001111010011
10110001110000000010110100000111
10100000011000000010110000100111
00000000101011010000101001010011
11110101110000000010110000000111
00001000000010011000110011010011
00000001100010111000011011010011
00100110111100000010101000100111
01110010001000000010101000100111
00000001001001111000101011010011
00001000110110010000101011010011
00001001110110001000000011010011
01100111100000000010000000100111
10111001100000000010011000100111
00001000001101011000000011010011
00000000111101001000100101010011
00110101110000000010101110000111
00001001100001011000101001010011
00000000110110010000000011010011
10011100001100000010100000100111
00001001010011111000100011010011
00001001001101000000011011010011
11001011101000000010110000100111
00000000010000010000100001010011
11101011000100000010110000100111
00001001010010011000000101010011
00010001000000000010100100000111
00000001110000001000001101010011
11101000010000000010011000100111
00000001101011010000001011010011
00001001110011111000101011010011
01100111010000000010100100000111
00001001110100000010110000100111
01001101100000000010001000000111
10001010110000000010100000000111
00001000110101110000110001010011
00000001110000001000011001010011
01111011110000000010111010000111
00000000100110110000110001010011
11011110111000000010001000100111
01100010001000000010100000100111
00001000011111000000110001010011
01111110000000000010110000100111
00001001010011101000101111010011
00000001110100101000100001010011
11111101101100000010101000100111
01011111000000000010101010000111
10110110100000000010101110000111
00001000011010100000111001010011
00000001001011101000110011010011
00000001111100011000101111010011
00001001110111111000010001010011
00000000100100100000100111010011
10000011010100000010000000100111
00000000000111001000001001010011
11101110010000000010100000100111
00001000000111111000100011010011
00001000111011011000000011010011
11010011010000000010100100000111
00000001000000110000100101010011
00000001000011111000111001010011
01100010100100000010001000100111
00001001111010110000000011010011
01111010101000000010110000100111
01111000100100000010000000100111
01001100001100000010110000100111
01111100100000000010101000000111
10000010000000000010001010000111
10100100110000000010110100000111
11100100000000000010010110000111
10000111110000000010000100000111
11111111001100000010000000100111
10111011000000000010010100000111
00000000010100101000010101010011
00001000101010001000011011010011
00001001000000000000001001010011
11111111100000000010100110000111
10010101100000000010111010000111
10001011110000000010101000000111
11101110001100000010001000100111
01100100100000000010101100000111
00000001100101011000100111010011
10010100110000000010001000000111
00000000100110110000100111010011
00001000001101111000100111010011
00000001110000100000100101010011
00001000010111110000111101010011
00000001100101110000110011010011
00010011100000000010110100000111
00001111111000000010111000100111
00001000010000000010001000100111
01110100010000000010001110000111
00110111100100000010101000100111
01100011011000000010101000100111
00000001011000110000010111010011
00000001101100010000010001010011
00000001110110010000010001010011
01111011000000000010011100000111
00000000011010101000010101010011
00000000011001110000110011010011
00100001000000000010000000100111
11001011010000000010110000000111
01011000111100000010010000100111
00000001111100110000100001010011
10000111101100000010010000100111
11010010010000000010110000100111
11110010000000000010011010000111
00000001111101001000111011010011
00001000101001110000100111010011
00011110000000000010111000100111
01000010010000000010111000000111
00000000111010000000000011010011
11110110100100000010100000100111
00000000110010100000110011010011
00111010010000000010011110000111
00000000101110011000011001010011
00001001110111100000010101010011
01100101110100000010111000100111
00100111000100000010110000100111
00000001110000100000101011010011
01001000011000000010010000100111
00010010000100000010011000100111
00000000011000011000011001010011
00001000100011110000100001010011
00000001011101101000000101010011
11110110110000000010001010000111
00001001000010101000011001010011
11101000110000000010110110000111
11000110110000000010010100000111
10101100100000000010010100000111
00000001010001100000010001010011
00000001001011100000011001010011
00001001110000000010101010000111
11001101100000000010101000000111
00001001110100100000010001010011
00001001000011010000111111010011
00001000010011010000011111010011
00000000100010011000010111010011
00000000101001110000001011010011
11001111100100000010010000100111
00101111110000000010001000100111
11010101110000000010000100000111
01011111010100000010111000100111
00001000100000111000100001010011
00001000100010000000000111010011
10110101100000000010001000000111
11100110101000000010110000100111
01011001110000000010100000100111
00100101010000000010110000100111
00010001001000000010100000100111
00001000100101110000011101010011
00000000100110000000100011010011
00001001110100100000010001010011
00000001101000011000111011010011
00000000011000100000000111010011
00000000010011111000010111010011
00001001010111110000000011010011
00000001110011001000111001010011
01010011010000000010010010000111
00000000010011101000101101010011
00101011101100000010000000100111
00001000110010101000000111010011
11011001101100000010010000100111
00000001000111101000110001010011
00000001010011010000101111010011
00111100000100000010101000100111
00000001000000110000001101010011
00001001101000100000100011010011
00000001110000000010100000100111
00000000000110100000010011010011
11010111110000000010111010000111
00000001010001010000010011010011
00001001110011011000111001010011
00001000111011011000011101010011
00001000011101100000111011010011
10101000000000000010010010000111
00001001110010111000000111010011
11110011100000000010000000100111
00000000110011100000101001010011
10111001000000000010010000000111
01110011110000000010110000000111
00110011001100000010010000100111
00001000110011000000111111010011
00001001001110000000010101010011
01110111011000000010011000100111
00001000111000011000011111010011
00000001100110110000101001010011
00000000111001101000111111010011
00001001011000011000001001010011
11110101100000000010110010000111
10000010000000000010000010000111
00000001101101101000001101010011
11011111100100000010010000100111
00000000010011101000001111010011
01110101000000000010110000100111
00000001110011001000010111010011
00001001100011101000001011010011
01000001100100000010011000100111
00001000010110011000101011010011
10111100100000000010110100000111
10011010100000000010101100000111
01111101100000000010001000000111
00001001001101000000101101010011
00000000111110110000001111010011
01101110001000000010000000100111
01111011110000000010001000100111
11100110110000000010011100000111
00001000000000011000010001010011
00001001011110010000010101010011
00001000101100000000100011010011
10111000010000000010101000100111
01001100100000000010011110000111
00000001110101110000101111010011
01110011010000000010101000100111
11000010100100000010111000100111
00001000011111010000100101010011
00001100110000000010101110000111
00000000101100110000110011010011
00001001000100100000111111010011
00001000000101111000111011010011
10000110010000000010010010000111
00000000100010101000010101010011
01111010101100000010100000100111
10000100110000000010011000000111
00001001001001101000111101010011
11110110110000000010010100000111
01011000101000000010011000100111
10010111001100000010111000100111
00111101010000000010000110000111
11001001001000000010001000100111
10010001010000000010010010000111
01001101001000000010001000100111
00001001110111001000001111010011
00000001111011001000111001010011
00001001100001110000001101010011
10110000011000000010011000100111
00000001111100010000101111010011
01011011100000000010100110000111
00000001100111110000100101010011
00001000111001101000011001010011
00001001011001011000110101010011
00111011110100000010100000100111
00001000100010010000110111010011
00000000100111111000001011010011
01111001110000000010110000100111
00001000001101000000001101010011
01010101000000000010011000000111
00001000101111100000011111010011
00000001101000010000110001010011
01011011011100000010111000100111
00000000100000000010010110000111
01011011100000000010111010000111
10111010010000000010100010000111
00001001110110000000000111010011
00000000000010101000101101010011
00111110101100000010010000100111
11001110101100000010100000100111
00001001001011101000100001010011
00001000010100000000111101010011
11000001110000000010010110000111
00000000010100011000010101010011
00001000010100101000010001010011
00001000011001100000101111010011
01101101100000000010111000000111
00010110000000000010001110000111
00000001001001101000001001010011
00001001110101000000101001010011
10000111000100000010101000100111
00000000100100011000001011010011
11100000101100000010010000100111
00011110101000000010110000100111
00001001101101100000100001010011
00000001100111000000110011010011
00000001110111111000000111010011
00000001100101001000111001010011
00000001000000011000111001010011
01101001000000000010101100000111
00001000011110110000010111010011
00000001101001011000011111010011
00001000000011000000000011010011
00001001100011010000101001010011
10100010110000000010110000100111
00000001100010101000000111010011
00001000010011101000100111010011
01111001101100000010100000100111
00001001010100100000101111010011
00000001010000000000101011010011
00000110111100000010000000100111
00001000010101010000011101010011
11010001111000000010100000100111
10111011001100000010101000100111
00001000001001010000011001010011
01111100100100000010100000100111
00000001111000100000000101010011
10101010011000000010111000100111
00001001001111011000010111010011
10100001000000000010001000000111
11000000000000000010000000100111
00000000111000001000000011010011
00001001010000000010111000000111
00001001110001110000011111010011
00001001110110100000111111010011
01100011110000000010010100000111
00010000000100000010011000100111
00101000101100000010110000100111
11101111011100000010000000100111
11000101100000000010111100000111
00001001111010011000001101010011
00000000000101010000001001010011
00001001001110011000110001010011
01011111100000000010100000000111
10110001111100000010111000100111
00001000001101011000010001010011
00111110010000000010010000000111
00000001111111001000111001010011
00000001000001000000100001010011
00000000000001100000010111010011
10101111111000000010010000100111
00001000101111001000100001010011
00101110001000000010111000100111
00000001010011110000111011010011
00000000010110001000110111010011
11111000101100000010011000100111
00001000011011110000110111010011
01101011011100000010111000100111
00000000000000000010011010000111
00000000110001010000010011010011
00000000100001000000110011010011
00100101101000000010001000100111
01100101000000000010100110000111
10011010010000000010000110000111
00000000010010001000111011010011
00000001100111110000101011010011
00001000001111100000111101010011
01111010100000000010111000000111
11100110110000000010000110000111
10101001011000000010101000100111
00000001110001010000011111010011
01000100000000000010000110000111
00001000011111100000010111010011
00001000010100010000010101010011
00000000111010111000010101010011
10001100111000000010100000100111
00100101110000000010000000100111
11100101100000000010100000100111
01101110010000000010010000000111
01011111100000000010100000000111
00001001101000000000111101010011
00000000110111100000001011010011
00000001101101010000110001010011
00001001000101100000001111010011
01010011000000000010101100000111
00000000010110000000100101010011
11001010011000000010101000100111
00001000100101110000100001010011
00001000111011100000001011010011
10010100000100000010010000100111
00000001010001011000011011010011
01010010100000000010110000000111
00001001100001000000011011010011
11100100110000000010101010000111
00001000111000111000100001010011
00000000111010011000011001010011
00000010100000000010011110000111
10111001010000000010111100000111
00000000111111101000111111010011
11111001100000000010000100000111
11011101100000000010101110000111
01101010100000000010110000000111
11100101010000000010110000100111
00000001110010100000011101010011
00000000001010010000010011010011
00100011010000000010001000100111
10110101100100000010110000100111
01010101001100000010000000100111
00011011010100000010100000100111
00000001111111100000010111010011
00001001110000101000001101010011
00000000110110110000000101010011
00000000010101101000001011010011
00001100100000000010001110000111
00000001101010011000011111010011
10101000110100000010001000100111
00000000110010110000001001010011
00001001001010011000101101010011
00001000110100110000000011010011
00000000100101011000011101010011
00001001100111011000110011010011
01100011101000000010100000100111
00101101110000000010111000000111
00001000101101111000111011010011
00001001100100010000100011010011
10001101011000000010010000100111
11111111100000000010010000100111
00000001111110111000011001010011
01000001111100000010011000100111
00000001100010010000101101010011
01110011100000000010010000100111
00000000001011101000000011010011
10011000111000000010100000100111
00000001011110011000101001010011
00001000111101001000110011010011
00001000010101000000011001010011
01010101111100000010111000100111
00001000101001010000000011010011
00001000101101000000000011010011
00100100100100000010110000100111
00000000111010011000100001010011
11000011000100000010011000100111
00000000110010101000100111010011
01101101000000000010110000100111
00000000110110011000010101010011
00000001010011001000110101010011
00000000110101111000000011010011
00001000111101101000111111010011
10111010110000000010111000100111
00000000000110011000111101010011
11100001110000000010110110000111
00000000111000110000001011010011
00001001011001010000110111010011
11111000100000000010001000100111
01000000010000000010110110000111
00000000111100000010011000100111
00001001011101101000001001010011
00000001011101111000001101010011
00001001000001100000111111010011
10000110010000000010001000100111
00001000100000001000110111010011
00010110011000000010111000100111
10000011010000000010100000000111
11011000110100000010101000100111
01001101110000000010110100000111
10101101100000000010101110000111
11110100010000000010100100000111
10000010101000000010100000100111
00001001101100010000100111010011
00001000110001101000011101010011
11001101111000000010010000100111
00000000000011000000100101010011
11011111100000000010011110000111
00000000000111011000111111010011
00001000110111000000001011010011
00000001111111111000011101010011
00000000011110101000110111010011
01100101100000000010001010000111
00000000001110101000011101010011
10101000010000000010101010000111
00000001100111000000111001010011
00010000001100000010001000100111
00000000111101101000010011010011
00000001100000010000110111010011
00000001011110111000110111010011
11000001000000000010110010000111
00000000011110110000111101010011
10001101010000000010100000100111
00000000001010001000101011010011
00000000010000111000000111010011
00000101010100000010001000100111
00001000000101001000111111010011
00001001111101010000100001010011
00001101011000000010100000100111
01011100110000000010010010000111
00001000111111011000101001010011
00111000000000000010110100000111
11101011100000000010000110000111
00001000100101100000001101010011
01110000100000000010001010000111
00100100100100000010001000100111
00101000000000000010111100000111
01101001100000000010010110000111
00001010101000000010111000100111
00001001001010011000101001010011
00001000001111011000001011010011
01010001000000000010001000100111
10110011100000000010011100000111
00000000100100001000100011010011
00001001000010110000001001010011
00011011111000000010000000100111
00001000000010111000111001010011
00001001110001101000110101010011
00001000011001101000011011010011
00001000110000010000110111010011
01010000111000000010111000100111
00001001100010100000010001010011
00000000010111110000010111010011
00001000110000101000000011010011
11111100110000000010110010000111
01000111111000000010100000100111
00000001101001010000111111010011
00001001101111010000011011010011
00000001010000101000111011010011
00000001110100010000011111010011
11001011010000000010101000100111
10001110100000000010111000000111
10010111010000000010111110000111
01100100010000000010110110000111
00111111110000000010101100000111
00001001001001100000110111010011
10010001100000000010011110000111
01001111000000000010010000000111
11001001110000000010011010000111
00001001010001001000100011010011
01001111001100000010011000100111
00011000111100000010101000100111
01001001100000000010011100000111
00001000101111110000000101010011
11010100000000000010111010000111
00000000011000110000110101010011
00001001010101001000111101010011
01000100100000000010101110000111
00001001110100010000001011010011
01000110101100000010101000100111
10101101111100000010001000100111
00001001011100000000111011010011
00001001100110111000011111010011
00001000000011000000100011010011
00001000101011011000001001010011
10111011100000000010001100000111
11111100001100000010110000100111
10111011110000000010110000100111
00010010010000000010000000100111
11100010010000000010010100000111
11101111100000000010100100000111
00000000010111010000010001010011
00001001010101010000111011010011
00000001101111000000100011010011
00001000100100111000110111010011
00001000000110011000010111010011
10011101100000000010010000000111
00110010100000000010010010000111
00000001111001100000101111010011
00001000001111010000001011010011
00000001111111010000010111010011
11100110110000000010111010000111
10001011001100000010110000100111
11101101010000000010110110000111
00001001000100110000011001010011
00010011100000000010010100000111
00010011100000000010100000000111
11000000100100000010001000100111
01110010010000000010101100000111
00001000111001011000111001010011
11111011010000000010001000000111
00001001000001001000001111010011
00000001011101001000100101010011
10010101000000000010101010000111
00001000100100011000100001010011
11101000100100000010111000100111
11011000110000000010001000100111
00011110111100000010011000100111
00001000100001101000111011010011
10100000110000000010101110000111
00000000100101001000100011010011
11111110110000000010111000000111
01100100001100000010100000100111
00001001100011000000110101010011
00111001001000000010110000100111
01110101100000000010110100000111
10110001100000000010111000100111
11011001111100000010110000100111
00001110110000000010000110000111
11001101101000000010001000100111
01100010011000000010111000100111
10010110100000000010011100000111
00000001111011111000110011010011
10100101100000000010100110000111
11110100011100000010110000100111
00001101011000000010000000100111
00000001111000010000110001010011
00001001100000011000010111010011
00001001111111100000000111010011
00000001110110011000101011010011
00100001010000000010001000100111
10011011100000000010111010000111
01101010000000000010000010000111
00000001111100001000000101010011
00100010000100000010011000100111
00001000001101101000101101010011
00000001111111110000101011010011
00001000001000011000010101010011
01000011000000000010100000100111
00011001000000000010010010000111
01010010000000000010001010000111
00001001101101001000001001010011
01100001010000000010001100000111
00000000001101110000110111010011
00001001000001111000000111010011
11000010100000000010011110000111
00001000111100111000000111010011
10001110010000000010100000000111
00000000000000000000000001110011
00000000001010000010111011100111
00010010101100110110000011011011
00000000010000101111110000101001
01001100001000001111001001100111
00000000000111010011111000101001
11010001001000110111011010110111
00000000001010000111010011011100
01001100110011101001000011100000
00000000000110110000111000010001
00110011010110110100101010111000
00000000011011011111111000000100
01001111111010111100010101001000
00000000001100110001110000010101
00100111100001010010101100100111
00000000011001101111011001000100
11111101011000000011110011001100
00000000001000101100011001110100
01011111010110011011001011010100
00000000011011000111011101001100
11111010100000111011001111010000
00000000010011101010111101111010
10010011110111111101101001110111
00000000010100000101111001110010
10001011100100011000101101111011
00000000011100101010111100101111
10101001010101100010010000110101
00000000001111101111111101111111
11010110010100111110111111101001
00000000001011000000001111110001
10101011001100111100000110101111
00000000011001000100111011100110
10111111000011101000100111100111
00000000001111100101100010101010
11100101010110110111001111001010
00000000011000011010011100110110
10001101011110001000010100010101
00000000000100101000001011111100
11001011110111100110000010010110
00000000000011001111111101011010
01101011110100100111101100011111
00000000001010110111001110101000
01001101000101111100111010100001
00000000011111110101110101111010
01111001111011111111000100100011
00000000001111001000100111100101
10000010010000000001001010000010
00000000000011100001001101000000
11101000010001110011110101101110
00000000001110111111010110000100
01111110010100111001000010111001
00000000001100011111011110011110
10100011011100011110101111010111
00000000011000111011010010110001
00100100000001101000100011010001
00000000010110110011000101100101
00011111110010011011011000101011
00000000000010010010011111100100
00001010111111101011011110011101
00000000010011000011001001100011
01111110111001100010000000111000
00000000011010011111000000010001
11100001100001100110001010000111
00000000011011001110010111001101
00100111101110110001010110010110
00000000011001010010100111010000
00101011010110111111001100110001
00000000000100011110110011011111
11001100000000111011101011110110
00000000010101111111011101001101
11010000000001101010001100111010
00000000000110000111011010110001
11011101010001010011110011110001
00000000001011010010111101010011
00010111001010001110100010011001
00000000000101111011111101111110
00010111100101000100011011101101
00000000001100010000011010010100
11011111001000101011101111110101
00000000010011110110000110101000
00101000000000110101101110010011
00000000000010110001000101110111
01001001000100010001100000111000
00000000011011001100111110100010
10111110111111010101000000101100
00000000010011010111101010111000
00111000000100010101001110101111
00000000011000100000011101001100
11100000111111101110001111110011
00000000010001111001110101011111
01111011110011000010111001100000
00000000010001111000011101101101
00011101111110001010000010101011
00000000011011001010111011001110
00010111001101010001001101010101
00000000011001011010011101111100
11110001111001110111101010001111
00000000000111001010111100001110
00001011010010011000100010110111
00000000000000001100101001111110
10110010110110101010100101101001
00000000011100000110011010111111
01001001110110010001001100101111
00000000000000111110000111000011
00011010000101100011100100001010
00000000010110010010111111101100
00010100100010100011001100110110
00000000010010100011011100110111
01111101001110110101001111010000
00000000011111010001011000111100
10001101111001101010000010100001
00000000011000000110110110001101
01101111001001001011111100100110
00000000011100111011110000111001
11110000101111011000010011111000
00000000011110101001010110100110
01010011011011110110110010001011
00000000001010111111101110100001
11110011010011001001011101011100
00000000010101110010110010111011
10010110001001010101000010011100
00000000001001110110011100011110
11111100101011110001001000110110
00000000011101010011100000000001
01100110000110001011001100010000
00000000011100110011101110110000
00100111000011001100100111010101
00000000001111001110011101100011
00100101100110100001111110010111
00000000010001011111101111011111
10100000001101110000100110111101
00000000010010000101011111111010
00001111000000010001000111010110
00000000011110101100011101101001
01010111110101000101000101001001
00000000010111111001111100000100
01111110100011011100010111110011
00000000011110100101100011111110
01001111101101001000101111110010
00000000000101101111001111110011
00111111011001111110011100101101
00000000001000110110100101110110
01000111100000011111010100000001
00000000000011110111000110110001
00101100100111101000110110100001
00000000011011111101111011011000
11011011001000111000101110010000
00000000011110100111100111011110
10010001110010111100011110110100
00000000000001010101100010011101
10100000010110101101111001101111
00000000010100111011101101001101
10110111011101111111110001111001
00000000001010000100011101000010
10000011001011101001111000010110
00000000011110101100011010000101
00110000101011010111101101100011
00000000001100100001001001101011
00000010101110101011000101011001
00000000011100001011111001101111
01001011111101010110101001001110
00000000001101011100010010111000
10011001100010101010100010111111
00000000011111110010001100110111
10100100111011010110110011001100
00000000000111001000010101001100
00001100110011111101011110111100
00000000001110110010110101001000
01110010100000001000000010101001
00000000000100100100110001011010
10100000111000110100100010000011
00000000010011010010011000110101
01110110110100101000010000010101
00000000000001000100101110110101
00110100100100101100100101000010
00000000000010110110110100011111
01100110101001010100111100001111
00000000001110111000111000101000
10100011010100000110011111110111
00000000010100011010000001010110
01100111101000110010100000010110
00000000010010101000000101100101
00011110110011100000000110011010
00000000010101000010111000010001
01110110000101110101001111011111
00000000001001001001011101101100
01011000111001011110111011001111
00000000001110010100100011100010
00111000101011000001101111011010
00000000010100100100111101001110
11011101001110001110110011110100
00000000000011101010101100010111
00110001101101010000001100000001
00000000011100010111100011100100
11011010001100000100011011001000
00000000000101111011011001100000
11110100100001011101001101010101
00000000000111100010010001001000
01000001001111011000101100000101
00000000001010111100100110011111
00000010111100011111000101110110
00000000001001010100100010101111
11010100011111111001111111100100
00000000000000001110110101111000
01100001010011111101010100011011
00000000010110001011000011111001
10101111000101000010000101101011
00000000000010101000001001001110
00000100010110010101010100010110
00000000000001110110010010001011
01110100111100000000000111101111
00000000000111011101101001111111
01111101101110000001001111110011
00000000010111010010110011101011
10011011101111100100100001010110
00000000011100010011000001110100
11100100110100000110010010111100
00000000000110000010000101000101
11110011000001001011010011100010
00000000001110011111000100111110
10100110000001100100111100011010
00000000001011110101110110011100
10111100100111100101101000010010
00000000001000001011001000000100
01001000000111011001101001001001
00000000011000011111010101111111
00110111101000100011001111000001
00000000010000100101100101100101
11010000010100101111011011000111
00000000010000101110101001001010
11100010001010110011100010100011
00000000000100010110100100111001
01110110101010111011000000101011
00000000000100011010001110000000
10111111001000010101111001001010
00000000001101010010101011111001
01110010000010001111000000100010
00000000010100011011110011001011
01111010101111000110001011010101
00000000011001000100010111111010
01100100110110000110011000110100
00000000011100011110111010001001
00100010001000100100110010110101
00000000010001100001110001100001
00001111010110101011010001100001
00000000001010000011001011000011
10001101010110110101110100001000
00000000001011101110000101011001
10010010011011110010111000010010
00000000001101010101010100010111
00001000111001110111111101110010
00000000000011110111001110011111
11001111010110101110101010001011
00000000010000011101000010011000
00011000100101000000111000001000
00000000001001000000001011000011
10110111011000111110011001000001
00000000001100011101001100000101
01010111101010011011011011001011
00000000010011000100011010101001
01101111001100100010010110100001
00000000001100100110010000011100
00010110001011010000100101101101
00000000011101100000011011110100
11111011010101100101010110111111
00000000010001111010100000011110
10001011000100010000101101100100
00000000000101010010101000110100
10110101111101100111100011111111
00000000001001001001110111000110
10001011101110001001011100011101
00000000000101110001001001111100
01001100000000110111101001001100
00000000000000011110000011100001
01101101001000001011111000001000
00000000000010111010010011110011
10101100111001000001101110100101
00000000001111011101111101111000
01010001101101011100110111110000
00000000000111101110000010001111
10001101001101110101001100110110
00000000010011100011110011000101
01111101100010000101101000000010
00000000001110111101100100000011
01010100100110101000100011011011
00000000000111101001111111000000
10110000111101110011000011001110
00000000010001110010000100101111
01001101011000101010101011100111
00000000011110110100010001111100
00000011101111111101010100011001
00000000000101100011010101010000
10110101000110111010010111011001
00000000011000001100001011010111
00101000111011000001111011011100
00000000001001000000000000001000
11010001011011110000111110110111
00000000011000111100000101100001
10010001111001100111000110100000
00000000001101001101110111000010
01101011100110001001001111001010
00000000011011010111111011101011
10111100111101001111100000101000
00000000000010010101101001110101
00010010010000101001001000011111
00000000011000110111011010000001
11100000111010111100000110010101
00000000011111100011001101100111
10000101010011110101111101110001
00000000010100010110000101011010
01011011001100011010010110001011
00000000010100110011010101011001
00101110000100110101101000000111
00000000000010010011100111110011
01100011011100110000010101000000
00000000010011010000011011010001
11011010111010001000110011011110
00000000001011110101010101001011
00101100111110001110001011110001
00000000001000101110011111111010
11000010101001000110010111000010
00000000010010000111101101001000
10101000100100110000011001011000
00000000001111101100110100001010
00000011100010110101100001000000
00000000000000110111100111111000
01001101001111011011100000101010
00000000010000100100001010100110
10111100100101110110110000111000
00000000010010111010011111100010
11111110100011011011100010011100
00000000011010001000011110000100
00010010110110010100001000111001
00000000000110111101001101100110
01110001110111100011010100010100
00000000010110000110111110000010
01000110011011000111100010011001
00000000001001001001011010101010
11100111100101111000110000001011
00000000001000010100001010010111
11110000011110111110010000111010
00000000000110000000101011110111
01001110110110010000001111000100
00000000011101011000001000101101
10011011010011010110100101001001
00000000001100001111111000011010
00111011111011001111100000100011
00000000011101111110110101100100
11000110010000000101100011101100
00000000000011011100111001100100
00011011001100100011001111110100
00000000000100101100000010001100
10000100011001110000011100001000
00000000010001010011100101010100
10000100110111010010110100101000
00000000001000000100111110111110
11001111111001110001111100111100
00000000000101100111000011101001
00011100100110111101110111001011
00000000000101111110011000001011
11101101100010010011010110100101
00000000001010010110000001110110
10010101101001100000011001110000
00000000000100111111111000111111
00011101110101110100000010000101
00000000000000000000110010100111
11001111110011011111011001111001
00000000000000101001100111110001
00101110111110010111001101011101
00000000001001010010000001000110
00101101101111110001011111111010
00000000011011100001110101001101
11001111001110110001010100001011
00000000001111010100000010101101
11110100011111010101111101110100
00000000011110010111011101101001
11110100101110111000010100110100
00000000000011011101000101000100
00110100000000011110010001110001
00000000010111110110111100001111
10001100111010000111011000011010
00000000011100100101010110101110
10011110011101000000010011001000
00000000011010100101101101111101
01000100000100010111110010100100
00000000001001100100100010110110
10101101010110101011010010010001
00000000001111001100100101010010
10011111110110110011111011110001
00000000000001110011000101101110
11001101100111011011010011101011
00000000001110101111001101101000
10010011101110100000101010011111
00000000000000110010011000101001
10100001000000000111010011000001
00000000001100001100101110011111
10010010100000001011110001010000
00000000001101010111011101000110
11111101100101111110101000010011
00000000010000110110011110000110
11011000111000111110110111110100
00000000001001001110011011101100
11111001100101100011010101011000
00000000011100110101000011111000
11001101110010111010101100000111
00000000001100110110001001110101
11000011001001110100001000110010
00000000010000000000100010111011
11001101100110010100111111100001
00000000001000000101011100011000
11110010101010001110011010000000
00000000001000001110011111011100
00100111011011110010011110101101
00000000000011111001101100011100
10010101001111110010001010111101
00000000010011111000001101110111
01000000101110100000100101110110
00000000011110110101000100111011
01111010000010100011111001110111
00000000010001001010010111010100
00110101010011111110010111100111
00000000001111001100011100000000
01001111101011011110100111011011
00000000010100100000000101101010
00000001010000100000111010010010
00000000001101001010101001101000
11000010111110101010011110110000
00000000000100000000011111011101
11011000110101100010100000000001
00000000010101100101111100010001
00110010011110010011001111111010
00000000010001010111011000010010
00110001001110111100110100011001
00000000001010000100000101001001
01110110111100101110011011100110
00000000011000110111100101011101
10100110111111010011010011110011
00000000010000011001101000101010
11100000010101000011100111010111
00000000001010000010011101010101
10111011010010000001110101100000
00000000011001111100100011111000
01101011100010110001011100101010
00000000010001111010011110110000
00001111000001100001110000000110
00000000011101001100000100001000
00000000000010100101001001010001
00000000000110100111101010100101
01001000101110100100011111100000
00000000000011110101011100000110
00010101011110000010010100110111
00000000001101111101000100100110
00001000011000111001111000010110
00000000000110110000001010110100
10101111000000111011101111101000
00000000001111001101001001010111
10000000000100001010100101001101
00000000011010100111001010101011
00111111000100010011010001000100
00000000000000011010000000101100
01000001111111100111110010101001
00000000010000011101111011101110
01011000000100111101101010111110
00000000010000000011011010010110
11000011000111111100110100100011
00000000001100011011010100010000
01001000010111000110011001010101
00000000000011101111100110100101
11010110111111001011100010000010
00000000000000000100110101010001
00110011001001100111010111111111
00000000011000100010110100110000
11101111111110100010101001011100
00000000000001010011110010011000
10010001101011001101101110010111
00000000010001101000111010011001
10101010110010011001100111000001
00000000010110000111100011010100
01011000100001001001110111110011
00000000000010001100001110110010
10100010111011101100011011101011
00000000011000110011110101110111
00101101010110100100101111000101
00000000010100110111111111010100
11100110001001100101111100000101
00000000011010111001000010111010
00010111000000101110011101001000
00000000001001010011010010010100
11000101011100111101011101101011
00000000011100111100110100101101
10111100110011001000110000100000
00000000010101100001000000111111
00010000010111011000110000001001
00000000001110110111000011111000
11001010000001101010110010100110
00000000011111101011011101010000
01111001111110101001001011010001
00000000000001100111000111000001
11000010000011010011001000111010
00000000000100111101010001000010
10000110111110100101111100100000
00000000011110110010110100100011
01011011111001010011010101010110
00000000011010010100011100000000
11111101000001100000011101000101
00000000001001010111100101101100
11010100100100110111100010110111
00000000011011001000011100010101
00011111010001001110011001110010
00000000010110001110010110010110
00110111001010001011000101100001
00000000010110110100000011010011
10101100011010101100100100011000
00000000000001110111000110011000
01000110000000011000001100111101
00000000001100001100110110100010
11010100001110100111111110000101
00000000000001100110010101101100
11110100010100100010110011000111
00000000000110110110101001001100
00110010101010001100100010000111
00000000011000101000011010011110
01111010001110000001110111000111
00000000000010010001100110101111
11010110110101000110011100101100
00000000011010000101001110111000
00011100110111000011111010111101
00000000001010101111111011110001
10100100010001001101100000000111
00000000010101010011001110101111
00111011110010010010011000010010
00000000001000011001110000100100
10100110111101011100011101100111
00000000010110101000010110111101
11011111001111010001111010001001
00000000001011110000110000010010
11011110000100011011111000100001
00000000000111110110100010101111
10001000111010110011111001111010
00000000000110001010000110101110
10000001110011001100101010100001
00000000010100000011010010111101
00011000001101011110101110011101
00000000000011100110010000110110
11100110101111001110111101100110
00000000000100001001010011111011
10100100001010000101011010000111
00000000011001001110100010111111
10000011100011011100111000010010
00000000010111010100111110101100
10011101000000001101100001001000
00000000000010111110101011100000
11110011111011111011101001000100
00000000011001110000110110000011
01010110010001110011111011111000
00000000001000101110101110001011
00001100011111000011000100011101
00000000010110001101100000101111
11111000101000111100101001100010
00000000001101110111001110111011
10011100110000010111011010110010
00000000010100111011101110000100
11100110000110100110000011011111
00000000010100110011011001100000
10010010100100100011001010110001
00000000001010011100001001001110
01110100110010111011000000101010
00000000011001101010000011001010
10010000101011011111011000001111
00000000000110001110011111100111
11010101100101111010100001101100
00000000001100011010010001110011
00111111010110010101010011010000
00000000001001110000110000001111
10101100000000001100010000101111
00000000000011110011111100000100
00010010100010000011101111110110
00000000011000010101101010111111
01101100110001111010010001100101
00000000011010011111000100100111
10010010001100011001111000010101
00000000000100011101000010110001
01001000000010000110111110000100
00000000010110011001100010100010
00101110001101010101111000000010
00000000011101110000110101101110
00001111001110101100100110000101
00000000000100000001111001011111
01000101000110011100011101110111
00000000011101111000111111111101
01100100011100110000111110000011
00000000000010111010011110000110
00111101011110100010000101100101
00000000000001000011001000110101
00111111011111110111110000011101
00000000000110001111101011011001
10010011111011100110101111100000
00000000000010010011110111100000
00101001111110101111001101100000
00000000011111100001110000100000
01100001101110000011101110001010
00000000001001011110000010111110
00000011011011001101001010110110
00000000010000100011000100110010
10000110100001001001101111001100
00000000011011110010100010110100
10111100000001110100101110001010
00000000001101000010111010100010
10011011011001100001111101111000
00000000001001001110001001010101
10110101110100110001010111011011
00000000000110010001101011110101
11111000010001011011100111110001
00000000011111000010001001011011
00011111000101010010011010011100
00000000010001011010111110101000
00010001101100011000000111110100
00000000001110100101000001000010
11111010111000010101111000111101
00000000000111001100111001110010
11001111100101100100101011010000
00000000001001010100011100101011
01100110101111100001011000110111
00000000001100001101010101111001
01010010111110000100011011101000
00000000001111000000110110010000
01111101111001110111010110100010
00000000010101010011001110010100
01110001010101101110100111100100
00000000000101100000110111110000
11110000101001100001111100010100
00000000001101000110100110010000
10110100101111100010010100111111
00000000001101001000100000110000
10011101101111101111110100010100
00000000001101101111111101011111
11100001110110011010001100010101
00000000001010101110111000111010
00111000100110100000001001101101
00000000011110010011110110100011
10011101110101100101100100001110
00000000010011001110101100010110
01111110110011110001101100101001
00000000001101101001001111101100
00011000011110111011111000100011
00000000001000000110101011000011
10101100111110001011110110010100
00000000001011011110010100010110
10010001010000001010000000000000
00000000011101100011000111100011
11010001100101010101100111011000
00000000010001010110000001100011
11000100111110010000010001110010
00000000011110001110100011011101
10000011010101001111111000010101
00000000001101010001101100000011
01000001001000110010001011011010
00000000001100001100000101111101
00111001101110110110011110011100
00000000000101111110000011000111
00001011101011000100011000100010
00000000011110100011001010010001
11000100110010000111010010111100
00000000001111111000001110011001
01010100101000100110101000101011
00000000011000001110101000111001
00111000001001000101111100000100
00000000001001011001110101100010
01111110101110110001000101100100
00000000000110110000010101100110
01011101100011010110100110010010
00000000000010000001101101011011
00111010000101010001001111000011
00000000011001010000110011000011
00100011111110111000101011110110
00000000010101011110010001110001
00001011100011100011110001010110
00000000010001000001111100001110
10101111001011111100111100100110
00000000011000000011100000110111
11101001110100011000000101001001
00000000001011000111101111110001
10010010111010110101101010101101
00000000000010000001010011001110
11110001000010000100001001110000
00000000011101000101011000101000
01011100100110101001111001110101
00000000001101101010001111101100
00011010001100101010001011001010
00000000010101110100001001110100
01110000000010010110110011110111
00000000000000100110101010001100
10100000100011101010010010111101
00000000010110010001010101111001
11010000110111100011111001010000
00000000000100110000111101001111
00101101101011110101100001111011
00000000011110011111001001001000
10100111101010011011101011010011
00000000010011001010010101110100
11001101110010101001000000111100
00000000011111010100111001001110
11010010110010111100110001001010
00000000000100100101111100011100
00000111100110110011000100100000
00000000000111000011011000001000
11010000101110001010011101000000
00000000010010001011011100000011
01101001100100011101111101010100
00000000000111010101101001101100
10001101101100000111101101100110
00000000011110011000111010000100
00101010001100010001001111110101
00000000010100110111110101101010
00110100111111110000000010101100
00000000000100001100100111110000
01110000100011000011101010001110
00000000010000110100010100100100
11000010110110011111000111000010
00000000010010101100001010111010
00011010111001101001010001010001
00000000001111101101101000000010
00011111101000110101111111000100
00000000001111111000100100000010
01100001001110100100000110001000
00000000001101101100100101110110
10001110100001000000010100011011
00000000011011001111000011011010
10001110100110100110010111100010
00000000000100001010011000101110
01010011100111000111010100101001
00000000000100001100100110011111
10110100000100010110010000100000
00000000010000100110011011010110
00110001011001101011100000011011
00000000001011110011101110010110
00100101001001111000010010001011
00000000010111110001001010110100
01011111010110001100111100011100
00000000001011111001111110111000
01001001110100110100010101101011
00000000011100111000000001111111
01010000011010111101110011011010
00000000001110001110011000010000
01101011111001001000000110011001
00000000000011001100011011110100
01011111010101101111110110100010
00000000010111011101101000101100
01011100110001100001110100111110
00000000010101100111110010111101
01011100111111011001111111100010
00000000001101101010001110101011
11001010000010100100100110010010
00000000010001111011111100100011
10011001000111011100000000001010
00000000001001010111001000101110
00011000100011101101001100010101
00000000010010100101110001010011
00101011000110001000110101000001
00000000001100101000011010011011
01011010010101100010110110100001
00000000011110000111000100100000
01100001100011101101110111010111
00000000000000000111010101010111
00100111010001011100111111100101
00000000010111010011011111110110
11111001010101110010101000001100
00000000011100011001101011010110
00011010001100010101000101100111
00000000001100001010010011110001
01111010011111000011001011100111
00000000011010101011001100101000
01110001110001000101101000010010
00000000011111110100010101011010
10100011101001101011101000010101
00000000000110110010110000000001
11110010111011001111101001001101
00000000010010111110111110011110
00000111011110110100110011100000
00000000011010110001110101001100
11011110110010000011110111001111
00000000011001000101000101001110
10001111010100111101001011111000
00000000000101101001000011010011
10100000010101110001110010111111
00000000001101111110110001001000
01101100100110110101010111000001
00000000010110110101101101101100
00010001000110110000110000101010
00000000010110000001100100000011
10100111010100001101111001101100
00000000010011000111000111100000
11100101001100011010010011111101
00000000011110001101100011001001
10111100011010101100101111111000
00000000000011111110110010001100
11101011100001100000110100111101
00000000001011100101111101000111
01010001100010000111101101001100
00000000011101100010110001010001
10000010000110110110001111110001
00000000000101110011111011000110
00100011101110001011001001001111
00000000011111111001001100011110
11101111001011001001100110000100
00000000000101000111110111011001
11100111011110110010100111111001
00000000011110011011011101110110
10101001001011011000000001001001
00000000000000110101010010101001
11111000011000111100010110001001
00000000000011001111100010011011
00100101000011001100111010110001
00000000010110111000000111000010
01110111101101001100010101110011
00000000000110110000010001011100
11000100111010010101110101101100
00000000001111001011100010000100
11100011100011010000100100110110
00000000011100000110110000100101
01100110010111010000101000011110
00000000001010000001110010010111
10110010111001111110101000001110
00000000010010001101011110000100
10110011101100100110100110111011
00000000000100101111110100110100
00010001010000100111110100001110
00000000000010101101101110000000
10010001001100100000101001011111
00000000000111100000011010010000
01000101000001010010011101110110
00000000001011010110111110100111
00111001111010001101110001100111
00000000000100011001100111001011
11100010010001011110011011011110
00000000001001100110011110110111
11110110000111011010110011110000
00000000010111010010111010010001
00100000100101001110111010110001
00000000010010001111000011000001
00010011000001100100001011001110
00000000010110000001100101001011
01110011011110111010011101111100
00000000001100111001110101001001
10111101010000001100111010001100
00000000001011010001010111011100
10111001110100001011001110000001
00000000001110000011111001011001
10101101100010110100111111001010
00000000010010011011111000111100
00111011011101001101000001000101
00000000011100001111100011001101
00000100100111110101000011101011
00000000001111111111001011011010
00100111100000011010111011110100
00000000000001011101010110011101
00001001111000011000001100010100
00000000001011111000011101111001
11100000011100000000010100000010
00000000010001011101010101001100
11110100111000110000011000100001
00000000010010001011100001111100
01111100111100101000100000110011
00000000011110001101001011101000
00101011111110110001101111111101
00000000000000001010010011010000
10110101100101100000010110010111
00000000011010110101111000101110
00101111000010101011010000010101
00000000001100111100101111001011
01100001110011110111010001101000
00000000000110110111111000111101
10010001011100010010011110000101
00000000011010010100111111111011
01100010001111111110001111011001
00000000000100010010101010010111
11010101000010101011111000000000
00000000000100110001100010111000
00001100000110110101000011111110
00000000011110001010110100110010
10101011010100011011100110110101
00000000001101001101001101110101
01111101001111010100100010111011
00000000001010001001111110110011
00000001101001110111100001100110
00000000011100111011011110111101
01111100111100110101101100011001
00000000001011001010000001010111
11001111000101110100001101110111
00000000010001010000100010110000
10101000010010111000000100110111
00000000011010000111110110000000
11010000111001001010100110110101
00000000000011011101010110101101
01110011101111110011001100010101
00000000001011010101100011100110
01000100110011001000101111011000
00000000010001101111111000111101
10110011011110111110111010011010
00000000000000111011010000010110
10000110001000101111000110010001
00000000001010110111001111111010
00110000101001100010000011110001
00000000010011001111011100000101
00110101001000111010110000000100
00000000000011001101110111110001
10101011110110101111001000000011
00000000001100110110100000101011
11011110111101011011011011101100
00000000011110110001001111001001
10011000010000000000011110001010
00000000000110111010100101000111
11000111010100010010001101010011
00000000010011011001010011100000
10111101101111110000111111111010
00000000001111010101110000111001
11011000000101011111100101001111
00000000011000110110001101011110
00100010001101001010001101011011
00000000001101001110100111010110
01000100010111110001100110111000
00000000010101110011010100110110
10000111101001101100100000010011
00000000010010111101000001100110
01011010011000100001101011111100
00000000011001011001110001001110
00111100011001111000011011000100
00000000000001111100111110110001
01010000010001010101110011001111
00000000000011000111000001100110
11100101011001010010110110010101
00000000000100001100010000110101
10001000101010001001011101110100
00000000010110100110110011101001
01101010000111001110100010010000
00000000001110110111110110100010
11010101001101010100100111010100
00000000000100010011000110010000
10110101101001100110011010110001
00000000010000111101110000110110
11010001011010110010010011000001
00000000010010011111000111111110
00100111011010001110010001101010
00000000000100100100111110000010
11101000100001101101000100111011
00000000010011001101100100001001
11110100001011110101010000001011
00000000001010000011010110110100
11010100101000010010110001010001
00000000000011110110100001110111
00000000010000011010010111000011
00000000000011001010111001000011
00000011110001111001100011101010
00000000001100001000110110000111
01111010110000110110100011011111
00000000000011111001001100111000
01000000011100001100100110111001
00000000010011010111000100110001
10010110111100101100111100111100
00000000000000111111010001000110
00010011100011100100100010100110
00000000001100111101111000111110
10000111011011001001001100011100
00000000011111101001111010111101
10110101101011010111000000100011
00000000000100011010000101101000
11011100100010101100101011100111
00000000011011010101110111111100
01100011000101000100101011110011
00000000011011011011000010110101
11001101001000111011010101110111
00000000001100101010110010011001
10011010000010011110000100111111
00000000000001100111110011000000
01000011101010010111010101111111
00000000000010010000011110110010
01100111011100100010111000011001
00000000000011101010011010110111
10100010001100111010110111100000
00000000001011101010100001101010
10001010010001111001110110011101
00000000010101000011111001000110
00100101101111101010000011101110
00000000010110011000110111001100
00010110011000010101010100011101
00000000011001011111010000001001
00110011101100101011001001100101
00000000000100110000011100110011
10100001111111001011010010000010
00000000011011011001010011111110
11110101010001011110110101101011
00000000001101111111111110001001
00111100110001110011001100000010
00000000010100000011100100111110
01101001101111101101011111101000
00000000000011001111000111001001
01010011111111011101010001001110
00000000001101010011111011110100
10001101001100100011010110001000
00000000001110100011001011101111
10101111010111011010110000100111
00000000010101100011001001111010
11111000001110100000000111100101
00000000000000010000100100100010
00100000010100110001010110101001
00000000000110110011101011011110
01000011100000011000001011010001
00000000001000110110110010101010
00010100111010110110010010000000
00000000000101100100101110110111
10101100000010110100101110111010
00000000001111110110001101101111
11000001100011111011101101011010
00000000011110001111011001110111
00111111101101110111100010011001
00000000001101100101000011110010
00001000110111000100000001001110
00000000001000100111100001001011
01101001101111111011110110110101
00000000011100011111101101000010
00110110011101101101000011101110
00000000001110111100100011111000
00100111001101000101011100010011
00000000001001111000001011111010
11110101100001010000010001111101
