01111111110000000000000000010011
01111111110000000000000000010011
01111111110000000000000000010011
00000000000111100010110010110011
00000000011010101101111110110011
00000001010010000000011010110011
00000001010010011010000110110011
00000001100001010001111010110011
00000000011100111000110000110011
10100001111001011001110101010011
00000000111100011010011110110011
10100001100100110001110101010011
01000001101011000000000110110011
01000000100000110000010100110011
10010101110000000000100000010011
01000001100011011000000100110011
11100000000011000000000011010011
10100000011101110001101001010011
00101001110000000000000110010011
01101001010000000010100100000111
00000001110010111010110000110011
01100110100000000010111110000011
11100000000000111000111011010011
00000001110101011000001001010011
10100001001100010001011101010011
00111111110100000010100000100011
00000001101111100000010111010011
10111101000000000010101000000011
11100000000000010000111111010011
10011111100000000010000000100011
11100000000000100000001111010011
11110010101000000010000000100111
11110000110000000000011100010011
01000001111111100000111010110011
00000000110011111000010110110011
11100000000001101000010001010011
11100000000000110000110011010011
01101110101000000010011000100111
00000001000111011000001101010011
00000001100100011000010001010011
00000001110001111000010010110011
01000001101001001000000010110011
01101100100000000010010000000011
00000001101101010010101000110011
00000000001100101001101100110011
11100000000010111000101001010011
00001001111100100000111001010011
01000001001000111000011100110011
00000001001001100000110110110011
00000000000100001101111010110011
00011010100000000010101000000111
01000000010100110000110100110011
00011011011000000010001000100011
00000000100101100101011100110011
10100000111111001001000111010011
10011110110000000000001110010011
00000001001111011010111000110011
10100001111111010001100011010011
11011010110000000010101000000111
00000000101111100000110001010011
00000000001101001000100110110011
00000001000010011010100110110011
00000000101110100000110011010011
00000001010000000000000110110011
01001111011100000010110000100011
10100000001100101001001011010011
00000000101101000001010100110011
00001000110101011000011011010011
00000001000001110010111100110011
00000001101001011101011010110011
00100001100000000000101010010011
00100001000000000010000110000111
00000000001010100000101000110011
00000000011010110000001001010011
00000001001101100000011010110011
00001001100000111000100001010011
00000001101101011001100110110011
10000110100000000010110000100011
00000000101100010000110000110011
00101100110000000010010000000111
11001010100000000010010000000011
11100000000011001000111101010011
10010001100000000010011110000111
01000001101001101000001110110011
10100001010000101001000111010011
01001011000000000000011110010011
00000000101000101000110100110011
11100000000011010000011011010011
00001001011010011000101001010011
01000000011100110000100100110011
00001000100010100000000101010011
00001110000000000010010010000111
10101001010000000000100110010011
00000000111001001010101100110011
01101010100000000000000010010011
11001110000000000010110000100111
00000000110101001001001100110011
00001000100010100000111101010011
00000001110001111000001010110011
10010110011000000010011000100011
11010101011000000010111000100011
00000000001100000000101010110011
01001010110000000000111010010011
01111001010100000010101000100011
00000001111110101000100101010011
11101101100100000010100000100011
00001000101010010000100011010011
01111000010000000000011010010011
00000000001000010001000010110011
10010001000000000010111000000111
00000001101101111001101010110011
01000000001110101000001010110011
00000001101100100010111000110011
00000001001110000001100110110011
00001001000100010000111101010011
01000000000000000000111100110011
00000000001000001000110100110011
11000011111100000010111000100011
00000001001011110101110110110011
00000000001001001001001010110011
00000000011111101000010010110011
00101000100000000000000010010011
00001000100110010000100101010011
00000001101010000001100000110011
01010111000000000000011110010011
01000001010001010000100000110011
11110110100000000010011000000111
00000000010011110000010011010011
00111001111000000010101000100111
10110101110000000000100110010011
10101100101100000010011000100011
11100000000001001000100111010011
00000001001010111000111111010011
00001000010001011000101001010011
10100001111110011001101101010011
00110100111000000010011000100011
11011101100000000010111010000111
00001000100111000000101101010011
00000000111110110000011000110011
00110111100000000010010110000011
01111110100000000010100000100111
01000001101010001000101100110011
00001101010000000000001000010011
11000000000000000010010110000111
00000000100000101000101100110011
00011111000000000000010110010011
11100000000011110000110011010011
00101100000100000010011000100111
00000001101000001000000011010011
00000001100110110000001110110011
00000000000101000001011100110011
01000000100001100000011100110011
10100000010100000010101000100111
00000001110100000010001000100011
00000001010011010000100010110011
00000001110110101000010011010011
00000000101110111010100000110011
00110100101100000010010000100011
00001001000110011000010011010011
00111001110100000010100000100011
10100001110001000001010101010011
10111111100000000010101010000011
00000001110101111010001110110011
11100011101100000010110000100011
10100000111111000001101101010011
00001010110000000010101010000111
11100000000011101000111101010011
00000000110000110010100010110011
01000000110011001000000010110011
00000001110001001010011000110011
00000000111110001000000100110011
11011110111100000010111000100011
00000001001110110000110110110011
01000001100110011000110000110011
01000001010011001000001110110011
00001000110000000010101000000111
01000000010001110000000010110011
10100001101011100001010111010011
00000000001111001010111110110011
00000000011100101000010000110011
00000000111101100001000110110011
00000000101101010101010010110011
00000000111000010000110010110011
00001000101001010000010011010011
00000000101000001000101101010011
00000001010001010010111100110011
10100000010101001001100011010011
00000001000101000010101110110011
11111001101100000010011000100111
11011111000000000000101110010011
01000000110111110000111010110011
10101011000000000010001000100111
00000000010101011000110011010011
00000000000111110000000111010011
11101111111000000010000000100111
00000000110100001010111000110011
00000001001000010001011010110011
10001100100000000000110100010011
00000000010010110010001000110011
01111101110000000010010000100111
11010010011100000010010000100011
00000000101001111000001010110011
00000000111011100000011100110011
00011011010000000010011000000011
00000001011000110101001010110011
10110000000000000010001100000111
10100001010010100001010001010011
11110100010000000000010100010011
01000011100100000010001000100011
01000011101100000010110000100111
01000001110000101000100010110011
10100000101000010001101111010011
00000001010000000000111010010011
00000001110000000010010000100111
00000000110110011101001110110011
01000001101010100000100000110011
01010001001000000010010000100111
10001100010000000010011100000111
10101111010100000010110000100111
00000000001011111101010000110011
11100111110000000010001100000111
00000000110001010001100000110011
00000000101011100010111010110011
00000001110101100101011100110011
01000000110010101000001010110011
00001110100000000010001000000011
00000001010110011101111010110011
01010101000000000000000010010011
00000000100111011010011100110011
10101100010000000010101110000011
00001001110000000010001010000011
01100100010100000010011000100011
01111101000100000010101000100111
11010000101100000010100000100111
10100000100101010001100001010011
11111010100000000010101100000111
00001000110100011000011101010011
00001001010011000000000101010011
11110011110000000000000100010011
10110100100000000010111100000011
00001001111101101000100001010011
01000000110011101000111010110011
01000001101001010000110000110011
00000001110000110010111000110011
00000000101110011101101100110011
10100000101101001001111101010011
00000000010010100000011110110011
10110110010000000010011000000111
00000000100000010000001001010011
01100000100000000010111000000111
11001010101100000010100000100111
10100001011011100001110001010011
00000001011000111101010100110011
00000001010001001001111000110011
00000000110011000010011000110011
00000000101111011010101100110011
01111000110000000010111000000111
01101001101000000010011000100111
11010111010000000000010000010011
00000000010001011010001100110011
01000000101001100000110000110011
00000001111010100010010010110011
11101101010000000000100010010011
00000000001111110010000110110011
00000000000100110000000100110011
00000000111001001000010111010011
00000000111111000001101000110011
10001000111000000010001000100011
11100000000010111000010001010011
10100001011001001001110001010011
00000000110001011010000110110011
00000001000010100010111100110011
00000001100001001000001001010011
00000000111100101001100100110011
00011110110000000010111000000011
10110101100000000010101100000111
10100000101111101001011101010011
00001001101110101000101111010011
01000000101011011000010100110011
10100001000111011001110011010011
00000001110001111000100001010011
00001001010001101000101101010011
10011000010000000010110000000011
00000001101111111010010010110011
00100110100100000010111000100111
11110100110000000010000100000111
00000001100011000001001110110011
00000000010011111001101010110011
10000101000100000010001000100011
11100000000010001000010001010011
10000110110000000000100100010011
00000001000101110010011100110011
00001001100110001000010101010011
00001000010011011000000011010011
00001000111100000010001000100111
00000000100011101010100110110011
01000000001110100000111110110011
00000001100011000101011000110011
11100000000010001000011111010011
00001000011011110000100111010011
01000000101110001000100110110011
01000000010001000000010000110011
01000001111000011000000110110011
00100101110000000000111110010011
00000000111100111010001100110011
00000001100110100000000100110011
11100001010000000000110000010011
01000001101001100000110110110011
10001100100000000010100000100011
10110011000000000010011000000011
10100001110001101001001101010011
00000001010110011000010010110011
00000001100001011000111010110011
10100001011100010001101001010011
00000000111000010000101111010011
10100001100101001001100111010011
00000001100111110001011110110011
00000001101110010001010010110011
00000000101100110001110010110011
01000000011100111000110110110011
00000000000110110001001000110011
11100000000011010000001101010011
00000001001011100000101000110011
11100000000001100000011011010011
10100000101101010001000011010011
11010101000000000010110000100111
00000001011111100010011000110011
10011111100000000010010000100111
11110000011000000010000000100111
10100000100010011001011101010011
00001001111110011000100001010011
00001000101001011000001111010011
01100101010000000010011000100011
00000001010001111010110010110011
01000001100011011000010010110011
10100001011101011001001101010011
00000001110101101001100100110011
10011011000000000010101110000111
00000000001101100001110110110011
00000001011100111101111110110011
00000000010010000000000111010011
00000000001111011001111000110011
00000001000000101001011000110011
11100100110100000010010000100111
10111101010000000010110000000111
00000000011010011001011000110011
00001010110000000010000110000011
00010001101100000010000000100011
11111111110000000010000100000111
00101010010000000000001100010011
00000000100010111001011110110011
10100000001001110001001011010011
10100001011010101001000011010011
00000001111000100010100100110011
10100000111001110001001001010011
11010000000000000010111000000111
00001000111001101000000101010011
00111111000000000000110100010011
00000001110100101000101111010011
01011010011000000010110000100011
10111101010000000000100110010011
00000000011100011101111100110011
00000001010011000010011000110011
00000001111011100000100010110011
10100001010101101001101111010011
01000001011111011000111000110011
11100000000010100000110111010011
00001000101001110000110111010011
00010110100000000000010000010011
01101010010000000010111010000011
00000000101011100101000100110011
00000001110000110000101111010011
00000000100011000000101110110011
11011000000000000010111110000111
10101010000000000010001000000111
01001011000000000010100100000011
11101110100000000010110100000011
00000000011010010000101100110011
01000000000100000000001010110011
00000000101110010000011011010011
00000000111101010000010010110011
00000001011110001000010100110011
10100001001011111001111011010011
11101001011100000010001000100011
00000001111011100101010100110011
00001001111010101000110011010011
00001001011010100000100101010011
00001000011110100000110001010011
00001000001100100000001001010011
01010001110000000000100100010011
10011011010000000000001100010011
10100000101010000001010001010011
10110100100000000010100100000111
00000001101111011010001110110011
10110000100000000010100100000011
00110001011000000010100000100011
00000000110011010101101110110011
00001111100000000010001100000011
00000000111010100101111100110011
01101110010000000010111000000011
00000001010010000000101100110011
01001000100000000000000100010011
10110010010100000010001000100111
00000001000010011000110011010011
00000001001010010001001000110011
11110011010000000000011000010011
00111011110000000000011110010011
00000001001010100010001100110011
00000001010001000000000011010011
01000000001110000000101110110011
00001000110101011000101101010011
00001001010000000010011110000011
10000000100000000010110000100011
00001001010010010000000011010011
01000010000000000000000100010011
00001001010100000010010000100111
01001100010100000010100000100111
00000010110000000010110000100011
00010110111100000010110000100011
00000001110111001001001000110011
01010000011100000010101000100011
00000000010100011101100100110011
00000001000111100000100000110011
11100000000011111000110001010011
00101101111100000010011000100111
01001110011000000010110000100011
11100000000001101000100011010011
00000000001010101001010010110011
11100000000010011000100001010011
01000000011100010000110010110011
01101101110000000010011100000011
01000001010110000000000110110011
11111111101100000010001000100011
00000001000110010101001000110011
00111111001100000010011000100011
00000001011001100000011111010011
10100001100001010001000101010011
10100001010011011001100011010011
00000001011101111000100111010011
11101011110000000010111000100011
00001001010000111000001111010011
11010001100000000010111000000111
11100000000001100000000111010011
01000001001110100000100000110011
10100000101110010001100011010011
00000000010001011000111001010011
11100111110000000000101110010011
00000000101001001101000100110011
01101011100100000010110000100111
11001011010000000010101100000011
00000001000011000001110000110011
00000000010011101010011100110011
00001000100100000010001000100011
10100001100110100001111111010011
10001100010000000010010000000011
11100000000001101000100001010011
00000000100101011101010100110011
00000001011011011000001101010011
00000000111000111000111010110011
00000000001100001010100110110011
00000001110001111000001100110011
01000001000011101000110110110011
10100001011100010001001111010011
00000000101100010000000100110011
10100000001100110001100011010011
01000000111100010000110000110011
00000000111100100000101111010011
01011011101100000010000000100111
01010110110000000010101110000111
11000110010100000010110000100011
00111000000000000010011010000111
00000000111000011001000010110011
01000001001111001000010110110011
00000000110100110000111000110011
10100001011110011001011101010011
00111110110000000010011000100011
00001000110011110000000111010011
10000110000000000010110000100011
11100000000000100000010101010011
00000000001110000010001110110011
10001100010000000010000000100111
00000001100101011101101100110011
10100001111000010001100011010011
00000000011110011001101100110011
01000001010011101000110010110011
00010011100000000010000110000011
01011100010000000000100010010011
00000001101010101101001010110011
00001000000101100000011111010011
11111101010000000010010000100011
00000000110011011000100100110011
00110000110100000010001000100011
01011100110000000010111000100011
00000001101111100010001100110011
00001000100100111000010001010011
10100110110000000010001100000011
11100000000001110000101011010011
11110101000000000000111100010011
01000000000001011000110110110011
01011000011100000010111000100011
00001001111010001000110011010011
01101000000000000010100100000011
00001001101111101000101001010011
00000001100000010010111000110011
00000000110101110010010110110011
00000000010000101000100100110011
10100001000000000010110100000011
01100001010000000010111000000111
00001000000101000000001011010011
10100100010000000010010000100011
00000011000000000000101000010011
00000100101100000010011000100111
00001000010000101000101101010011
00001001000101101000001001010011
00000000111011101000010001010011
00000001001001000010100100110011
00000001111110011101101000110011
01000111100000000000100010010011
00000001101100001001001010110011
10111110010100000010011000100111
10100001000011101001011101010011
00000001011011101001101100110011
10101110110000000000111000010011
10101110100000000000111000010011
00000000111000110000110100110011
00000001110110000000110010110011
00100101110000000010001010000011
00000001011011100000010010110011
00000001100010100000110111010011
11110110011100000010010000100111
01000001001000101000000010110011
11100000000011111000100111010011
10100001100011100001010011010011
00000000000111111101100110110011
00001001011100111000101011010011
10111010000100000010011000100011
10100100000000000010011100000011
00001001110010101000111101010011
10010000101000000010000000100011
10000110100100000010001000100011
01000011010000000010110000000111
00000000101010011001101000110011
00000000010000000000101000010011
00000000110011001101000100110011
10100000110001110001111001010011
11100000000010111000100101010011
01111110100100000010100000100111
00100101010000000010111100000111
10000001000000000010101100000011
10011001001000000010111000100011
00101100100000000000100110010011
00000000110011010101111110110011
00000000000100110001111100110011
11100111100000000010000100000111
11011000110000000010011110000011
01010000100100000010011000100011
01000000101010010000000010110011
01111000010000000000001000010011
11100000000010101000001011010011
11100000000001001000100101010011
01111001010100000010100000100111
10100000000011101001001111010011
00000001010100111000100011010011
11010100111000000010011000100111
10000000011000000010101000100111
00011000110000000010110000100111
10100001011110001001001111010011
01000000011011001000110010110011
01110101101000000010111000100111
11100000000000001000011011010011
00000001000011011001110100110011
00111001010100000010001000100111
00000000100010100001001010110011
01000000111001000000111100110011
00011101010000000000100000010011
10000010110000000010100010000111
00001001100000000010111010000111
00000001101001110010100000110011
01010110110100000010011000100111
00111100110000000010111110000111
11100000000000010000010101010011
10100000011010101001101111010011
00000000101110111000100101010011
00000000101100010010111000110011
01101110010000000010010000000011
01000001011110111000011100110011
10011011000000000010110000100011
10100000111001001001101011010011
00000001101100101001100100110011
10100000100011111001011001010011
11000001010000000010100010000011
01101111001100000010110000100111
01000001100100100000001100110011
00000000001101111010011110110011
11111111100000000000100110010011
01101110111100000010101000100011
00000001011010111001000010110011
00001000110110110000001111010011
00000001101010011010100100110011
00000000010010111000110101010011
00000000100101111010111100110011
00000000101010010001000010110011
00000001100100010001001100110011
00000000101011101010001100110011
00000000000101111000101110110011
10100001101010000001110011010011
00000001110011111010010010110011
01000001000001010000100110110011
11111111100000000000111010010011
11100001110000000000000100010011
11100000000011001000000111010011
00000000000100111101100000110011
00000001010101110010100010110011
10100001100011001001111001010011
10100100110000000000011010010011
00000000111011110101111000110011
01000000110011110000000010110011
00001001000101100000111101010011
00000001011001010010010100110011
11100000000000111000000111010011
00000001100111000010101000110011
00000001001100000001100000110011
11100000000011100000101011010011
00000001100010101010001110110011
00111100101100000010000000100111
00000001111101111101111000110011
10110110000000000000011100010011
00000001010111110001010110110011
00001000010001101000100011010011
00000001111111101010001100110011
00000001010010010010001010110011
00000000101101100101000110110011
00001111001100000010000000100011
10010010110100000010010000100011
00000000000001011001010110110011
00000000101000010001001110110011
00000001111110010000111000110011
00000001011100000010010110110011
00000001110100000000101110110011
11100010010000000010110100000011
10110111100000000000111110010011
00001000111110111000001111010011
01100000011000000010000000100011
11111000000000000010000000100111
01101011000000000010000110000011
01011110110000000010101010000011
00000001110001111001101110110011
01010011110000000000100100010011
00000001000011101001111000110011
10011001010000000010001010000011
11100000000010011000001101010011
00000000000000010001111000110011
01000001110101100000100110110011
00000000100010011010101000110011
00001000011000000000101111010011
01110011011000000010011000100111
00000000001000100101010010110011
00000001001010101001011000110011
00000000010100101001100110110011
00000001001001011000011101010011
01011000010000000010001000100011
00001000111101011000001001010011
00000000100110110010110010110011
00000000101000110000110011010011
01111111000000000010100010000111
11010001010000000010100010000011
00000001001110111101111100110011
10101011100000000010101000000111
00000001101010100001010010110011
00000001000111101000110111010011
11000001001000000010111000100111
00000000110101111010011110110011
00000000111111000001011100110011
01000001010110001000001100110011
11110001110000000010110010000011
00000001100101000001110000110011
11000000110000000000111100010011
10100000000001101001001111010011
11001001110000000010000100000011
00000001011110110000000100110011
01001101100000000000110010010011
00000000011011001001010000110011
01101011010000000010101000100011
11001011000000000000111010010011
10010011011100000010011000100011
00000110100000000000011000010011
00000000011010111000101001010011
00001101000000000010000100000011
11011101011100000010100000100011
11100111011000000010011000100011
00001101010000000010000000100111
00000001000001110000001111010011
00000000000111101001100010110011
00000000011011000000110000110011
00001000011010011000110101010011
00000001001001011101001100110011
00001011010000000010001100000011
10101011010000000010001100000111
00101110101100000010100000100011
00000000110010111010101010110011
00000001000101101101100110110011
00000000001010011000101001010011
00000110000000000000110000010011
11011101000000000000010100010011
00000000110100101001111000110011
00001001010110001000001101010011
10000001010100000010011000100011
00000001101111101101111110110011
01000001101101010000111000110011
00000001011110111001101000110011
00000001011011001010001000110011
10110011100000000010011000100111
00001000111111110000010001010011
01101110010000000010100000000011
11100000000001111000100001010011
01110111100000000010110000100111
11000000100000000000111010010011
11100000000010010000111011010011
00000001110011111000101110110011
00000000001001110010011110110011
10100000001000111001011111010011
00001011001000000010101000100011
00000001111111100000101100110011
00000000000110001010010100110011
00000000100000010001010100110011
11100000000011011000001001010011
00000000111001100010101000110011
00000001000011000101011110110011
11100000000001001000101011010011
01000000000100001000100000110011
00000001000011010000001101010011
11001001110000000010001000000011
00000000101001011000111101010011
11100000000010111000111111010011
00000001111111111001101100110011
01100111100000000010100100000011
00000000110110010000110000110011
00000001010101110000110001010011
00000001111001001000110001010011
00000000011001111101010010110011
00000001101110011010011100110011
10110110100000000010110110000011
00000000110110111001111110110011
00000000011100101010000100110011
00000001011110010101010000110011
01000000000110111000101010110011
00000000011101110010100000110011
01000000010101110000000110110011
11110010110000000010101000100011
00001001000010111000111111010011
11100000000010110000011111010011
00000001111011101000101001010011
10111011000000000010111000000011
11100000000011001000000011010011
00001000001011000000000111010011
00001111101000000010110000100011
00000000100001010101011110110011
11100000000001000000001101010011
11100000000010110000001001010011
00001001111101111000110101010011
00000000100100000101011110110011
10000110101000000010011000100111
10101100110000000010101000100111
01000001010100011000011110110011
00101100010100000010101000100111
00111000000100000010101000100111
01010100100000000010011000100111
00001001110110001000000011010011
11100000000001010000001011010011
00000001000011110101101100110011
00000000001101101000111010110011
00000001011000101000000111010011
00010111001100000010000000100011
10100001101101010001011001010011
00000000111110001001011100110011
00010110100000000010011110000011
00000001101010011101101100110011
00000000100011100101001110110011
11100000000001010000100001010011
00000000010111010101001100110011
00000000001000110001110010110011
11100000000010001000111001010011
01000001101101011000101100110011
01001010011000000010110000100111
01110000100000000010011110000111
10100001100101010001001101010011
11101100010000000010110000100011
11100000000010101000100001010011
01010001110000000010100010000011
01000001011010011000101000110011
00000001000110000001101000110011
00001000110000010000010101010011
11101010111100000010000000100011
01101101110100000010001000100011
00000000110101110000011011010011
10100000110010011001001001010011
00000001011000000000111001010011
00000001000011001000000011010011
01000000111100110000111000110011
00001001111101100000100111010011
00000000011101000001110000110011
10100010011100000010100000100111
00000000100110011000011101010011
10111011000000000010110000100111
00001001001001100000000111010011
01001001110000000010100000000011
00000001010111011101100010110011
01110001000000000000001110010011
00000000010101101010100100110011
00000000100011100001101100110011
10100000010101011001001011010011
11110001011100000010011000100111
00000000011011110101010010110011
00000000100111101000001010110011
11100000000010011000010101010011
00000000010101010000001100110011
00000001000110010000011111010011
00101110100000000010010100000011
10110101010000000010110010000011
01000000111000010000011010110011
01000000010010001000001010110011
11100000000000011000111101010011
00000000100011000101011000110011
01011010011000000010100000100111
10100000100000111001011111010011
00000001011111010101010010110011
00000001111101010000100011010011
00001001000010100000111011010011
00101000101000000010111000100111
11110110010000000000101110010011
00000000100010001000111100110011
00000001111101001000100110110011
01011011111000000010111000100111
01000001001000001000010000110011
00000001101101110001110010110011
11011101010000000010001000100011
01000000110111111000101100110011
00000000101110101010011100110011
10100001100010101001111111010011
10100001111111001001101001010011
11000111000100000010111000100111
00000000011011010000001111010011
00000000110100001001110110110011
00000001110010101010110100110011
10101000110000000000000110010011
00000000000100111010000110110011
00000000011111010101001110110011
10100011110000000000100010010011
11100000000000100000000101010011
00000000111011000000111100110011
10100001100011011001001001010011
00001000001000101000101011010011
01000000000001101000000100110011
00000000011100001010110010110011
10010100000000000010101000000111
00110100010000000010100100000111
00001000010111100000010101010011
00110001100000000000111010010011
11100000000001010000011111010011
00000000111110111101100000110011
00100011110000000010001110000111
10111100010000000010010000000011
00110010100000000010111000000011
00000000111000110001110110110011
10100000111111111001110101010011
00000000001111111000001100110011
11111011111000000010001000100011
00101100000000000010110010000111
01000000110000000000101000010011
00101000010000000010111010000111
00000001101000101000001010110011
00000001110000101001010100110011
01000001101011000000011100110011
11011010110000000010100000100111
00000000111110011000111110110011
01111101001100000010111000100011
01000000010010111000011000110011
00000000101101000010100100110011
10110111010100000010110000100011
00000001011101011000000010110011
11100000000011000000011101010011
01011100100000000000111110010011
00000001000111000001011100110011
11110000110000000010111000000111
00001001011011110000010101010011
00000000110111110010111100110011
00001000010001100000001101010011
00000000111100011001100110110011
00000001011101001001011100110011
01110000001100000010001000100011
01000000101111010000011100110011
10100001001111100001100111010011
01110010010000000010001000000011
11100000000000001000000111010011
00000000000010010001011000110011
01101100110000000010100000100111
00001110000100000010000000100011
00000001100000001101001010110011
01000000000001110000010100110011
00001001110100000010001000100111
00000000011001011000001101010011
11001101100100000010111000100111
00000100011000000010100000100111
10010011001000000010100000100011
00000001011011001010101100110011
00010010110100000010010000100111
10001001111000000010110000100011
00000000000100010101010010110011
01100010100000000010010000100111
10000101000000000010111100000111
00110011100000000010111110000111
11000111110000000000110000010011
11100000000001110000111011010011
10110100110000000010011000000111
00011001100000000010100000100011
01011011100000000010010000000111
11110100100000000000011100010011
10100000111010111001111011010011
01000000111100010000101000110011
00000000000011110000011101010011
00101111110000000000001110010011
11111101010000000010000010000111
00000010110000000000100010010011
10100110000000000010111010000011
10100001000011010001010011010011
00000000100101101000100001010011
11100000000011100000111111010011
00000000011000010000101110110011
00000000100101010000110011010011
00001001000011110000010001010011
00000001011000101010100100110011
10100110010000000010100000000111
00000001100110000010000110110011
00000001001111100000100011010011
01000001011110110000110000110011
10100010100000000010010000100011
01000001100000110000011010110011
11100000000010101000110111010011
11010010110000000000111110010011
00000101100000000010011000100011
00000001110100011000010100110011
00010111100000000000100000010011
00101100110000000010101000100111
00000000101010010101001000110011
11010000110000000000010100010011
10111010110000000010100000100011
00000001101011110101111000110011
00000000110111111000010000110011
00000001001010110000001100110011
01101111100000000010110000000111
11100000000011111000100011010011
11100000000001101000011001010011
00000000000101000000101100110011
00000001011001100000010010110011
11101001011100000010111000100011
00000001001110101000100110110011
00000001010100010000011111010011
10100000001110110001111101010011
00000000101111001000010011010011
00000001100111011001001100110011
11100000000011101000010111010011
00111111000000000010110000100011
00011011100000000000100100010011
00000000000000111000010000110011
00111010101000000010100000100011
00000000101100101000011001010011
00100111111000000010100000100011
00000000011100011010011000110011
00000000100010101000101100110011
00000000010111001001111000110011
10100001110111001001100101010011
01001011000000000010010100000111
10100000111001100001111001010011
01000000101011100000010010110011
11100000000000111000111001010011
00000001111000101101001100110011
01100001100000000010000010000011
00000000011011011010011110110011
11111001110000000010001000000011
10100000100010111001000111010011
00000001010001010000100100110011
00000000000001110000100100110011
00000000110100010000010010110011
00000001110000110001100110110011
01100010110000000000101010010011
10000111100000000000011110010011
10100001000000111001000101010011
01100000111100000010100000100111
00000000011010010000100110110011
00000000010010100101101110110011
11010000000000000010001100000111
00001110100000000000011010010011
01110111011000000010110000100111
00001001110000001000101101010011
00000001001101010000001000110011
01001010000000000000100110010011
00000001110000111101111000110011
10100001001110111001000101010011
10100001111101101001011111010011
00000001110100000010100010110011
00000001010110010000001110110011
01000001100010001000011100110011
11001011010100000010110000100011
00000000111111101001010010110011
10010000010000000010001010000111
11011011101100000010101000100011
01101010010000000000111100010011
11101101000100000010111000100011
00000001111100000000110010110011
00000000101100101101011110110011
00001001110011001000111101010011
11100000000010011000110101010011
00000000011100111001011110110011
01000001111100011000100010110011
00000000100100111101100100110011
00101001000100000010010000100111
00000000110011001000110011010011
11101000000000000000111010010011
00000001111011100001101100110011
00000001000110000001010110110011
11010001011000000010011000100111
11101011100100000010101000100011
11100000000001011000001011010011
00000000000000000000000001110011
00000000000000000000000000000001
00101101100100011110001101101000
01101110011100001111000001110010
00000000000000000000000000000000
00000000010000000010100011110111
01110110011111011010011101100100
00000000001101001011001011111111
01010010000010001110111001101111
00000000011001011001010110101000
00010111110100000000001101111010
00000000001100001010101001011000
01011011100100101101011001010100
00000000010010010011101110101110
10001110011001111111000110101100
00000000000000000001011011001000
00011110110110010001011101011000
00000000011101110101001000000001
11001001001101001000101010000000
00000000010010010111000100000111
11000001010100100001011010001010
00000000001011001111100111001110
11110001011111110001001110011001
00000000000000000000000000000000
01011011101101111001011011101111
10110000011001000110011110100111
00011000001100110011100011011100
00000000010110101100100001111001
00000000000000000001011111110100
00000000000100111111010110011000
10101110100010100011100101001101
00000000000000000000000000000000
00001001100100101001010011100111
00000000001100010010111011001000
10100100111000011100010101110100
00000000001100000110000101011011
00000000000000000000000000000000
00000000011101101011011001100010
11001111000000101101111100110011
00000000010001000011111101000100
10001010001000010110110101110100
00000000000110111000100101010011
01000011000110011100111000110101
00000000000000011011100111111100
11000010111000010101111100001111
00000000010101101100100001011011
11101110011100001111000001110010
00000000000110111010001100110111
10000101101100111000110000000001
00000000011100110111110110101111
11010011011111000001000010001001
00000000000110111100011111110100
01001100010010100010001111001010
00000000010000101110000110100000
11100110001010001110111110100001
00000000010110101101011111101000
01000101010101110011010000111100
00000000010100001110101110011011
10001111100100010001100110010001
00000000011111000011011110011001
11100001010101100101110001100000
00000000000100111001000110001001
00000000000000000000000000000001
00000000010101101010110011101100
11010111001111001100011101101110
00000000011101010001010101011100
00100011101000010001101000001100
00000000011101110011111010010110
00000111100010011010111000000111
00000000011010011100010111101001
10011001100011101000010000010001
00000000000000011110011000000110
00000000000000000001001001000000
00000000000000000000000000000000
00000000000000000000000000000000
00000000010110011000110010010000
11110100100010000100101101111101
00000000001010111100010110101110
10100011010000010100001101011110
00000000011000110110001000110100
10000101111011011100000010010110
00000000011111001111100111011101
11100111101100110101000001000001
00000000001110011110011011110001
01000101011000100110011101100101
00000000000010011000000101100001
11000011101000111000001001110000
00000000011010001001101110001000
00010101000111110101000100100011
00000000000000000000000000000000
01100001000110111001000000001110
00000000010001001101011110111101
01111011100010100011110101101001
00000000001111100001011101110010
11000010100110111010100001110011
00000000001100100000100110011101
10011011010101101001010010100001
00000000001100100010000001111011
11110010101111101111101111011100
00000000001101101101011100000100
11101111001000111000111111001010
00000000000000000000000000000101
11101011000100001011111001010010
00000000010011111101101100110101
10001111001011110101001110000010
00000000001001000011000110001000
11100010000101100111010010110110
00000000001110001001001011100000
00000000000000000000000000000001
00000000010111110001101101001110
00000101100100001001010100010011
00000000001110000101111100110001
01100110000001111110011010110000
00000000010111111000110010111101
01010111001100010011100100010110
00000000001000011001100001010001
01001111100001111000001001001100
00000000011100011010001000110100
00000000000000000000000000000000
00000000010101011001111001001110
00000000000000000000000000000000
00000000010110101111011001100001
11110000110101011110110100001110
00000000010110101111110110110101
00111010111101101001011001011011
00000000000100101010101010111100
00110110011100001001010011001000
00000000010101110111101010000011
01001001110100010101011100010100
00000000011000101111011110110000
00011001110100100001101101001100
00000000000000000000000000000000
10100110100000110110011000010011
00000000000011101001100000001001
11101011010111001011001100111110
00000000001001010110000010010111
00000000011001101110100101011000
00000000011010000000011110100001
01101110011100001111000001110010
00000000001101100110100100100101
00110111101110001100100111001010
00000000011011010100010100110100
10001111011001001101111111101101
00000000011010011100011011011010
00000000000000000000000000000000
00000000011101110011010011000110
01101010010000000001010011101001
00000000000101010000100010101000
11011011111101110100010001010101
00000000010001100111000010010000
00001010101000110101111111101111
00000000011000110111001101101010
01110011011100100101100110100001
00000000010110111110111101111000
01110001101010101110111011100111
00000000000101110110010010001101
10111011111010111111111000101001
00000000001111110101000011000001
10110001000001000100101100000100
00000000011000110100111101110000
00000000000100011000001010100001
00000000000110111011111010001111
00100111100111010110000100100000
00000000010010011001100011000111
00000010111000101000101001100001
00000000010111110010111001110110
10100101100011111101111101111010
00000000000000000000000000000000
00001001110110100000100100101100
00000000010000000011110001100011
10111110110111101100110011111000
00000000001110011001000111100100
11000110100101100010100011111000
00000000001111010010111010000100
10010001011010001101011110100110
00000000011110101110000110000001
00001001100111100101011101111000
00000000000000000000000000000100
11100100001000010110101100111011
00000000001110111001000001100111
10011010110100101001000110101001
00000000001101011111010101011001
00001010000000111111101110101111
00000000001010011110000000011111
11010011100010111010111100101100
00000000001110100000100100111000
10110100110001100000110011100010
00000000010001111011000101110011
00000000001110111000001011111111
00000000011010010010001101111110
11110100010001111000001100111111
00000000000100110101011110101001
01000000101010101010010110111101
00000000000101100010000110010100
01011001111100111001010011111111
00000000000000101010000100000011
01100010100101010011000000111110
00000000000101010000111101010011
10001000000100011001101000110001
00000000000000000000000000000000
00111000110111010000001011010000
00000000001111101001110000110000
11000101110010001001000001100001
00000000010011111101101101100010
00100110100000000001001100100000
00000000001001111001111010011111
00001001001111101000101101111010
00000000001010010101000111000011
01001101101110011011110001001101
00000000011110001011000001100101
11000101101100000100010101011000
00000000000000100100001100010001
11001011110001011111010000011100
00000000001111110010101100010111
11101111100110010000100000101101
00000000001110111001000001100111
01010001100110000010101010110000
00000000000100011100100000010110
01100000100101111100011010110110
00000000011010000000000111100110
00000000000000000001000110100110
00000000001000010110011010101011
10011010010110110100010000101101
00000000000001011000011001101000
00100111011001001101011001011101
00000000011001011011000011001000
10011111100000101101111000110111
00000000011011001001010000000010
00100111010001000100111100000001
00000000000000110001000100111100
00001110011100001000011111100100
00000000011001110110010110101101
11010000110001110111011001110010
00000000010000110000111010110110
00000000000000000000000000000000
00000000000101101000000000010110
01101110011100001111000001110010
00000000011111110010010100111111
10000100111101011101110101100100
00000000011001101110100101011000
01100101110111011111011111010110
00000000001000000101110100110101
00010001110110000000101111101000
00000000001111101010100000000111
11011110001100110110101110101101
00000000001111101100010100100110
01010110011110101101011001011100
00000000000100010001100100000000
00010000100111011010100111000101
11001101101110011011110001001101
10101001010110111011010100011011
00000000010111010100001110011100
01010010010110100110100001010000
00000000011101010111011100011010
00110000011001000110011110100111
00000000001100000111110100000000
11011111011101000100000111101111
00000000010111110111110011101011
01001111000001111011100001011001
00000000011010011000010101110111
01010010110110000001111110000001
00000000010111111000001101100001
10001000010111110000011010100011
00000000001100110011010001011011
01001010011011111001111000101000
00000000000001001110011011110000
00010000000111100001100001010111
00000000001010100001101101001010
10001011010100111010110001111110
00000000000000000000000000000100
01101011000000101010011110010111
00000000000010001101111010111010
01101110111101100001111001101100
00000000010011011111011011010000
00001010000010000010110101101010
00000000010100101111000011000100
01100001100000011100111001001000
00000000010010000101000110010010
11111000100011111111001010101010
00000000001101111101000010100100
10011010111111110000100100101111
00000000011101110101011000000101
00011101000100001110100101110101
00000000010100100001110111111010
00000000000000000001011111110100
11101110111100001111000001110010
10110011000111100100110000011011
00000000010100011100011000100001
10101111010000000111011110101011
00000000010100110000000011101010
11101100011001110000111000001111
00000000011011000111101100001010
01100001011101001000010000011000
00000000001011010100010111111111
10111011000100010011001100100101
00000000001000011010001000110000
11000110101111011000011100000100
00000000000100000110010111011000
00110000011001000110011110100111
00000000010110110100001000111110
00000000000000000001111000100000
00000000011110011110101101010111
10011001110100101000111100101100
00000000010110011000111011110100
00000000010010001011011011100110
00000000000000010111110100001010
10100111010000000010111000000110
00000000001110100001100110111100
01011101100001100001011010001010
01111000110111000001010001101011
00010100010111011001010111011000
00000000001100010111011011111111
01000010110011101101100010100110
00000000001110000011010101101110
01010110110000001111110100010000
00000000010110010111011110100101
00000000000000000000000000000000
00000000000000011110100010101011
10101101100101110110110100111010
00000000001011110100110110100110
01111110010100010001010001010011
01101110011100001111000001110010
00110000011001000110011110100111
00000000000111110001101001110010
11001100010000101011001101011101
00000000010010011010110011111000
01110101000011010000000011110001
00000000000011001011100000101001
11111111111111111111111111111110
00000000000011000010010100001100
00011010100101001100101000011000
00000000011110011001001110111000
11110110001010000000011101100000
00000000000010000111110111110010
11101010001111110101000011000101
00000000011001001000111110011101
10111001111010111101000001010101
10000000000010010101100010000011
10010111011110010000001100001011
00000000010000100101011100110111
00000111100010011010111100111110
00000000000000000000000000000000
01111001001111111011000111100001
00000000001011101110100110111000
10111010011000000001010100011101
00000000001001001100000101011100
00000010100001010011111000001000
00000000010101010011111011111001
10011001000100111111000001001110
00000000011001011100011101110111
10101110111000000011011001001110
00000000011110000011111011001000
11011010101110101111110010111001
00000000010000100111001111101110
00010011111011000010011011100100
00000000000101001111111111111011
01101000110010101010010101010011
00000000000011110101101101111110
10101110010100111001101001001000
00000000001110010100101100001000
11100011010100010001011101101001
00000000000110011000110101101110
00000000001110111001000001100111
00000000000000000000000000000001
10111100010101100100111110011101
00000000000011000000000101100111
00010001110111010001000011001101
00000000000000000000000000000000
01110001100100110001000001011001
00000000000100010100110010000110
00000000000000000000000000000000
00000000001100100011010101000011
00111011111111100111011111101100
00000000011001110101001111000001
10000111000011100010000001000111
00000000001011001100100000110101
10001001010111010010011100010010
00000000010110110000101001111011
10100011011110011011011001111111
00000000010000001010011110100000
10000100101100000110110111000001
00000000000000000001110101100100
10011100111010100001110001110011
00000000000011111010111100111001
00011101110100010010101100011001
00000000010110001001110101111100
01000000001110011111101001100110
00000000010110011101101011001011
00010011011011001010100010010001
00000000011100000110101100110011
10010111100110000010000101101000
00000000001111011010111100000111
00110110101100010011111100100001
00000000001110000111111110111111
00100100111110100000110100011001
00000000001100010101111010010001
00000000000000000000000000000000
00000000011011101000100100000011
01000101100111001110010011011101
00000000010010001111010000010100
00000000000000000000000000000000
00000000001101011011000110110111
00000001110011000100001111111001
00000000000011000111111000101101
00001100111000111000010110100001
00000000000011100100101101000010
11011010001010000000110110001100
00000000000101010011001111111101
00010100100000000111111010010001
00101101100100011110001101101000
01101100111111000010010010100011
00000000010010011110001011011111
00101011111001011101010001110000
00000000000011010111011011101010
00101010000000011110010001110000
00000000000000000010111101100100
10010100010001000000000010011000
00000000011000110111101110001010
10101100010011100110101010011101
00000000001000110011000011101011
10110101010100101110110000110000
11111111111111111110100000001100
11000000010100010000010100000011
00000000000011001101111111010010
11100010110110000101111111011001
00000000010000101111100101000101
00111010101010101101101110111001
00000000000000000010110100010100
11100100010100011010101011000001
00000000010000011101101111001000
00101101011101011101111100011110
00000000011110110001010010001011
11011100111010001001110000101101
00000000000100100111001101100110
00000000000000000000000000000100
00000000010100101111101101000111
00000000000000000000000000000110
00000000000000000000000000000001
10000000000010010101100010000011
00000000011110001000101001110000
01101011110110111100110000100110
00000000010100110111001110111100
10110001111110011001010101010011
00000000000001111011111011110100
11100010010010100011100111000011
00000000010011001011111010101011
00000000000011010111011011101010
00000000000100001110011101111001
10011001101110110101100000110101
11101110011100001111000001110010
10100001111100100101000110101001
00000000000000100101010001111110
10100111111001100000110101111100
00000000010011101100010101011111
00000000000000000000000000000000
00000000001000000011010110100011
00000101111001010110101000000010
00000000000100000001000110000011
11001101111011110101010010000001
00000000000000000001100001011100
10101010001100101010101111001011
00000000010111010011111000010100
00111101111100001111011001111011
00000000001010101100101001101111
00100111111101010100100000110111
00000000011010010010111001011110
10011000011110101001101010100011
00000000001110000110011000010011
00010100011101000011011111010110
00000000001100001001001000110001
01101101010000111011010000111111
00000000001001100011111110101111
00110000011001000110011110100111
00000000011110011011100000101101
10010100100101110011101110001110
00000000001000111111100000110100
01100010100001001001010011001101
00000000011100000110111100010101
00000000000000000000000000000000
00000000010010011010110110011001
01111101010010110110000110111001
00000000000000000000000000000000
10010001100010110000110001011100
00000000010010011000101100110111
11100111011101011000011001011111
00000000001010101000001010111011
00000000011110000010111010101111
00000000000000000000000000000000
10100010010001001101001100000111
00000000001010101101101100110000
11010001010100000111000101110001
00000000001100010100111111010111
01111111001010111000001001111011
00000000011011110101011010110100
01110010101111011110100100011101
00000000011011000110001111100000
00000000011011110000011101100001
00000000000111001101100110111100
10111000010110111101010000110110
00000000001101000001110110101110
11101101111100100100110011100011
00000000011010001101101010111100
10110011100011110010011000001000
00000000000000000000000000000101
01010100100011101110110100001110
00000000010101111110000010010111
11100111000100111011001101000111
00000000001111101110100110000101
00000010001000111001011000111000
00000000011000010100111010010100
11101110000010100110101011110000
00000000000000000001110010100000
00100011101000010001101000001100
00000000010001011110111000010100
01111101010000011111010101011011
00000000001110100001110100011111
11000000011110000001110100011111
00000000001100111101011110110110
10011001110100101101011000010100
00000000010011001100111111100100
11001101111010100111100100011001
00000000001111000010010111000111
10011101110000010111010001010001
00000000010110110111110010001101
00000000000000000001011100101000
00000000001000010011001011101011
10101110111100100101110111001100
00000000001001000110011000110100
11011000101010110001011111100010
00000000000000000001011111110100
11001101101110011011110001001101
00000000011011011001000010000000
00011010000100111000011100111011
00000000011001011101001111011011
01100110011011100101011110010110
00000000011101100010001001101001
01000101100101100110101100001000
00000000001100010111000010111111
11001111110111110111100110011100
00000000010110101000011011111101
01110001101011000000100110110101
00000000000011100101111100100100
11111000110101011000111011010010
00000000000000000011001111000101
00000000001110111000001011111111
00000000011111111101011010011100
00101011111111000110110000111100
00000000011101011111001111010010
10010001011000111110100010100101
00000000000110010011011010001001
10101000001010110000101011001101
00000000000100100001111010001110
01000001110101010010001001010111
00000000001110111000001011111111
10111010001101110001100100010111
00000000000000000001110100110000
10110110101111100100111011010000
00000000011101110001111011110101
00000000000000000000000000000000
00000000011011001111010101110111
01011000000011011011000010110011
00000000011001011000000111000111
11110001010110101110110011101110
00000000010100100011000001101011
01110101101101000101110100010100
00000000010110101110100001001111
00000000000000000001011101011000
00000000011111100000100001001111
00101100100000111110111101111011
00000000010011011100100011001100
10111100101100100000010001010011
00000000001001011011010101001011
00000000001111011010111100000111
00000000011100110000000000101001
00000000000000000000000000000010
00000000010000111111000011000100
11101101110001110111111011000011
00000000000101001111011011011111
10111000011010010100101101001100
00000000010110110001010011100011
10111100011110000110010011110001
00000000010100010111110100000000
11011001010000110110011001100000
00000000011110000101111001101100
00110100110110101000110000011011
00000000011011100011010110011100
00010010010010001111110010011010
00000000010111011110000101001100
10110111000001001110011110000001
00000000000111101110111101110101
01100000101110111110101111001110
00000000000001111010001001001111
01011011000001110010000111111110
00000000001100001001000001111000
10001011000001101110000000011011
00000000011111101101101010011111
10001101100110000111000001010111
00000000010010010011000101001110
00000000000000000001001001000000
00000000010100010111111000000001
11000000010100010000010100000011
00000000001000001110101110100111
00010100010100101000000100100100
00000000011011010110111000010110
00000000011101011111001111010010
00000000010110001010000100111001
11011100110101111101000100100001
00000000000101010010101000010011
01111100000000010100001111001101
00000000011111011011101000001011
00000000000000000001010001110000
00000000001000101010011101100000
00000000001110111001000001100111
00000000000010000011001100111110
01001100110001011101001001110100
00000000000000000000000000000000
11001110010100010111001001111101
00000000010011001111101011101001
01010110111101100000010001010000
00000000011011011101111100110100
11101110000001011001000101000000
00000000011001010010111010001111
11011001000010001000000110101100
00000000000001111010011001100101
01101001001001000101011011110110
00000000010100001100101100001001
11011000101010011000011011111011
00000000000001100100101110011110
10111110001001111010110010110111
00000000011101100101100010110011
11000001100101011010000010110110
00000000000100010101110110010000
10000000101010110111011100011100
00000000011011101111011100000001
00011000011010001010001001110000
00000000001101011101000111110001
11110100100100100111000100110010
00000000010000101110101111000101
10011010011010111100000101100000
00000000000111100111000111100110
00011001111100100011101101111011
00000000010001011000111001101111
00000010111110100010111001011100
00000000011001111111110111111100
00110101101100100000010010011000
00000000011001001010001000011000
11101101110100101011111000110110
00000000001100100110000001110010
10000010010010000000111111010101
00000000011011010110101000011111
01101110010011001100001000111100
00000000001000011111100011010011
01111000010010000001101101111010
00000000011111110111101000110100
01010110110011110000011011001011
00000000001010101100111111001111
00010110110000110111110101011100
00000000001111101010101011010111
00100000111001110100010011000101
00000000011001101001011010000010
01000100001001110101011101001001
00000000010000110000111010110110
00100101010111001110111111111001
00000000011100000110001101001000
10000010000000000110101011000000
00000000000011101110000110011101
00000000000000000000000000000000
00000000001100111101111101010001
11000000100101010001011010110001
00000000000000000000000000000000
01110000000110001000101110100101
00000000000000000011001111000101
01101110011100001111000001110010
00000000001011101011100110110001
11000100100001011110001010001101
00000000011001111000111101000110
10010100001010010001110100011000
00101011111001011101010001110000
11100000001101111100010000111101
00000000001000010101111010010100
11001101001001110110011011110001
00000000011000110010011110111000
11010100010111100010011001010001
00000000011010100010100110110101
00011111111000110000001001101111
00000000011011001100011100111111
01111000110111000001010001101011
00000000000001100111110011000100
10000010101101100101111010110101
10101110111000000011011001001110
01011011000101001110001111010101
00000000011110001011000001100101
00000101010111100111001000101010
00000000010111101111001100111010
01110011011010010111000100100100
00000000000100101011001011111011
01101010011001000100100100101101
00000000000000010110001011111111
00000000000000000000000000000000
00000000000101001001011101001110
00010111101111111011100111000001
00000000001100101111111111110101
00011010011011011100101000111011
00000000000000000000000000000101
10100001010111110101000000010010
00000000001001001110000100100110
00110110010111101011111011011011
00000000011011011001110101101100
00111100101001010000010010101010
00000000000000100011001000101010
11110011001110111010000111010010
00000000010111110000111101000000
11000001100100100111110011111001
00000000000001000101000000010000
01010101100010011011101011111110
00000000010010100011010001000100
11010001110001000101001010111001
00000000000001110011101110101000
00101000001011100101100010010010
00000000001100111101001110100000
00000000000000000001100111100100
00000000000000000000000000000000
00110010111101111010100100001111
00000000000100110100011101111010
10000011101111101010111111100100
00000000010001010001010101010011
11000000011010110011110000100000
00000000001111010000001011000101
00010110100111100100111001110000
00000000000110100011100001000101
00001001111011011011000011110001
00000000001101100011100111011000
00110111010000100110010101010011
00000000011011010111101001011010
00110100110110101000110000011011
00110000011001000110011110100111
10101111011000110110000011110000
00000000010100010101111010110010
00000000000000000001110010100000
01001101101110011011110001001101
11100011001011110111101110000100
00000000000111010111001011010101
00111001000001111101000111001111
00000000011000100100011111001111
01000001001010101110001110100111
00000000011101000000111011110101
00000000000000000001010100000000
00000000000100100101100101010001
00110010000010001011111010110000
00000000011110011000111001111111
10000000000010010101100010000011
00000000010101000000010001000101
00110100100111111000000111010001
00000000000111101100001000000011
00001010111111110110011110111110
00000000010011100001100010100010
01110000000010100000100110011010
00000000010010000111110010100001
01000110011111101110111111011101
00000000011110011110000011101110
11100110011011110100110011001011
00000000000000000001011100101000
00000000000000000000000000000100
00000000010000010011110010111110
00000000000000000001100101101100
00000000000011100111011110000111
01110100001101101011011100001100
00000000000101101111101010011001
11100111111010111101000011101011
00000000011011001110110000101010
00000011000111011101000111111010
00000000000110011001000011101101
01010110101000010100010101110110
00000000000110000100101101010011
01000010001101001111011011101000
00111001010000101011001111000101
00110000110110010110101100010111
00000000011010110101010001000111
00010100000001010011000101000011
00000000001111101001110000110000
00000000000000000000000000000000
00000000001101111001111110100111
00000100110110111000110100001011
00000000010100001100000001110110
11110000110110000100011101111101
00000000000110100001000010010100
00011100111010011010111000010100
00000000000010100100011100110000
11001100101100010001010000001000
00000000000010000100100010101101
10001101000111000100001000101111
00000000011100101100001101101000
00111000101001001101101000101001
00000000011011000100101001000110
10100011001010010001101010100101
00000000001111010101001011000001
00110000001100001101000000110011
00000000010100001000101010100111
00000100011110110000111101111010
00000000000110011111111011011010
11101101001101001111011000110010
00000000001101010100001111000001
10011111011101110111100011101111
00000000001011100111110011100011
11111110111000001001101100110100
00000000011101011111100001100100
10101100100011000010010100110101
00000000000011001100101100101100
11001100110110111101011010100000
00000000001111000110001000111100
00110110010111101010010001000011
00000000001111100101001011111101
01101110011100001111000001110010
00000000010101100110010000000111
00100110110110000110010010001011
00000000000111000101101001101100
01100001111001101100110000000010
00000000001001101110100111101111
00000000000000000000000000000000
00000000010101101100110100011111
01101000101110000111011111110000
00000000011010000001001011001001
10010111101001011011100011100100
00000000001101101001000010100001
01110101001001101101110000100001
00000000011101011011111001010100
11000010110001110101101100010010
00000000000111111011011101011111
00000000000000000000000000000001
00000000011101000000001101000011
10111011110111100001101110001011
00000000011001111010110110110100
11101110011100001111000001110010
00000000000000000000000000000000
01110111011100000101011101010101
00000000000000000000000000000000
11100010001010001111111001000101
00000000000110101010011001101111
00100000100101100110110110101110
00000000001110111101010110000010
00101101000111000011011010000111
00000000001110111010111001000001
11101001001110110110100000000011
00000000001111110011011011100101
10011100011111010101100110111011
00000000010000011100110010111111
10011000010010101100010000100000
00000000001010001111101011110001
11001100010100001110000011011000
01001101101110011011110001001101
01010011110110100101010110101100
00000000001000000111101110000100
10101010010011110000110111101000
00000000010001010101011000110001
11001101100000000111101011000101
00000000001011001000110000010101
11111011111110000111000010100010
00110100110110101000110000011011
10010111101010001100011110000101
00000000010000111110011001010001
10001111000010010101111110000111
00000000000000000100010001011011
11010111101110110101100111110010
00000000000000000001111101111000
00101100111001010111010101101100
00000000000001111001111100011010
11100001001010100100100000010011
00000000001101111111000101111000
00110100000001110110000011101010
00000000000000000000000000000001
00110000011001000110011110100111
00000000000101011010000110100010
11111101000011100000000010101111
00000000001000011010111001111011
01101110011100001111000001110010
00000000010001000110010110011010
00000000000000000001101010011000
10110000011001000110011110100111
11000110000110010101101000000101
00000000011001111111000001001111
01111000111100011101101111110000
00000000011000010010001100101001
11110000110011100011101101011001
00000000010101110011001000101000
10101001001101101011001111110111
00000000000000000001011100101000
01010000101101111101000100010001
00000000000101111110110010011111
01011111000101110011000100011010
00000000001111101001111000011000
00010010000101010010111000110110
00000000011000100110100000011110
01010010011000100101000100110011
00000000011010001110110011110001
00000000000000000000000000000000
00000000000101101011101111011100
11100010011100001101010011010100
00000000010000101101100101100111
11001101101110011011110001001101
00000000011011011110011000111000
10000011100100001111110111101001
00000000000010110111110100011111
00111101101010101110110100100000
00000000001100101101011101111101
01001101101110011011110001001101
00000000011000100000110111101101
11000100110111111101011011001001
00000000000011001000000000001010
11010111010010000100011110011101
00000000000000010010100101010010
10100000110111001011001100100110
00000000010101010100001010110011
01000110110001010011000110101110
00000000011011110000011101100001
01001001000001001100011100011110
00000000000011001110000101000000
10100101001000100111000111110110
00000000001111110001101111101001
01001011011010101001111101011001
00000000010100010011010101001101
01001110000011101001100010011010
00000000011101001000000001001101
11101110100000010101000111010101
00000000010101111001011000000010
10101111011000000111111000011001
00000000010101101001001100011101
01111000110000101111001101111011
00000000001100010000001001000001
11011000100001011110101100101010
00000000000000000000000000000000
10110101011010111010011010010010
00000000010100111000000011101110
11000011100001010011101101000110
00000000011001110100111111110110
10110100100001100010001010100001
00000000001010010011111000110001
00010001010111010110110100111011
00000000000111101100000110100011
00001010110010011010001100000001
00000000000000000000000000000001
01101110011100001111000001110010
00000000001100111011110101011100
00110010110101001001010100100111
11111111110010010011101100111100
11000011010101000000110011010001
00000000000001110101100111101100
00000000001110111001000001100111
00000000011011011001000011001111
10100010101100010010111101010001
00000000010110110110001000000000
00010111100111000101111100001110
00000000010000011101101111001000
00001111010101111111111001111110
00000000000000000000000000000000
10110110010101010111111100000100
00000000000000000000000000000000
01101110011100001111000001110010
00000000011010011101111110100100
11100100001010000100001101001100
00000000000000000000000000000000
10000100100010011011010110000000
00000000000111111001111111001100
11001010100100010110011000110010
00000000001110011101011010101011
10000111100001001101000001111110
00000000001010000011010010101110
11001000000011111010100100100111
00000000000101000111110001101010
00111101011001000110111000100111
01101110011100001111000001110010
01110110000000000100111111010100
00000000000001101001010010010100
10100101111111100110101101101000
00000000001110110000000001011001
00101101001011000010111100011111
00000000000011011010000110000100
11001101000111001010000101001010
00000000011010110001000100010000
10000110100011001111111011110110
00000000011110111110111100010101
11010000100101011101100111111101
00000000000000000000000000000000
10101101011010000110110110110000
00000000001111011110110011001110
11011101011110100101001100011101
00000000011100100110100010001100
01100111001010111100111001001010
00000000001110110111100110110101
01101110011100001111000001110010
00000000011001010000101011001110
00011000110000010101011001100011
00000000000101100111110011101001
01100000101111110011110111011010
00000000010011011101010101110101
00110000011001000110011110100111
00000000000000000001011111110101
01010001001101010000000000011011
00000000010001001110100100111011
11101001000111001001111011000000
00000000001110001001000111110110
10110010010010011001001001111110
00000000001111100101001101001000
01110000101010000111101011011010
00000000010001011010000100100011
01110000101010011111000011100011
00000000000001100100010001110110
00101101111000010011011101010011
00000000000101100010010101011110
00100011101000010001101000001100
00000000000101110010111101100001
00101110110111010110110110100001
00000000000000000000000000000000
11011010100010010011100100100001
00000000000000000000000000000000
00011000110000010001001111110001
00000000000011010101000101101101
10101101110100011000111011001001
00000000001111101101001011110100
00000000000000000000000000000000
00000000011101100111100000011010
11001011000011111010100101101000
00000000011101011001000000101001
00001001011100100001000110111000
00000000001110100010100101011010
01011100100010001100001000111111
