01111111110000000000000000010011
01111111110000000000000000010011
01111111110000000000000000010011
00000000000111001000000101010011
00000000011001011010000110110011
00000001101001111000010111010011
01111011110000000010100000100011
00000000101110111010111010110011
10000111100000000010111110000011
00000001000101010101100110110011
10100001111001000001001101010011
11011000000000000000010110010011
00000001101111000101011000110011
00100110001100000010011000100011
11111101010000000000111100010011
00000001011001110000000010110011
00001001000100100000011001010011
01000000111110011000110000110011
00000000110000101001011110110011
11100000000010011000101001010011
00000000100101000001111000110011
00000001110100111101111000110011
01110101101100000010011000100111
01011110100000000010000110000111
00001000001001100000011111010011
00000001110100111010111100110011
00000000000100101000100011010011
00001000001000000000111001010011
00101100110000000010011010000111
01000001111100111000010110110011
00000000101111100010110100110011
00000000110100111101010110110011
00001000110000000000001010010011
00000001110100101000110101010011
01111001111100000010100000100111
11100000000001100000110011010011
11011101001000000010100000100111
11100000000011111000001011010011
00000001111001111001100000110011
00000001000110001101110010110011
11111011111000000010101000100111
10010011110000000010101100000011
00001000010100101000000111010011
10100000111011100001101101010011
10000100001100000010000000100011
00000001100011111101111100110011
00000001010001010000001010110011
00001101010000000010001000000011
11000000110000000000110010010011
11101000011100000010000000100111
00110111101100000010001000100011
11100000000011001000011011010011
00000001100001000000011010110011
00001001101011110000100001010011
00110000100000000010110000000111
10100001011001111001000111010011
10100110100000000000000010010011
01000101000000000010110010000011
00001000010111011000000111010011
10000010010000000010110100000111
00001001011111010000101101010011
11111011000000000010100100000111
00000001010001101000111100110011
00000000001001110000100100110011
00000001011010000000011001010011
00001110110000000000110100010011
01011110100000000010100100000111
11110011010000000010010110000111
01111111010000000000000110010011
10111001010000000010010000100011
01000000010000001000111010110011
01101011110000000000011000010011
00000000010111100010001000110011
00000000011001010101001100110011
00000000110001111101111100110011
00000000011101000000010111010011
00000000110011000101011110110011
00000001111001100000010011010011
00000001101100110010111100110011
00000001101100101101100100110011
10100001111111101001000101010011
00001000011100010000110111010011
00000000010111001000100000110011
00000000010010001001110100110011
00000001010000111000010011010011
00000001101000100101001000110011
00000000100011010101010010110011
00000001100101110000111111010011
00000001111100111001101110110011
00000000010100010000000011010011
01111111100000000010110010000011
00000001010001110000001010110011
00000000101000011010101000110011
00011111100000000010001000100011
10001011000100000010101000100111
10111010010000000010100000100011
00001100110000000010001110000011
00000001000001001001010010110011
01000000000110011000110110110011
11100100111000000010111000100111
01101110100000000010101000100111
00000000101111111001000010110011
10100001100011110001110001010011
00001100100000000010111110000011
11010101100000000010110110000011
10010101010000000010001110000011
11100000000011001000110001010011
01110000000000000010110000100011
00000001100000111001100100110011
00000000100001000010101010110011
00000000001110011010101010110011
11100100000000000010100110000011
00001000000111010000011001010011
01001000010000000010001000100111
10100001100010011001101001010011
10100000110010010001101101010011
10100010010000000000111110010011
00100100100000000010101110000111
01000000111000011000110100110011
10100000010000000000111010010011
11100000000000000000100101010011
11010101010100000010111000100111
00001001110011110000000111010011
00000000001011010000011110110011
00110111100100000010000000100011
10010101001000000010010000100011
00000001011001111001001000110011
00101001110000000010001110000111
00000000001100100001001110110011
11100000000001010000001001010011
10100000100101110001010011010011
00000001011000010101110100110011
11100000000001010000111111010011
00000001100010111010000100110011
11101011010000000010000100000011
00001001010011011000011001010011
00001000111101000000110001010011
00000000000111001010100000110011
10100001101010110001100001010011
10100000101100010001111011010011
01000000100100010000000100110011
00100100000000000010001000000111
01000001001011100000000010110011
00000001011001101101110110110011
10100001010001111001101101010011
10000111011100000010101000100011
10100001111000010001000011010011
00000000100110010101001100110011
01000000111110101000011110110011
00000000110101000101011000110011
00000000000010011001110000110011
11100000000001110000111001010011
00000000110011110101111100110011
10100001111000101001010111010011
10011100100000000010101010000111
01010111110000000000111010010011
00000000100101010010011100110011
00000001010000111000111110110011
00111110010000000000001110010011
00001001101000111000110001010011
01000000010001111000011010110011
00001001110101000000000111010011
01000001100101101000111100110011
10100001100010110001001101010011
00000000011001010001110110110011
11100000000001010000100101010011
11001111010000000000101110010011
11101110010000000000011100010011
00000001111011100010010110110011
11100000000001000000100001010011
00000000111001001000101000110011
00000000011101000101001000110011
10111011000000000010011010000011
00000000010000100001001100110011
00000001101101101010000110110011
01000001011000010000001000110011
00000001011100100001010110110011
11111110110000000000000010010011
00000001110100010010111010110011
01000100100000000000111100010011
00001000111011110000111011010011
00000001100100110000101000110011
11111101111100000010011000100111
00000000110000001000010000110011
11100000000011110000110011010011
01100101010000000010100010000011
10100001101111110001100101010011
11001111100000000000001000010011
10100000111011111001111001010011
11100101110000000010001100000011
10100000101010111001101111010011
10000011011000000010010000100111
00000001110011101101010010110011
11100000000011011000100101010011
00100110100100000010000000100011
11100000000011001000101001010011
00000000111111001000111010110011
11100111010000000010010000000111
10010001000000000010001100000111
00000001011000110000000100110011
11100000010000000010010000000111
01101000001100000010011000100111
00001000010100010000111101010011
10001011110000000000110010010011
10100000100001000001011111010011
00001001000000011000101111010011
11100000000001010000110111010011
00000001010101010010011110110011
00000001010100011001111100110011
00000001111100000101110110110011
10000011100000000010001000100011
00100101110000000000000100010011
00000001001100000000010000110011
00000000101011100010011110110011
01111100100100000010001000100011
01001011101100000010001000100111
00000000101100101001110000110011
01010011000000000000001000010011
00000001101010110000110011010011
10100001000110100001010011010011
00111001000000000010101010000111
10100000001101100001101001010011
11000011100000000010101110000011
01001100110000000010001000000011
00000001010101111000111101010011
00101101100000000010010110000111
11010011010000000000001110010011
10100001000010101001111111010011
00000000111000011000111111010011
00110001100000000000100100010011
11110111000000000000010010010011
10100000010010110001011101010011
10100000000011011001000101010011
00000001101111110000010101010011
11001111110000000010100000100111
10000000111000000010111000100111
10100000000101011001110101010011
00000000011101010000001001010011
00000000100111000000100110110011
00000000010111010010111010110011
00000001001100110001101000110011
00000001101110011010010000110011
11101000000000000010110000100011
11100000000011101000100001010011
10000111001100000010101000100011
00000000001000110000010110110011
01000001000000000000010000110011
00001001101110111000011011010011
00000000010001110000101101010011
00000001001100000000011111010011
01110010000000000010110110000011
00000000010110010101000010110011
01000000001010001000110010110011
00110110010000000010001000000011
01100100110100000010000000100111
00000001010010110000110001010011
00000001011111001010001110110011
10101101010100000010110000100011
11100000000010000000011111010011
00000000110010000000101101010011
01000001111101011000101010110011
11100000000000110000110011010011
00001000001110101000011101010011
00000000110001101010010100110011
00000000001010001101001110110011
10100001000000110001101111010011
00001000011100011000110001010011
00000000111001001000010001010011
00000001100000110010111010110011
00000001011110000000010000110011
00000000100001001001011100110011
10010110000000000000101000010011
00010111110000000000110010010011
00000001101000111000111010110011
01000000110111001000100100110011
11100000000010001000110101010011
00000001011110111010011000110011
00000000010111110101001110110011
01100100110000000010011110000011
11100000000001000000001101010011
01010111111000000010001000100011
11000011000000000000101000010011
11100000000011000000100111010011
10100000110000000010011000100011
10100001011100010001010011010011
11000011010000000010010110000111
10111101000000000010010000100111
00000000100101111000100110110011
00000000001000110000100111010011
00000000100100110000000101010011
00000000100001101000111110110011
01000001001101101000101100110011
00000000101101101101110010110011
00000001010101001000000011010011
10100001000100000001011101010011
00000001001000101101111000110011
00000000000110100000000100110011
01100110010000000010001000000111
10100000000000000010010000000011
11100000000000100000111111010011
01110011110000000010011010000111
00000000001111010001101100110011
10100000101110100001110011010011
10100000010000000001000101010011
00001000101000011000010011010011
00001001001100001000111011010011
11100011110000000000101110010011
00000001101100100000000010110011
00001001010101000000001111010011
00000001001001010000010001010011
00000000011100000000001000110011
00000000001110100000111010110011
00000000000111000000011110110011
00000001011100100001001000110011
10000110100000000010110010000111
00000000111110101000101000110011
00110011110000000010011100000111
10100000101101001001010011010011
11100000000001111000000011010011
11000001110000000010110110000111
10100000110101010001100011010011
00000001100100100101110100110011
10010111110000000010001000000111
00000000000100001101000110110011
00000001001011100000010111010011
00000000100011101001101110110011
00001000100011010000111101010011
11100000000000000000000111010011
11100000000000000000011111010011
01011000001000000010001000100111
01000001100001011000101100110011
01100100000000000010110000000011
10100001100011010001110101010011
11100000000001110000010001010011
00000001101011110101111100110011
00000001111110111000101110110011
11001011010000000010101110000011
00000001110001111001010100110011
10100010000000000010001100000011
00000000110001111001100100110011
00000000111111111000101100110011
10011101000000000010110110000011
00001000010000110000111111010011
11010011100000000000000110010011
00000001101000100101000100110011
00001000010110001000001111010011
01100010010000000010001010000111
00000001001000101000011000110011
01001001110000000010101000100111
00000000000000111000110101010011
00000000100100100000010001010011
11100110111000000010001000100111
00000000101001010000111101010011
10100000001110010001111001010011
11100000000001001000111011010011
00000000101011101000100000110011
01010100100000000010101000100111
11000110100000000010110110000111
00000000111000001101111100110011
11111101000000000010110010000011
00000001100101000101010000110011
01010011010000000010100100000011
00000000010010001010011110110011
01110010010100000010001000100111
00000001100100001001100010110011
11100000000011100000110011010011
00000001101110010010001000110011
10010101100000000010111100000011
00010010000100000010011000100111
00000001001110101001000100110011
11100000000001001000000101010011
10100001010000010001111001010011
00000000011110010010001000110011
11100000000000000000010011010011
11111010110000000000111000010011
01000001001110010000111100110011
00000001101110001010100000110011
00001000011011101000011001010011
00000001101011010101011110110011
00000001001001010010101100110011
00110010001100000010101000100111
00000000100001001000011011010011
11100000000001011000010101010011
00100010100000000000010100010011
01000000110110001000000100110011
00000001001001111101111110110011
00011001100000000010111000100011
11100000000011100000011001010011
11100000000010110000101001010011
01000000110010011000100110110011
00000001101010111001111000110011
01000000010011010000010110110011
10111100100000000010000010000111
10011111101000000010100000100011
00101101101100000010111000100011
00000000100101100010111010110011
00101110111000000010101000100011
00000001011111000001111100110011
10101000010000000010000100000011
11100000110000000000100000010011
10100001101101110001100101010011
01000001111100111000011000110011
00000000101110100010010110110011
00101001110000000010000100000011
11110111101000000010010000100011
00101110001000000010100000100011
00000000001101100001010110110011
00001000001101100000100101010011
11100000000011001000111111010011
00111100110000000010110000000011
11100000000010100000000011010011
00000001011111001101000010110011
00000000001100100000111100110011
10100000110100011001101001010011
00000000001110000010001100110011
00000001101000110001111000110011
00001000110011110000010101010011
00001001110001101000000111010011
00000001100001111010101000110011
00000000110001000001000010110011
00000001000111010000111100110011
00000001001001001101010000110011
00000001101100100010010110110011
00000001001111101101110000110011
00001000110111001000100011010011
00000000010100101000011000110011
00000001010110000101010000110011
10001110110000000010111010000111
00000000010101110000000111010011
00000001010100101010100110110011
00000001100111011000001110110011
10010011001100000010110000100011
10100000101101100001100111010011
01010111010000000010010010000011
00001001000000001000101111010011
00001001101110001000110101010011
10001001100100000010010000100011
00000001101001011000100011010011
11010000100000000000011110010011
10100001101010000001111001010011
10100000111111111001011101010011
00001000001101001000010011010011
01000001100111110000001110110011
01000001111111001000101100110011
11100000000000010000111111010011
00000000000100010101100010110011
00000000100101000101100000110011
00000001100110010010111010110011
10100000001100111001010001010011
10111111010000000010110000100111
00000000101111000000100011010011
00000000001010101010011000110011
00000000101011111000001111010011
00000000110101110101000110110011
00000000111100100000100110110011
00000000000100011010110110110011
11010111100000000010111110000011
11001111010000000010001000000011
00000000101110110000101111010011
10000011010100000010011000100011
10100000101011010001010001010011
00000000111111111101011100110011
01011101110000000010111110000111
11000010010000000010100010000111
00000000011001011010011000110011
00000000101010010010010010110011
10101111000000000000111110010011
00000001001000010010001010110011
00101011010000000010111000100111
00000001100100000000110001010011
10100001010111001001011111010011
00000000110111011001110000110011
01111000100000000000110000010011
00000000110100011000000110110011
00000001010111101010001000110011
11100000000001001000101101010011
01010111110000000010001010000111
10100001000100111001100001010011
01101111000000000010000000100111
10100000111110001001101001010011
10111011111100000010010000100011
01000000000000001000011000110011
10100001100000000010000010000011
00000000000011100010100110110011
10100000111110001001011011010011
01000001110001101000110000110011
01000000100000000010000010000011
00000000001111010010111000110011
01110100110000000000010010010011
00000001100011101000101100110011
00001000010101010000010111010011
10101000110000000010111100000111
11000111110000000000101000010011
10001011110000000010010100000011
11111111110000000010111100000111
00110010010000000000001000010011
00000000001101011001000110110011
11100000000011011000011001010011
00000001100010101010110110110011
00000001011010001101110100110011
00000000110011110101100010110011
11100000000011101000111101010011
11110111000000000010011100000011
00000000010000000101100000110011
00000000010001111001010010110011
11100000000011011000011101010011
11101000101000000010001000100011
01111111100000000000010000010011
01110010110000000010110000100011
00011000000000000000100000010011
00000001101000110010001000110011
00000000000010010000100011010011
11100000000001010000100101010011
00000000110101010001101110110011
11100000000010110000010001010011
11101000000000000010110000000111
01000000000001010000011110110011
01000010110000000010101000100111
01001010101000000010001000100011
00000000010010000000001001010011
00000001000101000010011110110011
10100001011101101001010011010011
10100101100100000010000000100111
11100000000010110000011011010011
00000001101100000010100000100011
01000000010000000000000100010011
00000001001011111000111111010011
10100001110010011001001111010011
00000000011110000010010110110011
11100000000011101000000101010011
00100100000000000010101010000011
00001001010101010000011101010011
00111001111000000010001000100011
10100000100110001001011001010011
10010110110000000000111010010011
00000000001001101101110000110011
00000000000100011010010000110011
10100000010101110001000111010011
10101010000000000010100000000011
00000000111100000010010000100011
01000001111101011000000110110011
11100000000000110000011101010011
00111011001100000010000000100011
00000000100001000000101011010011
01000001000001001000111110110011
00000000000011000000000011010011
01000001101011110000010000110011
00110100001000000010000000100011
00000001000011010010001010110011
11100000000010011000001101010011
01111101101000000010111000100111
00001101100000000010110000000111
01110100110000000010010000100011
00000001101101000010101110110011
11100000000011100000010011010011
01000000010101110000100110110011
01000001001110101000101000110011
00001001010110111000010101010011
10100000111001010001010011010011
01000000000010001000111110110011
00000001111110010010100010110011
01111010110100000010101000100011
01000001010011100000110110110011
00000001101011100101100000110011
11001101001100000010001000100111
00111100011000000010111000100011
00000000110100010000101101010011
10111101110000000010010000100011
00010011011000000010001000100111
10100000010101010001111111010011
00000001000001101010010100110011
10100001000000000001011001010011
01011111100000000010110110000011
10100000000111000001100101010011
11100000000010110000001011010011
00000000101001110001000110110011
11101101110000000000111110010011
00000000001111011000100010110011
11001110100000000010101110000011
01000000100010000000010010110011
11001101010000000010110110000111
00000000111100000101011000110011
00000000111100000001011000110011
00100000110000000010111000000011
00001000001001111000110011010011
10100001100000000010111000100111
00000000010011110001110010110011
00000001010100110101001010110011
01000001101001100000101000110011
00000001001011010101010110110011
00000001011000100000000010110011
00000101110000000010100100000011
11010010110000000010100110000011
01110110000000000010000110000011
11100000000011111000111101010011
10100000100000000010001100000011
01000001010101101000000100110011
00000000111010100001100100110011
00000001110110001010111000110011
00000000100001001010110100110011
11001000101000000010000000100011
00100000110000000010100000100011
11111000110100000010001000100111
00000000100110010010001010110011
10100000110000100001101011010011
00000000101101101000110110110011
00000000111001000001111110110011
00100010111000000010110000100111
10100001100001011001010101010011
00000001011000111000101110110011
00000001111011100010110100110011
01000000000010110000101100110011
00110010110000000010010010000111
00000001000000000010001110000011
11100000000000110000101001010011
00000001011000001001000010110011
10100000101101010001010011010011
00001000000001000000010011010011
00100010010100000010111000100011
11011001110000000010111010000111
00000000010111001000001110110011
00001000010110110000010111010011
11100000000011011000111001010011
10100000101001001001010101010011
10100000101111111001011001010011
11100000000011001000001001010011
01000000011111101000101010110011
01001100010000000010101100000111
10100001001110011001111001010011
00000000110011011101010100110011
10001011010000000010110000000011
11101001110000000010111010000011
00000000010100100001011110110011
10100001000101011001011001010011
00000000010110101001101100110011
00001001010100011000101001010011
00000001011011110101001000110011
01000001010110001000100100110011
00001001000010011000100111010011
00000001111101001101100000110011
01000000011110100000011100110011
10011000111100000010010000100011
11100000000000001000100001010011
00001000001111001000011101010011
00000001111000100010100010110011
10010000010000000010011000100111
00000001011110010001110100110011
11100000000001100000101111010011
01101110000000000010000010000011
00001000111010000000011111010011
10111111100100000010011000100111
00000000101101011001100000110011
00000001010000111000101100110011
10100000010111001001000101010011
01011101110000000010101000000011
00000000111101000010001100110011
01100110110000000010100010000111
00000000000001011000001111010011
00000001100110010010010100110011
00000001110110110101011110110011
00000000100000110101111010110011
00000001110000000000101011010011
01110100010000000010100000000011
10100001011100010001101001010011
00000001101110110001000010110011
10100100110000000010111010000111
00000001100011100001000010110011
01000001011110110000000110110011
11100000000011001000001111010011
00000001100100000101100110110011
11100000000010001000111111010011
00000000101011010001100110110011
10001101101100000010101000100011
00000001001001000000001011010011
10100001000110000001001011010011
10010111100100000010100000100111
00000001100111100010111010110011
00000000111011100101101010110011
01000000111010011000010100110011
11100000000011110000111111010011
00000000100000000010001110110011
00001001101011110000101111010011
00001000010110001000000011010011
00100011101000000010100000100011
11100001101000000010100000100011
01001111111100000010100000100111
00111011010000000010111100000111
01000110110000000010101000000011
00000000010101100010010110110011
01111111000000000010111110000111
10101111100000000010111110000011
00001001100101001000010001010011
11011111100000000010010010000111
10100001101100111001110101010011
00110111000000000010001000100011
00000001001100000001101110110011
00000001010011111000000111010011
01000001011001101000100010110011
10111101000100000010111000100111
00000000001110000000101111010011
00101100010100000010110000100011
11100000000001011000101001010011
00001010010000000000011110010011
10100001011011100001111011010011
00001000010010111000000011010011
00000001010110010000001110110011
00000000110000111101110100110011
10101101010000000010110000000111
01000000101100100000100110110011
01101000000000000000011100010011
00111001100000000000011010010011
00101110010000000010001100000111
11100000000010010000001011010011
00000001000010001000111000110011
00000000010000010010000110110011
10100001000001111001001111010011
10100000110111011001101001010011
10000010111100000010101000100111
01100110001000000010010000100011
00000000101011100010011110110011
00001000101000110000101011010011
00001001001011100000110111010011
01001001110100000010001000100111
10100001101101001001100101010011
10011100010000000000011110010011
01000000011010010000101010110011
00000001001000011001101100110011
10100001110010010001000111010011
00000000010100000001100000110011
01010111000000000000101010010011
00000000001011101101000100110011
01000000111101011000011010110011
00000000110010111010101010110011
00100101010000000010010100000011
11111011111000000010110000100111
00000000010010011000110010110011
00001001011111000000010011010011
10100111100100000010011000100011
00000000101001101101100000110011
00010111000000000010010000000011
00000001110101111001100100110011
01000001110100110000000100110011
01100100000000000010010000000111
00110110101100000010000000100011
10111010111100000010100000100111
00000001111001010101010110110011
00000001111011100010110000110011
00101011010000000010010000100111
00000000110100110000111001010011
10100000000100010001101111010011
11100000000011110000011001010011
00100101110000000010001100000111
11100000000000100000001101010011
00000000001111000010111100110011
10111101110000000010110110000111
00000000010001010010010110110011
00000001001011011001100110110011
00000000100011101001101000110011
00000001101111111000010111010011
01010010100000000010100000000111
00000000100100101001001100110011
00001010010000000000011100010011
10110010110000000010010110000011
10100001100110110001100001010011
11010101110000000000001010010011
00000001110101111010110100110011
11110110011100000010001000100111
00000001110100100001000100110011
11100000000010111000001101010011
00000001011000000000000011010011
01000001111101001000110010110011
10000011000000000000001110010011
11101111000000000010110000000111
00000000000000110101010000110011
11100000000010000000011101010011
10100000010000111001010001010011
00000001110011101101110000110011
00001000010110010000000011010011
00000000011011010101111100110011
00010101110000000010110110000111
00000000001000111101000110110011
11001110011100000010000000100111
00010010000100000010111000100011
00001001100000100000101011010011
00000000110110101000011001010011
11011000000000000000011000010011
00000001100100100101001000110011
10100000101101101001110001010011
00000000000010101000000110110011
00000001100010001001001100110011
01110101000000000010110110000111
00000001000000010000010111010011
00001111000100000010111000100111
11000001000000000000111010010011
10100011111100000010110000100011
00000001111000000010000010110011
00000000101010101000111100110011
11011011010000000010111100000111
00110010001000000010010000100011
11100000000011111000111101010011
01000000101100010000111100110011
00000000110001011000100010110011
10110111000000000000111100010011
00000000111100101101001110110011
11011001000000000010111000100011
11011110000000000010011000000111
11111100010000000010010000100011
01111100100000000010100110000111
00000001101010111010000100110011
11001010000000000010100000100011
10111111101100000010110000100011
00000001000001101000110001010011
01000000010010011000101110110011
01111000110000000000010100010011
00011100100000000010101000000011
00001001101111011000001101010011
00000000010101000000010010110011
11100000000001101000101101010011
11100000000000111000011101010011
11110010101100000010001000100011
00000000000011101001001100110011
00000001001100110000110101010011
00000001000010100000001001010011
10111010001100000010101000100011
11010001000100000010010000100111
00000001000100011000101000110011
00001001101110011000011001010011
00000001000000000001010000110011
00000001101001111001010110110011
11100000000001010000011101010011
00000000111010100000110001010011
10100000101011110001110101010011
00000001101111001000000011010011
10110101110000000000100010010011
01000001100100101000011000110011
11000010011100000010011000100011
00001001110010111000011011010011
00000001000011010000101011010011
11111100010000000010011110000111
00000001001011110000100011010011
01100011110000000010010010000011
10101111010000000010101100000011
00000000110000010010000010110011
00000001111101010101100000110011
11100000000000111000101101010011
00000000010110100001111010110011
01110110110100000010101000100011
10100000101001011001110001010011
00000000010100101001110000110011
00000000010000011001101000110011
00001001001010001000011001010011
00001000100000000010101000100111
11100000000001000000000101010011
01000001111000011000100100110011
00000000100001110010001000110011
01000000000010010000010000110011
10100000010000111001111101010011
00010101010100000010111000100011
00001001101001010000010101010011
00000001000111010000001100110011
00101001000000000000001010010011
10100001010011110001101011010011
01000000101001011000010010110011
01101101010000000010111000000111
00001001001011000000100011010011
11000001100000000010101110000011
00011101010000000000101110010011
00000000101011100010011000110011
11001101110000000010010010000111
11100000000010110000111111010011
00000000111111100101000100110011
10100001110110100001101111010011
11100000110000000010111010000111
00000000111011011000011001010011
10101010000000000010011100000111
00001000011000110000001001010011
00000000010001100000100110110011
01000110000000000010110000000111
01000000110111110000010100110011
01000000010001100000101000110011
00010011010000000000011000010011
11111011110000000010110110000111
01000000111111001000111010110011
01110110110000000010001000100011
00000000111111110101011110110011
01000000001011101000111000110011
00001000111111001000000111010011
00000001110101100010110110110011
00000000000000011101001010110011
10100000111111110001000101010011
00000001001010000000011111010011
11100011001000000010110000100011
10100001101101100001011111010011
00000001110010011001101100110011
11100000000010011000111001010011
11100000000000101000000011010011
00000000011000010001010000110011
00000000000011001000110000110011
01101001100000000010101100000111
01000001010011110000101010110011
01000001101001110000111000110011
00000001100101000010111010110011
10100001111111100001010001010011
00001000100111101000011001010011
00111101010000000010100100000011
01110010000000000010000110000011
00001111110000000010110000100011
01100010010000000010111100000111
01101001110000000010000100000111
00001000000011100000111011010011
11100000000010011000010001010011
10100001000110011001110011010011
00111101110000000010110010000111
01000000101001011000110010110011
10100001010110100001110001010011
00001001010101001000110011010011
10001101100000000010111000000011
00001110110000000000011010010011
00000000110110111101110010110011
11100000000001111000111111010011
00000001001100110000110011010011
00000001010011011000100101010011
01000001000000100000111000110011
10100000111011011001100111010011
11100000000001101000100101010011
10000011101000000010010000100111
10011011010000000000000110010011
01110110101000000010100000100011
11001111110000000010011010000111
00100111100000000010010000000011
00000000010001100000000110110011
10001101100000000010100010000011
00000000101011100000001101010011
10110110001100000010010000100111
00101010000100000010010000100011
00000000010101111101011010110011
00000000101011111000101000110011
00001000111011101000011011010011
00001001001101001000000111010011
11100000000001100000111111010011
11100000000001101000010101010011
11100000000000011000000101010011
01000000111011000000001100110011
10111010110000000010010000100111
10100000010011101001001011010011
10010011110000000000011100010011
00001001001110101000111011010011
00100011110000000010110100000111
00000000100000111101010000110011
00000000010100101101001110110011
11100000000001100000100001010011
10101001110100000010111000100011
00000001100100101000100111010011
00000001100110010101011010110011
00000000001101000000110100110011
00000001110011001000000101010011
11110010101000000010100000100011
00000000010100001101101000110011
11011011010000000010010000000011
11101110001000000010101000100111
10000111101100000010000000100111
10110110110000000010000100000111
10100001001001001001101101010011
00000000101111001001010010110011
00000001000100010010111110110011
01000001010111000000101010110011
11010100110100000010100000100111
00000000101000011010100100110011
00000000011000101000011001010011
00000000111101100010011100110011
11100000000010100000101111010011
00101000000000000010000010000111
00000000111011111101101010110011
11011100000000000010000100000011
00000001100010100000110111010011
00000001000000000010000110110011
00001000011011110000000101010011
01011000100000000010111110000011
00000001100010001000000010110011
00000001101011001000110100110011
00000000111110010000000010110011
00000001110100100010101000110011
10100000100110101001011101010011
00000000000100010001100000110011
00001100110000000010100000100011
01000000000101100000110010110011
01000001001101011000100100110011
00001001111001000000011111010011
00000001001100110001010100110011
11100000000000111000011111010011
01000001110010011000010100110011
00000000010000101000111011010011
11011100100000000010101000100111
00000000100100010000010101010011
00000001010000001010001100110011
01010111010000000000010100010011
11100000000001101000000011010011
00000000111001001000010110110011
10100101011000000010010000100111
00111101100000000010101000100011
01000001011100010000011000110011
10100000111011000001111111010011
00000000011110111000000011010011
00000000010101010010010100110011
01000000010101011000010110110011
00000000111001000101101000110011
10100001000110001001011011010011
00000000011011011101101000110011
00000000100100001000000100110011
00000001001000100001001000110011
01000000001110101000010000110011
10011101110000000000001010010011
10010101111100000010001000100111
00000000001110001000100110110011
01110001100000000010111010000011
11100000000010010000110011010011
01111110110000000010001110000011
10100000100110001001011111010011
00000000100000010000001011010011
00101001000000000010011100000011
00000000100101110001011000110011
00000000111100011101110110110011
11100000000011010000001111010011
00000000000000000000000001110011
00000000011101001000110010011101
00101011010011010000110111110001
00000000001000100011100000100001
01111010111010111110000000011011
00000000000010110010000011010100
00110010011101010100111000001001
00000000000100001010010101101001
11000100100100011001110010101010
00000000001010011001010101001000
00001010000011000000111100100011
00000000011001100110000111000000
11010000111100100111110011001111
00000000011101001101010110001111
10100000011110011011101000101111
00000000011010101000100101110011
00011110001100111111110110000000
00000000011011111101010100010101
01110011001011100100000011101101
00000000011100110110110111011000
10101000110010010110001111001101
00000000000011110000110001100010
10010110010100110100010011010110
00000000000001000101001100100101
01111011101101000001000110110000
00000000010111010100100000000100
10101000000100111010000001000000
00000000010111110000001101110011
10001110011011111010011110110011
00000000011100111011111110000101
10100111111001101010111011011011
00000000001001011111001010001111
00100011111101101011001111111101
00000000010011100101111110101110
00011101100010101111110100101001
00000000001110110111011011100000
01001101111100101110101101011001
00000000011100100010011110111111
10100010001111111010110011111101
00000000010100111011001110000101
10110011110000111001011011010100
00000000000110111010001000110000
10010111111001010001101010101110
00000000011010101011101111001100
11100000101111100110101101100001
00000000011111011110010010010011
11010111010001101000001111100100
00000000001100111100011001010100
00001101111111000101011010111111
00000000011010010101000011001001
01100111011000001000011001101111
00000000010111011110001010100100
10000111100000000001001011001010
00000000000101000010111100010010
01010000111111000001010101010010
00000000001010110100100110000000
10110100101111010011101111001000
00000000011100001110011000011110
00000010100111001110111111001000
00000000001111111001011010100011
10010111010101100011011001011111
00000000001010110010010001100101
10010000010110011011010100010101
00000000000111100010000101100110
01110001001100101001001011100111
00000000001101000101000001110001
11001100010111010110111000010011
00000000010011110010010100101110
01010100011101100001110000001010
00000000011010011000100010011011
10100101001011110000010100000101
00000000001111011010110110100111
00100000001111100011100110100110
00000000011000010101110101000010
00011011010011101111110100010001
00000000010111110111110010011010
01100010101101110110101000010001
00000000001001011010001001110111
01011011010111111011011011110111
00000000001110101110101110101110
01001010001010001101000001001000
00000000011001001110111100010001
10101111011010011010000111100000
00000000001111010000111110111001
10000000001101010011011100100101
00000000011001001001000110001001
00000010101100100011111111110100
00000000001110111000111001111100
11110111100111000000110100110110
00000000010001101010110110001101
00101010111001010110110100110000
00000000010111101000110000111011
11111110011101001010000000100101
00000000010011000100011010111110
11100110010100001001111101110011
00000000011000011010000101001101
11001001010101010110000001001000
00000000010110111000000010011101
00101110111111001101100110000011
00000000011101100111111001101011
11110111000111011010101110000010
00000000001100011010101001011100
01100110011100001011101001110000
00000000010010001101111001100100
01011100100011010011111000110100
00000000011101000101000110000000
01000011001101000110101011100010
00000000011010011100011100110001
10010011111110101110111111110110
00000000000100011010101111110010
10111000010100001110000111110110
00000000010010011011100011000110
01000111111110001101010011000100
00000000000011011110101110011110
01110011000101001001010101101100
00000000001110110110011100101101
01101011010000001011001010000110
00000000011000100010010110100100
01000000000111100100100011011000
00000000011111100101011110000101
00000100000000010111100001100101
00000000010100000101100100110101
00110000010000010011011110101110
00000000000110101000011100010001
11001110010000001100011101011110
00000000010010010101001000110010
00100110100111011100011010011010
00000000010110000001101010100111
10001111100110001110010111011000
00000000010101011010011101100000
11011000110110111001010100101010
00000000010010110011000001010101
00010110110001001101101001101011
00000000010011101111000010000100
11110110111001111110000001110100
00000000001001111111100100001001
10011110110011101010101000001000
00000000001101010011010000011110
10110001111010000000000101001101
00000000010100100101001000100010
01010001111110100101010010010010
00000000011010110110101110100111
10110111101011000001000001100010
00000000000001001010011100000101
01101110100100001000101111011010
00000000001010001110111111010010
01001100010001101011000000101100
00000000010001011001000010011000
10010101101001111110101001010100
00000000011001010111110010000110
11000111011011010111001111101001
00000000001010001110100100101101
01010010000100111001100111101000
00000000010111010000100110011101
10011111001011101010011111000100
00000000010100101110000001001010
11111101000110001001001010101110
00000000000000100001111111101110
10111101110100110011010000011101
00000000001111111010111111000111
10100001110100000100010001110011
00000000011101000101101010000100
01111010111011001100010010100101
00000000011001010110010000000110
00101110001110110001101000100100
00000000001100010011010101001100
00001100101000001101011011000011
00000000010001001100110110010111
11110000111010111111010101101011
00000000011100001011100101111010
11000101111111111011001010000011
00000000001111011110111101110101
11010011000101110111101111100110
00000000011100010000010110101000
01001101111011001011101000000000
00000000010111000000111110010111
11001011111100101010000001110101
00000000010001101111000000101101
00011001001111001110000000001011
00000000011001101001010110100000
11100011001001010100101111010000
00000000001111100110100110110001
00100110101011010111001100010010
00000000010101100010111111001001
00001111001000000000000001100010
00000000000100000111011001101011
11101010101011100101100010100110
00000000001011000011011100111101
11110100111011100111111000010101
00000000010010110000100001001110
10111001111011110110111001111011
00000000000011100101000001001010
01110100000110110000111010100101
00000000011100010001110100111100
00001100010000111000101110110110
00000000010011111110110001001100
00001111101010100001011010011000
00000000000111111110001110011111
00000110111111000110001000101110
00000000010000001000110111011001
01101100111110111100000001111101
00000000011010000110101011001010
00101010111100100010000000011010
00000000011001101011000000100111
10000011111101010010110011000000
00000000001011001010101000100110
00110010100100010011100001000110
00000000001110011111011110001110
01101100011111110010110100001101
00000000011011110000011110011100
11010110101011000111010001001101
00000000001011110100001111100000
00111111100010100010100111001011
00000000001110000011011110111110
01101010011100110001111100000101
00000000010011111011100110111110
01111011101111111101101001111101
00000000010100000001011110000100
11110000010111110000101010011001
00000000000011111101100000111010
10100000011001001100100010001101
00000000000001000100000111011001
01101101100000100101110110101101
00000000010111011110001110111101
11110011000100110110010111100110
00000000010001010010000001100110
00011010001110000110001010110000
00000000001100111010100010110010
00111110100111000011011100001000
00000000010001101110001110001100
00000011110100100011011000100100
00000000010001011101100111110010
11110000000101010010110101000011
00000000001111000011100010001011
11000111010010110001010100011010
00000000001001101010100101000110
01100000010111111100110011111111
00000000001110101101011011110100
01000110101010111010100101100010
00000000000101100001101001101111
00100000010100101000010000000000
00000000010000001000001011000110
10101001000101011011010110110110
00000000001100111001011011001110
11100000101010111111001111000000
00000000001010100000101101011101
10111101100011000001011001011110
00000000001000101111111110100100
11110000111001000110111110000010
00000000010000011011100111011001
11100100001010010101100110110101
00000000000000101111101001010110
11101011100001000110101100010111
00000000001110101100110010100111
10011100010100011110010110010100
00000000010000001111100101100010
10011001011011000000000000000111
00000000001100101011101011110001
10101111010111010111111001011111
00000000010100001010000000100000
01000101011100111111110111100011
00000000011011001101100101100110
00011101110111011110101010001100
00000000010000111001100011101110
00010101101100010011111111101101
00000000000011010000101100100000
11111010100111110011001011001111
00000000010001101011111111100100
01101010001000011110001101010001
00000000010010100110001100110101
10110111000110001001100010000001
00000000010011101111100110010010
10011110010111000011101111001101
00000000010011100010110000111101
11110000001111110010111010111000
00000000000000101001110011101100
01001101110110000111101111101101
00000000010000000010010101000010
10011001001011101011101001101000
00000000011011001010010001111101
11100111000111001100001101100001
00000000000011011101001010010101
11100000111100001001100010111011
00000000001011010110011110101001
10001011011011101011111010000110
00000000000110000110111100100111
00110001000001010001010001101001
00000000001000011110110011011110
11010010101010000110110000111101
00000000011010110100110000111001
00001001111011111010111101001011
00000000010110100010010100011110
11101100100101111101010101110111
00000000000110100000010000011110
00001001110111110110011101000000
00000000000110110011111100010000
01011010100001101100100111110111
00000000000110010001001111101001
10011100010110101001101011101001
00000000000111001101010010110010
11011000010001001010100001000101
00000000011000010000101111000011
11111101011111001101111001110011
00000000000011001101111011100110
11010000111001011011111100110110
00000000000100111010010110001101
00000001110000000100100010001011
00000000000001111111010000101101
01111011100111011010110110111100
00000000011111001010010110111100
10110100101010100111000011011100
00000000001110000000011101011100
10110011101100010001000001111001
00000000011011100011110010100010
00011101111111000000010111101111
00000000000000010001001100111010
01000111101110001000110110000101
00000000001010110001010100100110
10011000010111111011001110000111
00000000010001011100111111010010
01001100001010110010110110000111
00000000010010111000001101101000
00111110111110001111100110000001
00000000001110001100110101101011
10110000101111111111111011001101
00000000010001010110111101000000
01110001100101000110101011001111
00000000001110001010110100111100
10011011011001010001011110010101
00000000011110110010000111010001
10111010010111111110011011101011
00000000010110011100111010100100
10010010111100110000111101110111
00000000001100111111001000000101
11100001101100000101011100100101
00000000000100011001100011111010
00110101001110111110111010111000
00000000000111100100000001010010
10001010111011110100001000101010
00000000010111110100100101001011
11000010111110111101100010000111
00000000010000101010000101010100
11001100100000111011010110101010
00000000010000010111011001100101
11010000000101111001111001100000
00000000000110111010101101001100
01001011011101100110001000100000
00000000000011001111111011110101
11111001011110101111001011000000
00000000000010101000101111011111
10000111001000011101100111010111
00000000010110111001101100001100
11100001110001001001000011101100
00000000000000011000101000011010
10011011000110011000011010111011
00000000011011001010000010101110
01001100011111100011011101101101
00000000011010100101100001000011
11101110101010111111010011100011
00000000010001110011011010000111
10101000111101011011000101100110
00000000010100011001110101111100
01100010100110001100111000101000
00000000000111111010100111110001
00001000010100110111001101100010
00000000011010101000010010100000
01101000100111111011000100110100
00000000011111100011101100111001
00111101010101001110110101011101
00000000000101010100111100011100
11001001001010110001000001010010
00000000010110101001011010111110
01001000001110111101001000110110
00000000001101111011011011111000
01100100010001001000011100101111
00000000011101010110010101101011
10111010000100000000010110001101
00000000001101101000011100011001
11000110110010001001001011011011
00000000001010101111001101010011
00101000100101000010101100010001
00000000010011100111010111110101
01001111011100000010110000010000
00000000001100110001111000011111
00011010111001110100001110011001
00000000010011000111101110010011
01001111001010001010011000011000
00000000010111010110111111101100
01001011111100110000110100011000
00000000000001010111010100010100
10001011101011011000010101001111
00000000010101101001110001111010
11011110110000100100000111001010
00000000001111000110001111100111
01011001101111011111110001101000
00000000000110110000011011111101
00000100001100101010011000100100
00000000010100010101110001000010
10010001100010011010101000110010
00000000011110110101101101101101
10100101001000010110111011011010
00000000000111001111101101100110
10110101011011011000101111100111
00000000011110011011010000101000
10101100001111100000111011100011
00000000011111111110111100001001
11110110010011100000001110111001
00000000001010001001000000110101
11001110111100000011011010010010
00000000001000001010001111110001
01011100010100001010010100101100
00000000001001110011000000110101
10000101111011011010110000111010
00000000010010111000100001110111
00010000111001110000000011100101
00000000011111010110111111100011
01010100101111110011101101001111
00000000010111011011000000100001
01111101111011110111011100011101
00000000011010001001111011001110
10100001010010110110111101110111
00000000000110000100110111001111
00101111100101100101000111011011
00000000000101101001010110000001
00111100000010110110001101101100
00000000000100100000101111111100
11101111110000100001111101101000
00000000010101110000100110011001
00010001010010010001100101000001
00000000000001110010011011110101
11010101001111001111000011100011
00000000011001110100100000001110
11011001100001011110110011111010
00000000000000000001101001101110
11000010101011010010001000111110
00000000001100000000110100101100
10011011100001111011000000011000
00000000000000000111100001100001
10111110011010111101001010001111
00000000011001010101101100110000
00101000000110010100110000100011
00000000010100101101101101000001
10111001000110000110001100001100
00000000000110111000000110100001
10000011001100010101000100110010
00000000001000111111001111110101
10000101111001110111001101011101
00000000010110010110100101101011
01000001111110000000110101001011
00000000010111010011101101001001
01100011001111101100111111110001
00000000011110101000001101110001
01100100000111010011101011111000
00000000000010010101010001110110
11000011100010011001001001011011
00000000000111111011111100010101
00110101101001101101110111110111
00000000011111100100000100010001
10111000111010011001010110111001
00000000000101100101110011010100
01000001111001100101100011111101
00000000010010011100111011011000
00111001100010100111011001011111
00000000010111111110100000001011
00000101100100100000001011000001
00000000010000011000001100010010
01110001001010010110110110011000
00000000001101010100001111000001
11010110111001110010011100111110
00000000000100111010110010011111
11111101111111110100111100000000
00000000011110010000101000000000
00101110100001000111010111000000
00000000010111110000101100011010
10110010001010101101100010000011
00000000011101100111001110000010
01110100100110111011100110001111
00000000001110111111011100111001
11000111110011110111100001001111
00000000011110000111101001000000
11110010011100000001111101110011
00000000010101101001010011111101
01110110011000001100110110011110
00000000000011001111100001111010
10110010100000101100110111001000
00000000001000110001101000111100
11101000101001010111100001001001
00000000011100000101000001111011
01000000000010011100010101110001
00000000000100000010011000000010
11000111000110010100110001111100
00000000011000110011101110001000
00110000000000111100011001011011
00000000000001010110101010100000
11101000110100100000001010100110
00000000001111001110101000001111
00010001111011001001100011011011
00000000011100011000000111001100
01010011110100101010101100000010
00000000001111000000101100000110
11011111110111111001001111101011
00000000011011101110101111100101
11101110010001001000010101000000
00000000010001011110111100011011
11111111011110100101100110010110
00000000011001010110001100110111
11001001011111010011011111100011
00000000000010100011010000110100
01110110111110010101001111001000
00000000000100110010010011110111
00101101010100011110011101100101
00000000001110100000111010110011
11100101110111011101010010111100
00000000010000010010000100011111
10000011010000101100000100001010
00000000001010010000110110100001
01000111101010001100001001001011
00000000010110110111110100110011
11111000111000110011110011110011
00000000011010111000101000110100
01101111100101001000000010001000
00000000000101000000111000010011
11111100011010101111101010000000
00000000010001000111000110110101
01101111001001010101011101010000
00000000000110100011110101100011
11101100011000010101010011000011
00000000000111001100100010011011
00010001000111100000010100001110
00000000010101101000111000011001
10011111011111100000001000001100
00000000010010100000111110111100
01111100101000101011111110111011
00000000010101110000011101011010
00001001001110110101101001100111
00000000011110101100011111001100
01000011000111100110011110010000
00000000010011001111100101100100
01000111001000010011111010000100
00000000010000101111111110001111
00101110101110000110001010101101
00000000001011100000001101100111
11100101001110100110111100110001
00000000000100111010111110000111
10000001110010100000110000000010
00000000000101001011011111001101
00010111100001010010001010111010
00000000000001001010010111001001
10111100100110101001011100101011
00000000001111001101101101100011
11001000100010111111101110000001
00000000001010000000000100101101
10011100000010010100011100000111
00000000011100010111101010100011
00101010010110010110011110000001
00000000001110100010111000111111
01000111000011011010100010100110
00000000000100010000100111101001
10001011001110110000011110100110
00000000011001010010011110010001
00100101101000110111100101101001
00000000010101111101110110010000
11101100110010110001110001011010
00000000011100000001100101001001
10101101001010110100100111001000
00000000001110011100010011000000
11100111101110100100111001100010
00000000000011000111010111011101
10010111111001100110111110011011
00000000000110101000000110110101
01011010000111101000101100100010
00000000010001011001111001110000
00011101110111110011101001011100
00000000010110100110011101111111
10001100010000111001100101101111
00000000001110110101001011011001
00110111011010001000100001100001
00000000010111110010111110010100
11011111100010110010110110110110
00000000010001011001010000000001
00111010011010101100110100101100
00000000010010101111110001110011
01100011110111001100110110101100
00000000011110110110010010011010
11001000000101110001011111101111
00000000011100111111010101001111
01011010100000100111011110011100
00000000010110111111010010100000
00101011011010111001100001011010
00000000001110110111010100110011
01110111010100100000100011001000
00000000000100011001000000001011
11000101010110011101010110000101
00000000000011010110100011000000
00000101010000001111000110000110
00000000011000001111100100001011
10101100101110100110101010111111
00000000011010001001101111111101
00000010011100101111100100110111
00000000000001001001010100011001
11000100001110110110010011101111
00000000011100000010000110010000
11001000000111101010111000000111
00000000010101010101011111100000
01110110010001010011110111111101
00000000000010000001011011000101
10001010100100111100111010110111
00000000011100001101101110000001
10011111111011010101000010100010
00000000011111000111000111001111
01010101101001111101110101001110
00000000011001101000111000101111
01000100010011101100011010101001
00000000010011010010111111011001
10101000001111101001010001011001
00000000000101010001100101000110
01100000000100001100110010011000
00000000001010011110111000110010
01110001111101101101110010101000
00000000011101011100010010110101
11100000111101110011110110110011
00000000000001001110111010110100
00100000100101101110001100111001
00000000011001101100001111000111
00001010011100011101010111100110
00000000010111010100101100101100
11101111001011011010010100111001
00000000011101101011001101010101
01100100100001000100000001010000
00000000000000011011101100101010
10001100100010110111101110100000
00000000001111101100001100100100
10010011111100010110101011010011
00000000010100010110011111100111
11011000111000110110010001101110
00000000011100000101101010101001
10010100001101000011010011110100
00000000001001010100100111011001
10010100011010110110001000111000
00000000011111000010001111001110
11010011000100001000110010010100
00000000001110101011000000111110
10011010101000100001011110000110
00000000000100110000001000010100
10111111101111111111101000000011
00000000011111111111001111100001
11001111010000010000011111101001
00000000001110111011010100100001
01011001010111000011010000110001
00000000010110100010111111101000
00000000100101110101010010110110
00000000010000011101001000011100
10110011101110110000100101001111
00000000011001111000010000000011
11010010011010100111110000011000
00000000000000111011101010010101
11110010101110011001101100101100
00000000000110001100101101111110
11010001100000000100010000100100
00000000011001011110100000001110
10001011001001111001001011011101
00000000011111000110100011101010
11101011111110111011010111100110
00000000011101011110001000110100
11100011000001101110010001010100
00000000000010011111111000111001
01110101101000101101001100100011
00000000010111111011011110101111
10011011110111111011110011011001
00000000011010101101011011001011
00000001100001000000001011101010
00000000000001011011010101001101
10111101110011111111011110110001
00000000011010101000111101000010
01000111101101100011100111010001
00000000000011110001000001110010
01100110011100000110101100100101
00000000001001000001000011001000
11111010001110011100110100100110
00000000010010101001010100110011
00101010001011001100100001110101
00000000010011001111101001111110
00001110100110100000110000111001
00000000011110001101101100100000
10000111100100100010100100111101
00000000011111110010011010111100
11001010001011010010110110011110
00000000001010000001010110011100
10001111000110111011001001000010
00000000001100111011110111001001
10100011010111100000100001011001
00000000000110011110111111100111
00000100010010100010001000011011
00000000001010011101110101000001
00010111110010001111111101011000
00000000001101110111111000100001
11111001110100010101101011101010
00000000011100111101000100000011
00010110001110111011110011100010
00000000000101011001111000111011
10101101011010111101101011111001
00000000011000001001001011100101
01001000100000001111001110110000
00000000000000101000000011111100
00100110000011001011010101001011
00000000010001010001001111011010
10100100111010101101000111000000
00000000000010000111101110011101
10000101000111100111110100100000
00000000010010110110000010110001
11001011110010101110110011110011
00000000000010110111100001011010
01101010101100101100000011011001
00000000000111111110111111000110
01011100110010011010001100001110
00000000010011111100000101101111
11010100010101011010110110101000
00000000011111110110100100100101
00010001101001000000001100001000
00000000000000011101101110001101
11100110010001101011001110011001
00000000010101000000111111010111
00110011101001010011100111000100
00000000001011001000011110110011
01011111001111101100000101000110
00000000011001111101000011011010
00100010010110100011101101000101
00000000010010110000000100010100
00101011010010010011101000111101
00000000010000110111111110101110
11111011101010011000100010111000
00000000000100010011001100100101
01110110111001111001110100100111
00000000010011111010000000110000
00010011101010010101100000101110
00000000010111101011110110010111
01001011100100010111000011000101
00000000001011110110001100000000
01011111010101110111111111011111
00000000010100010101111100110001
11110111111001111110110100000100
00000000011110001010110010111111
00101000010111000101111111101111
00000000000110011000101110101010
01111000011101101001110001110000
00000000001111111011111100001100
00001110011000110111111111100011
00000000000100111100011111000010
11001011011100001011110011100000
00000000010001010001011111000010
11111110100101101101101001110111
00000000011000000100000100011010
11100111011000100010100011100011
00000000010110110101011000100011
10000110000010010110001100111010
00000000010010010010000101110111
10110000011111010000110010100010
00000000001010000000000010101110
11010111110101001010000100010010
00000000011000011010011010100110
00000101001011000001100110011111
00000000000001000010111001001101
00000101000001101010110010111101
00000000001101011110000111101101
11101001100000100111000000110100
00000000001100111101100100010001
10110110010101000110011110000001
00000000001110100000101111000010
11011110111111010001001101001101
00000000010100010000010100001110
11111011001110001101010001111000
00000000010011011000010011101111
00101011001000111100110010100001
00000000000000010010010101001011
11000001101100000111110010001100
00000000001011111010101111111001
11001001100001010100100010011100
00000000001011011000001000001111
00001101010110100110001000110111
00000000010000100111011010000001
10001100001000100101010110101110
00000000001011000010011010101000
01001101101110000100100100010110
00000000000110100001111001100000
00101110010001111101010010011101
00000000001010110111111000100010
11000011000111010100000010001100
00000000010010111110100010100100
11011100001111010001000010001101
00000000010110000111111000101110
01010011001101111101000010110000
00000000011111111110111011011011
01000100000100111100100001111011
00000000011110101001101000000011
00100000010011010111110101100001
00000000010101011111011111010110
11100101000101010110101111000101
00000000000111101110010101001111
11110000111010010111111111001110
00000000011100110000011110001100
00100010110100110101001101111000
00000000011111011000011100010011
01001100011011010000111011111001
00000000010101111110110110000011
10000101111010011111110110101001
00000000001000101101001101100001
00001100011101110000001001001001
00000000000111011111100011110110
10100101011100000011000100001101
00000000001101010110101111101111
10000011110101011010000000100110
00000000001110010011110100100011
01101010110010011000110100010111
00000000000111101000000110111000
11101110001110111010010111001001
00000000000010011001111001110001
10101001101010101001010011011100
00000000010100000101111101011001
00001011110001111011011101110001
00000000000000101110110101000110
01011000110110100101001000001100
00000000011101100001001001101110
11010010001001000110010111011111
00000000011100010010101010001010
00000111110100011001001101101000
00000000010011000011011101101101
10111100110111111010001110000000
00000000011001001001000100111100
11001110011011111100101001010101
00000000000010111100000010100011
01100100110011000110100000001101
00000000000100010100100101010001
00010001011100101101110000010011
00000000001111001011100011110011
00101000110110101011100010000100
00000000011100111010000001110011
00101100001101011100100111111111
00000000010100100101010100001100
11011011100110011111010011111010
00000000010001000010101100110110
00000010001100011001000101100110
00000000011111100110101111100110
10001100010001100011111100111111
00000000010101111100010100001011
10001101100001011011111110010111
00000000000001111100100110100010
01010011111101101101111000011011
00000000001111100110001101001001
10101110110000100100010001100001
00000000011001000111100010110011
10100010100010111010100010000011
00000000000101100000001000111010
00110101110010101001010100010110
00000000010011110000100101010001
00010101110000111001101011010100
00000000011101000110111010010001
00011110011011010011000100010110
00000000000000101010000101000010
01100010010010100101101110001101
00000000000101101000010010110101
10001001100110000011001101001001
00000000000101111111000101000001
11111000110010110111001011011100
00000000011000010011001011100111
01110101010100101100110010011000
00000000011101000111001010001010
00000000101001001000010010100100
00000000001001001010001010101010
01001011000011101010101111100011
00000000000111111110001111101110
01111010011000010010000100100001
00000000001010100110010010110000
10001100001011111000101111011011
00000000010111001110101100011011
11010101001011000111000000100101
00000000000010101001001000110101
11100111101000100000110000110101
00000000001011011001100101111011
10100110000111101010100011111001
00000000010000100100111101001011
10000101011110100100000010110001
00000000001010011011011011010001
00110010001110010010011100010110
00000000010001010011111100001011
10111100101011101010101010100101
00000000001010010011010111000111
00101000010100000000100001010001
00000000000001111100001011110110
00010011110000011000100101010111
00000000010110101001000010000001
11000111011010010010111110110001
00000000011010000110101101101111
01010100101100011000101010101001
00000000010000100111000111010000
00011110100010101000110000111010
00000000001000000001110010000000
11001000000000100100011011000001
00000000001000000111100110100010
01100110010110011001000000111000
00000000001110111001101001111111
00111110100010000110100000100000
00000000011001110100111101010011
10100011000010011011101110000010
00000000010101101010111101110101
00011100010011110111111011001001
00000000000101011010001000010011
00000100101000010100100111001101
00000000011111110111101110001011
11011011001010101000100000111100
00000000000010001001100100100010
10011000000010100110010001001000
00000000010010010101001001001101
10011011110001010001001111011110
00000000010101010110000111000100
00000111011000101011001110000110
00000000001000111110001001101101
10101100100110100110000111001100
00000000001011101101010001110010
10111001110010101011100011011000
00000000000111101010101001011111
10010111100001011000010100110111
00000000011101011000011001011110
10100101000000111110001011011001
00000000011100010001110101000100
11001010101110000011000101011000
00000000001001000000101101110110
10101110000100000010000000001110
00000000001001011011110101000110
01111010111011110101001001101100
00000000001100001111001100110100
00010111101011010010011101000101
00000000010000010010100000000001
11100101010111101001000101011000
00000000001001000011011101010100
10000101010110000111100111011101
00000000011011110101001010101100
01000111010000100011010111001111
00000000010000011001011001100011
00011111001010101100101101001100
00000000001111101000010010100001
10100001111011010011011110011101
00000000000110011101110101101011
01111101000010011110000111001111
00000000010011011110111111001100
10011111111001011000100010010001
00000000000110011100010100000010
10100000110101110011101110110000
00000000000100101111000000101100
11111001000100100000000000101111
00000000011001010110010110001001
11000000001111000100010111100111
00000000010100111010010011101111
00011011001000111010010100101110
00000000010111110100000011010110
01111101100100110000011110010110
00000000001010111000010010001001
00010101010110001111110000100101
00000000001110101100101111010110
11101101010100000110011000100001
00000000001110111111010011000011
11001011110101111101111010101000
00000000000100010001111100011100
01110001111001111011011011000101
00000000011111100001100011111111
10011110000011000010111001110000
00000000001011111011110101111010
01001000001001100111000010001111
00000000001000110000000111100011
10011100011010100001011001110110
00000000001000011001010010100100
11110111010010010110010010101111
00000000010110010011110100000001
00010000111000110010010001000111
00000000011110100101011010100111
10001010101111000011011111110101
00000000000111010101110011000001
01000011010011000101110100000001
00000000000101001001111101010110
10001001101110100000010010111010
00000000011000001011001110001100
10001111001111110000000111011000
00000000000010000001000111101101
01011110011000101000110000100110
00000000001010110011101100000111
10001001000000001100111110001111
00000000010111000110100110100000
00100111001100011101010100100101
00000000001001001010111010100110
00001011111101010111101001101101
00000000011110100001101110010010
00000000110110111000011010000000
00000000000000010001000100110101
01101110101101011110100011101011
00000000000100001111010110010001
00011000011011101111010111100010
00000000010100010001000011010110
11010111101101010100010011100011
00000000010010111111101100011011
01100001011101111110101010100001
00000000000000101010100111110010
10010011100101011101001010010101
00000000000001110000000111001101
00001100101101001011110110101010
00000000000010100110011101100010
00110110001111011000110001010010
00000000011101010010100100110111
11000000100001000000001111110111
00000000011010001000011000010001
11111101100110000100011000010101
00000000011101011111111100011100
00111000100001111101011101010011
00000000000111111001011111000110
11000101011100110010110101100111
00000000001001111111010111110101
10101111100000110111100110101101
00000000001110010111101100100001
00110010011110000100010001111011
00000000011100101000011101110001
10101000001011111111100000111010
00000000010000011010110011000100
10101100100011101111010100011110
00000000011110001011001011110111
00100011110000010101100110010011
00000000001000101000001111010010
01011011001011010001011011111110
