01111111110000000000000000010011
01111111110000000000000000010011
01111111110000000000000000010011
01110101100000000010110010000111
00000000100010101000111011010011
11011111010000000010110000100111
00110010001100000010100000100111
01101100010000000010110010000111
10110101000000000010100000000111
00001000011000001000110011010011
11101110111100000010101000100111
00001000110000010000101011010011
00000000110101100000010001010011
00000000001010100000111011010011
00000001110001100000010101010011
10001100110000000010000000100111
10010010010000000010111000100111
00000000101111001000011111010011
00001000111010101000111101010011
00000000010011111000011101010011
01010111010000000010101000000111
00001000110000101000100101010011
00001000111001100000110011010011
10000010011000000010100000100111
11010011000100000010011000100111
10010100000000000010011110000111
10001101010000000010000100000111
11111111010000000010001110000111
00001111010000000010110100000111
00000001101110101000000111010011
11001100110000000010111110000111
10100110001100000010100000100111
10001111010100000010000000100111
00001001011100100000001111010011
00000000111101001000111001010011
00001001010001011000101101010011
00001001001110110000110011010011
00100100011100000010000000100111
00101000001000000010010000100111
01001011000000000010110000100111
00001001111011000000111011010011
00001001011100111000010111010011
10000110000000000010100000100111
00000000011111101000010011010011
00001001100110100000000101010011
00000001100110010000011011010011
00000000111011101000111111010011
00000001110011001000010101010011
00001000001010011000000011010011
00000000111111111000011011010011
01001000100100000010001000100111
11000011110000000010011000100111
11011000110000000010001110000111
11111011011000000010110000100111
11001111010000000010011110000111
11010110100000000010001100000111
00000001001000011000010001010011
00001000001100100000111101010011
00001000001111111000110101010011
01000110000000000010000010000111
00000000011000101000101111010011
01101010110000000010110000000111
00000000010001011000100011010011
00001000001110001000101011010011
10100100000000000010000010000111
11001110010000000010011100000111
11100010010100000010111000100111
00001001011111111000101001010011
11001001100100000010001000100111
11111100010000000010110000100111
00001001100100101000000111010011
00000001001011100000011101010011
10011011000000000010001010000111
00000001111001100000110001010011
10001111100100000010001000100111
00000000010011000000101101010011
00000001011000001000110101010011
00010101001000000010101000100111
01100011000000000010000110000111
00001001010111010000011111010011
00001001011011001000111111010011
00000000000100000000101011010011
11100111010100000010011000100111
01111000000000000010011100000111
00011011000000000010011100000111
00001000001010000000100011010011
11100101100000000010101100000111
00000001111000000000001011010011
11001011111000000010001000100111
00000001111011000000111101010011
00100000101000000010101000100111
00000000110001010000110101010011
00100011100000000010110000100111
00100111110000000010100110000111
00110011001000000010000000100111
11110011110000000010101000000111
00001000100010101000001111010011
00001001110111101000001101010011
00000001010011000000000101010011
00000000110001101000100101010011
10010101100000000010101010000111
00010111100000000010101010000111
00000000100101000000000011010011
11100000101000000010100000100111
00000001110101000000010001010011
00001001000001100000011101010011
00000000001100001000001011010011
00001000100010110000111001010011
01011010110000000010101000100111
11111001000100000010000000100111
01011010110000000010010000100111
11111011101100000010110000100111
00000000000001111000001101010011
00001001111000100000100011010011
10000010010100000010001000100111
11111100011000000010110000100111
00001001001111111000100001010011
01010111111000000010111000100111
00001000111110110000110101010011
00000000001100010000101001010011
00000001000011011000111111010011
11100000000000000010111110000111
01111110000000000010111110000111
00000000101111101000110001010011
00000001001100101000000111010011
00010100110100000010100000100111
00000001110001101000011001010011
10111000110000000010000010000111
00001001001011011000011101010011
00000001110111000000001101010011
01101100010000000010010100000111
10000111100000000010011000000111
11010001110000000010100110000111
00001001011010011000110001010011
10011001100000000010100010000111
01010010110000000010110110000111
00000000010011011000110001010011
00000001000011000000000101010011
00000001100100001000010101010011
00000001010001000000011001010011
00001000000000000010000000100111
11010111010000000010001000100111
11010100000000000010010010000111
00000000011000110000110111010011
11100010011000000010110000100111
00001001111101010000110001010011
01011000000100000010100000100111
00000001100101101000111111010011
00001001010011100000110011010011
00000001100010001000101011010011
11110101000000000010011100000111
00001001101011001000111001010011
00000001110000101000100101010011
01000001110000000010111000000111
01001000100000000010011100000111
11011000001000000010010000100111
00001000011110010000100011010011
00001000100100111000010011010011
00000000001011001000110001010011
00001000101010100000010011010011
00001001111100001000001111010011
00001000111110000000011011010011
00001110110000000010010100000111
10100101001000000010011000100111
00011111000000000010000000100111
01111011100000000010100000100111
01001010100000000010111100000111
01110001111000000010111000100111
00001001010010100000101111010011
01110010011000000010000000100111
11100011110000000010110110000111
01110101100000000010010110000111
11100000000000000010110000100111
00001000010010000000011111010011
00000001101000001000000011010011
00001001001100111000010001010011
01100111000000000010111100000111
01001100010000000010111100000111
00001001101101000000001011010011
00001000011010111000100101010011
00000001111101101000000011010011
10111000100000000010100000000111
00010101000100000010001000100111
00000001111111010000100111010011
11110101110000000010001100000111
01001010100000000010111010000111
00001000100000100000110101010011
11100011000100000010101000100111
00000000111100101000010011010011
00000001111010011000111101010011
00001000010110101000111101010011
00000001011101110000011111010011
10100010011000000010110000100111
00001001010111000000101011010011
00000001001001101000110101010011
00111011100000000010000100000111
00001001011001100000001011010011
00001001111000111000000101010011
00000000011111110000001101010011
00001001111000001000010101010011
10011110010000000010000000100111
00101111000000000010000100000111
01001100100000000010000110000111
00001000011101011000101111010011
11111111010000000010110110000111
00000001000010000000010101010011
01011100110000000010110000100111
00001001100001010000011001010011
01011010010000000010010100000111
00001001000010011000101101010011
00000001100000000010110000000111
00000000010100011000010111010011
00001110001000000010011000100111
00000000010010111000111111010011
00001001011011101000010001010011
00001000111101101000100011010011
11110100101000000010011000100111
00001000010010011000001011010011
00001111111100000010111000100111
00000001110110001000001101010011
11001111000000000010000100000111
10000111010000000010001010000111
00000000011011100000001101010011
10111100010000000010110110000111
00000000110110110000001011010011
00000000110011011000110101010011
11100111100000000010100010000111
00001001001011010000001011010011
00001000100100010000000111010011
00000001110110110000111111010011
00000001001100000000010111010011
01011010010100000010101000100111
00000000110001011000000111010011
00000001010001101000111001010011
11110101100100000010110000100111
10000110010000000010010010000111
10011000010000000010101100000111
00001000011000110000000011010011
01000111011000000010111000100111
11101000101100000010110000100111
00000000011010110000101111010011
00001001010101001000100101010011
11001001100000000010101010000111
00000000100001110000001011010011
00000000010111001000111111010011
00110010100000000010100000000111
00001001101011110000010001010011
00000000001011010000111001010011
00000000000101110000111001010011
10110011000000000010010000100111
01101010100000000010100000100111
00001001101101001000011011010011
00000001011101101000010001010011
00001000100100100000101001010011
00111010111100000010010000100111
00000001001001110000101001010011
11111101010100000010001000100111
10110001110000000010111000100111
00001000101000101000011101010011
00001001100110011000001001010011
11001111000000000010001010000111
00000001011011101000001111010011
00000000110011011000011111010011
10001000110000000010111000000111
00001000011101000000001001010011
00000001110111010000111111010011
01101110010000000010110010000111
00000000111000101000100101010011
00001001001110001000001011010011
11011111010000000010011100000111
01010110111100000010010000100111
00000001010100010000000011010011
11000010000000000010001100000111
00000001100100000000111011010011
00110101000000000010100110000111
00001000110100001000010011010011
00001000101100011000110011010011
00001000011101001000000011010011
11000111100000000010011010000111
11111111010000000010101000000111
00001000101001100000111001010011
10110110100100000010111000100111
00000001001000010000110011010011
11100100011100000010110000100111
00000001110111010000100111010011
00000001001101011000111111010011
00001001001011110000000101010011
00001000001100001000101001010011
00000000101101110000001101010011
00000000100000111000100011010011
00001000010001111000011111010011
11011000111000000010010000100111
00001000101010011000101111010011
00001000110010111000111001010011
00001000000011100000100111010011
10001001010000000010011110000111
01010000111000000010000000100111
00001000111000001000100011010011
00001000001011111000111011010011
01111000010000000010000100000111
00000001110011100000001101010011
01101010000000000010000100000111
00001000101000010000100111010011
00000000111000011000111111010011
00000000110110000000111101010011
00001001111011110000001001010011
00000001101010000000100011010011
00000000000111101000101111010011
10010100000100000010000000100111
00000001010111001000010011010011
00010001001000000010001000100111
00000001110111010000110101010011
00000000001101110000011111010011
00001001011000011000110101010011
00001001101110111000110001010011
00000011000000000010010000100111
00000000010001110000100001010011
00000000100011000000100111010011
00001101011000000010010000100111
10100001010000000010000000100111
01000010001000000010111000100111
00000000111111111000011001010011
10010110110000000010000110000111
00000000010111101000111001010011
00001000001001111000111001010011
11001000100100000010001000100111
00000000100011010000010101010011
00000001010010111000010111010011
00001111000000000010010100000111
11010110110000000010011110000111
00000000100001110000100111010011
11110111100000000010100010000111
00000000101001100000001001010011
00000000110000110000100001010011
00000001101100101000000011010011
01101100100100000010001000100111
10011110101100000010100000100111
00000000011111101000110101010011
00000000011000001000001001010011
01100000100000000010001100000111
10011110000000000010011100000111
11010001010000000010001100000111
00001001010001101000000011010011
00000000110110111000011001010011
00001001000000101000010111010011
01111101000000000010010110000111
10011111100000000010001000000111
10100101010000000010101000100111
00000000011101101000101001010011
00001000011001110000011111010011
00000001001000000000101111010011
01011110110100000010000000100111
00101010100000000010101100000111
10010010010000000010011000000111
01010101010000000010101010000111
00001001011100100000100011010011
01000010100000000010101110000111
01000100111000000010101000100111
10001001011100000010101000100111
00000001100001010000111111010011
00001101100100000010000000100111
11011011011100000010010000100111
10100001100000000010001000100111
00001001000101100000111101010011
00001000011110000000110111010011
00011010010000000010100000100111
00001000100100111000101001010011
10111111000000000010100110000111
10001010001100000010001000100111
00000001111000010000010011010011
00001001110001101000100011010011
01111111111000000010001000100111
00101110010000000010100010000111
00000000001011001000001011010011
00001001010101101000000101010011
00001001000101001000000101010011
10001001101000000010101000100111
00001000001100011000010011010011
00001110100100000010100000100111
00001000111111010000011111010011
00001000111110010000101001010011
00001001001011001000100111010011
00001001011011100000101011010011
00101101110100000010000000100111
01100100001000000010101000100111
11000010111100000010010000100111
00001001101110100000100111010011
00000001011010100000100011010011
11100110110000000010100100000111
00000000111100000010010000100111
10010010000000000010000100000111
10101101010000000010111010000111
00000000001110111000001111010011
10000100100000000010111110000111
00000001000001000000001011010011
00000000011110001000100011010011
00000000000100000000111001010011
00000000001001111000011111010011
00001001011000100000000111010011
10000001000000000010100000000111
00001001110010010000001001010011
00000000111111101000110001010011
00001000101110001000111101010011
00001001000010001000100001010011
00001001111010110000100101010011
00001000100100101000011011010011
00000000011100010000100101010011
00001001100111010000001011010011
01111110101000000010111000100111
11010001100100000010011000100111
11010100001000000010111000100111
00001001100100001000000011010011
00001000101100101000010011010011
11000001110000000010110100000111
00000001111101001000101101010011
10011101010100000010011000100111
00001001100110000000111001010011
11001010100000000010101100000111
00001001011101010000111001010011
00000001111000010000011111010011
00001001001110011000100001010011
11110110100000000010100000000111
00001001001111101000110011010011
01111000100000000010101010000111
00001000000010010000011011010011
01100000011000000010001000100111
00000001111001111000100011010011
11110111110000000010010000000111
00001001110111100000011111010011
10011001011000000010010000100111
00001001011010101000111011010011
00001001101100010000011001010011
00001000110011101000101011010011
01001001001000000010110000100111
00001000101111110000001011010011
00000000000011111000101111010011
11000100010000000010010100000111
00011011100100000010001000100111
01010100010000000010101100000111
01111010010000000010001000000111
00000000011000110000001111010011
11011110110000000010101110000111
10101111110000000010101110000111
00010101010000000010011100000111
01000001011100000010000000100111
00000000001011100000101101010011
01000101000100000010100000100111
00000001101110110000001011010011
00001001011100001000100101010011
10110111110000000010010000000111
00011010011000000010101000100111
01000000111100000010011000100111
00000101111100000010010000100111
00000000001011001000010001010011
10001000001000000010111000100111
00001000111100111000010101010011
00011111000000000010001110000111
00000001100111100000101101010011
00001000000001111000111011010011
00000001111111011000110111010011
00101110110000000010100000100111
11111011000000000010000010000111
00000000100110011000111111010011
00000000001100000000010011010011
11000011010000000010101000100111
00001001000010101000101011010011
00000001101101111000110001010011
00001000011001101000111111010011
10100111111000000010100000100111
00001001100110111000000111010011
10111010100000000010010000100111
10000111110000000010011100000111
00001001011001110000010111010011
00001000101010000000110011010011
10000111010100000010011000100111
00000001000111111000001001010011
00001000110010010000000101010011
10101010111000000010000000100111
00000000101011100000011101010011
10000011110000000010111000000111
00001000101110010000100001010011
10100011110000000010011000100111
00001001000110101000010111010011
10100100010000000010011110000111
10100100000100000010000000100111
00001001001101111000111011010011
00000000010101001000011111010011
00000001011011000000101011010011
00000000010000001000111111010011
00001100110000000010100110000111
01100101011000000010100000100111
00001001000100111000010111010011
01110011100000000010100010000111
00000000111100011000001001010011
00000000010000011000101001010011
11110000110000000010111110000111
00001001001101000000001001010011
00000001001101100000001001010011
00000000000111110000100011010011
00001100100000000010101010000111
01110100100000000010010000000111
01100001010000000010100010000111
00100001100000000010111000000111
11101011000000000010111110000111
00001001001100101000111111010011
00000000101011111000100001010011
01001110000000000010100010000111
11010101100000000010101010000111
11011110100000000010001000100111
00001001100001011000101001010011
00111000111100000010101000100111
00001000001010010000110011010011
00001000001100001000110001010011
11000001001000000010001000100111
11000010000000000010110000100111
00000000001111010000100001010011
00000001110001110000101011010011
01010010100000000010010010000111
11010011010000000010110100000111
00001001111110000000100111010011
00000001101101111000000101010011
00000001010110101000100101010011
11100011110100000010000000100111
00101001100000000010101000100111
11111101111000000010011000100111
00001001111000010000010111010011
11000010010000000010100000000111
00000000011010011000111111010011
11110001100000000010001000100111
00000001111011000000110101010011
01100101000000000010101000000111
00100001001000000010011000100111
00001000010101011000010011010011
00101101110000000010001100000111
10100111010000000010010010000111
00001000001101111000110101010011
00010110100000000010001110000111
10010001101100000010111000100111
00001001010111000000000011010011
00000000101010111000110111010011
00001001001000100000010111010011
00101111000100000010110000100111
01111100110000000010011110000111
11100110101100000010000000100111
00100011000000000010101110000111
00000001111010100000111011010011
00000000101100001000001001010011
00000001100010101000110101010011
00110110000000000010100100000111
00000001010000111000101101010011
00000001101001111000000111010011
00000000110111100000001101010011
00110110100000000010001000100111
00001001011110110000011011010011
00001001010101100000110111010011
00001001101111110000110101010011
01010101011000000010001000100111
00000001001000000000001111010011
01001110011100000010101000100111
01000100000100000010111000100111
11101100000000000010100100000111
01010000100000000010111000000111
10110110011100000010110000100111
00001000001111000000010101010011
00001001001111111000100101010011
00000000011000000000111111010011
00000001111110001000011011010011
00110100000000000010101000100111
11111101000000000010111010000111
00001001010101010000001001010011
00001000110010110000011111010011
11110010100100000010001000100111
11111000011000000010011000100111
00111000010000000010100010000111
00000000101001010000100001010011
00001001010110111000110101010011
00001001011010011000001011010011
00000001011000111000010011010011
01110110000000000010000010000111
10000110100000000010001000100111
11001111001100000010010000100111
00001001100011110000011111010011
00000000010010011000100011010011
00000001111111010000101111010011
01011011100100000010100000100111
00001111010000000010010010000111
00000001100011001000000111010011
00000001011000010000111011010011
00011010010000000010001000000111
00001001101001100000011111010011
00001000100100101000100111010011
01001100110000000010011000000111
00000001100100100000101011010011
00001001010100110000011011010011
11110111000000000010100110000111
00000001000000110000110011010011
01000111000000000010110110000111
00000001000011100000001111010011
00001000010000010000101011010011
01101011110000000010010010000111
11100101010100000010110000100111
11110100100000000010110100000111
11000011001100000010011000100111
00101101010000000010000110000111
11110110010000000010000110000111
00000000110101111000110111010011
10110111111000000010101000100111
00001000001111111000011011010011
11010011011000000010100000100111
00000001000111000000110111010011
10101000110000000010100010000111
01011101000000000010001010000111
11010011010000000010110100000111
00001000100010110000101111010011
00001001101111100000111101010011
00001000100100000000011011010011
00000000111111000000110111010011
00010111000000000010001100000111
01011010010100000010001000100111
11010010101100000010000000100111
00000100000000000010001100000111
00101010111100000010010000100111
00100101000000000010110000100111
01000001000000000010010110000111
00000000000011110000001111010011
00110110010000000010100000000111
00001000000001001000110001010011
10111111000100000010100000100111
00000001000000001000100001010011
00001000100000110000011111010011
00001001011010011000100101010011
00001001001011001000000011010011
01010010111100000010100000100111
00000000000000100000101011010011
00000001100111100000110101010011
00000001010011111000011011010011
00000001000100101000010011010011
00001000101100101000010111010011
11001101100000000010110000100111
00000001100010110000011101010011
00000000001001000000111001010011
10101000000000000010001100000111
01101111010000000010110000100111
01111000110100000010001000100111
00001000010100101000101111010011
00001001011011010000111001010011
11000100100000000010010110000111
00001000110001101000001111010011
11110010011100000010101000100111
00010001010000000010011000000111
00001000001111100000000101010011
00110110000100000010001000100111
00000001101100100000110011010011
00000110000000000010111110000111
01001111100000000010010010000111
11111011000000000010111110000111
00000001001000100000010111010011
11010001010000000010111000000111
00001001100000001000111011010011
01100110110000000010111100000111
00001000110110001000010101010011
00000000100100011000100001010011
11101110101000000010001000100111
00000000011001100000110101010011
00001000100100110000001011010011
00000001001001100000000011010011
00000000111111101000100011010011
00000001001011000000000111010011
00000000001111101000110111010011
10101000001000000010011000100111
00000000111011110000001101010011
11101110110000000010001100000111
00000001110110100000001001010011
11001000100000000010100000000111
00001000010110100000110101010011
00000000001001111000100011010011
00001000000101011000101111010011
00011111111100000010101000100111
00001000100010101000010101010011
01101100011100000010100000100111
00001001101111010000010011010011
01000010100000000010100100000111
11110010010000000010101000000111
00001110001000000010010000100111
00001000101010110000110011010011
11011011110000000010001000100111
00001001110100000000001001010011
00000001101010010000101111010011
00001001100101011000110001010011
00101001110000000010001010000111
00001000101000000000011101010011
00000000001100110000111111010011
11001010100000000010000100000111
00000000000011111000010001010011
11111001010000000010110000100111
11101111011100000010101000100111
00000001111011100000001111010011
00000001111111011000110101010011
00000001101101011000110101010011
11111011010000000010010000100111
00000001100001100000011101010011
00000000011010001000010011010011
00001001001100100000010111010011
00011010110000000010010000000111
00001010100100000010001000100111
00001001000011000000100001010011
00001000100010110000101111010011
01001010000100000010000000100111
00010110000000000010001000000111
00100110110000000010111100000111
00001001100000110000010101010011
00000000011101100000110001010011
00001000010000011000101011010011
00110001101100000010011000100111
01101000010000000010000110000111
01001000111100000010100000100111
11011011110000000010111000100111
01010101100100000010001000100111
00001000111001101000111111010011
00011100010000000010001000100111
11100010110000000010000000100111
01100101111100000010110000100111
00001001001011010000101111010011
00000100000000000010000010000111
00000001001011100000100011010011
10101001100000000010110000000111
00000000011011111000011011010011
00000001110111000000001011010011
00000000001101110000001011010011
11111111110000000010010110000111
00000001011000101000010011010011
00001001110111100000100001010011
00111001000000000010101000000111
00000001000011110000011011010011
00010110011100000010001000100111
00100101111100000010000000100111
00001000110010111000100111010011
00000000101011111000001001010011
00001001011011110000001001010011
00001000001001011000001111010011
01000001111000000010100000100111
10010001000000000010000000100111
00001000001000001000101011010011
10000111011000000010000000100111
00000001111101011000010111010011
11111101101000000010110000100111
00001000010111110000110001010011
00001000111100000000100001010011
11000000010000000010001110000111
00000000111111011000100011010011
10011110000000000010100000000111
00001000111000110000101111010011
00001000100010000000010001010011
00000000100000010000001111010011
00001001000110100000011101010011
10010110000000000010101000000111
00001000110000001000111001010011
11010010101100000010000000100111
11101010010000000010001110000111
00001000101010011000001111010011
01101001110000000010111000000111
00000001000110100000010001010011
00000000011111000000101101010011
10011001111100000010011000100111
00000001010001111000011111010011
11101011111100000010000000100111
00000010101100000010111000100111
10000011010000000010000000100111
00001001010111001000110001010011
00000000100010101000111101010011
01011101110000000010111100000111
00000000001100000000011111010011
00000001001100010000010011010011
00000001110101100000110011010011
10010111101100000010011000100111
00011110000000000010110110000111
00000000011001010000001111010011
00100010010100000010110000100111
10101010101000000010011000100111
00000000111011001000001111010011
11101011000000000010011000000111
00001000111110010000110011010011
00100110100000000010110000000111
10010111110000000010111010000111
00000000011010001000111111010011
00001001101101010000001001010011
00101101110000000010100000100111
00000000000100001000011001010011
00001001011000101000011011010011
00000001110101100000100001010011
00000001010010100000101111010011
00001001000010001000111011010011
00000000011110101000001111010011
00000001000101100000001111010011
01000110001100000010101000100111
00000001101111001000010111010011
00001000100011001000110011010011
01101111100000000010111110000111
01110110000000000010100000100111
00001001010101111000000111010011
00111111111100000010110000100111
00100010111000000010111000100111
00000001100000101000111001010011
00100000101100000010001000100111
10000010001100000010101000100111
00001001000111110000100011010011
00001001101101010000011101010011
00001000001101001000101001010011
00000001111011001000001111010011
00001001000110101000110101010011
00000000001100001000011101010011
00001000111001000000111101010011
01101010111100000010110000100111
00000000101011100000100001010011
10010011010000000010010000000111
00000000110010011000101101010011
00001000100000111000100111010011
00001000010100001000111001010011
11011010111100000010000000100111
01110001010000000010001010000111
00001000110011101000110101010011
11010110110000000010111000000111
00000000011111111000110101010011
01110111010000000010110010000111
00001000010110101000011101010011
00111110001000000010010000100111
00001000100110000000000111010011
00000000011101110000101111010011
00000001011010001000100101010011
11111110110100000010001000100111
00001000111111100000111011010011
10111100100000000010001100000111
00000000010011111000011101010011
00001001001000101000101001010011
00000001100110011000001101010011
01011101000000000010010010000111
00001001111001100000101101010011
00101110110000000010010000000111
00001001110110001000011101010011
00001000010011111000101001010011
00000000111111000000110101010011
00000001111010111000100001010011
00000001101110010000100011010011
00000001000100010000011111010011
10100001000000000010110000000111
11100011001000000010111000100111
00001001101100011000110111010011
01110100101100000010100000100111
10010101101000000010001000100111
10010101000000000010001010000111
00111101100000000010010110000111
00000001000100100000000111010011
00001001000010111000000101010011
00000000000110111000111101010011
00000001101000000000111101010011
00000001000001001000111111010011
10001110000000000010001000000111
00100101100000000010101000100111
00000101111100000010100000100111
00001000011011111000110001010011
00000001011110110000101001010011
00000000110011010000001111010011
00000001110111100000111011010011
01000011110000000010011000100111
00110110101000000010101000100111
10110010010000000010011010000111
10000111100000000010110110000111
11111111110000000010010110000111
00001000111010110000001101010011
01101101101000000010010000100111
01001101000000000010100000000111
10000101100000000010000110000111
01100010100000000010000010000111
00001001010010111000010111010011
00101001000000000010001110000111
10011101110000000010011110000111
00001001100011100000100011010011
10010100100000000010110000100111
00000001010110111000000011010011
00000000101111001000001011010011
00000000000111111000101111010011
10001001000000000010001000100111
00000000000101011000101101010011
00000001100101111000011101010011
00000000010111100000110111010011
00110101101000000010001000100111
00000000011001010000100001010011
00001001110000001000101111010011
11000111110000000010101000100111
00000000000010000000010011010011
00000001000001101000101001010011
00000000010001010000101011010011
01101000100000000010101000000111
00001001001000000000001001010011
11110010011000000010101000100111
00000000001100010000001011010011
11111001000100000010110000100111
01111011101100000010100000100111
00000000101111010000010101010011
11011110100000000010010000100111
00000001111101111000111101010011
10111011011100000010111000100111
00000001000001001000000111010011
10001100101100000010101000100111
00001000001110001000110011010011
01011010001000000010011000100111
00000001001110101000111111010011
01100000100000000010010110000111
00001000100001010000010111010011
00000000110101110000000101010011
00000000000110001000010101010011
00001000110001011000101101010011
00001000101111101000011101010011
11111001010000000010000010000111
00110100110000000010111100000111
01110000100000000010111110000111
00101010010000000010110000000111
00000001000111111000110001010011
00001000011001110000100011010011
00010011000000000010010110000111
00001000000000000010000100000111
00000001001000100000110001010011
00000001000011000000111011010011
10100010000000000010011110000111
11011000000000000010001000000111
00001001110111000000100001010011
11101111010000000010000000100111
00001000111011010000111011010011
00000001101101111000110101010011
00001101010100000010010000100111
10100101001000000010110000100111
10111111010000000010010100000111
00001001010111011000010101010011
00110110000000000010111000100111
10001011010100000010100000100111
11110010000100000010110000100111
01010001010000000010001100000111
00010001001100000010000000100111
10001101001000000010000000100111
11101000100000000010010110000111
00000001111100000000000111010011
00010110111100000010110000100111
00001001111011110000100111010011
01110011111000000010100000100111
00001001101110011000100011010011
00001001000111000000110111010011
00001001100010011000010101010011
00000001110010001000000101010011
11011101011000000010101000100111
10100010010000000010010100000111
00000000110101000000100101010011
00001110110000000010010110000111
00100000000000000010110110000111
00000000110101101000000101010011
01000110110000000010001000000111
10100110110000000010111000000111
10010011000000000010100010000111
00001000101010111000010011010011
00001000000010111000110111010011
01010001110000000010010100000111
00001101110000000010011000000111
11001001000000000010111010000111
10011000101100000010111000100111
10110010000100000010010000100111
00000000001111010000001011010011
00011001110000000010000100000111
00000001011011011000010101010011
01101110111000000010101000100111
00000001000001100000111111010011
00001001111100110000010001010011
00000000101110110000100001010011
01101000010100000010110000100111
00001001101100110000101111010011
00000001101010010000100001010011
00000001110011000000011111010011
11100011001100000010111000100111
00000001010110000000101111010011
00000001000101011000010011010011
00001001101000110000000011010011
00001001101101110000100101010011
10100010010000000010011100000111
01001000001000000010011000100111
01110001100000000010100110000111
11100011100000000010011110000111
11001111101100000010010000100111
00000000011110101000110111010011
01101011000000000010010110000111
00001001110100100000011111010011
00000001010100001000001111010011
00101011010100000010010000100111
11000010110000000010001010000111
00000001110011000000111011010011
10111111101100000010001000100111
00010111010000000010011010000111
00001000001000100000001101010011
00000000010000000010011000000111
01010101110100000010100000100111
00000001010110001000001101010011
00011011101100000010000000100111
00000000001110100000010101010011
00000000011101101000101001010011
11111010110000000010100000100111
00011100111000000010101000100111
00000000011000000000110111010011
10011111001000000010100000100111
00000011010000000010001110000111
10100111111100000010011000100111
00001001010101000000111011010011
00101111010000000010110010000111
00001001011011000000001111010011
00001000100100110000100101010011
00001011110100000010011000100111
01100101110000000010001000100111
00000001101001010000000011010011
00000000110111101000001111010011
00000000011000011000101101010011
00001000001001100000001111010011
00001001010000000010101010000111
10011111100000000010111010000111
00000001010010001000111001010011
10010001111000000010101000100111
00000000101100010000001011010011
11001010100000000010010110000111
00000000000000000000000001110011
00000000010101101010011101111111
11110001111100010010110111011000
00000000010100001111010010000000
00111011110100100100010100000010
00000000001100001010010111100110
00011010001011110011011000001111
10010001011001000011100011100110
00101100101100101101001100101110
00000000011100010101101101000010
00000000000000000000000000000000
01101011101001100100001010111010
11011100011101011111010100001000
00000000000101010011001000011101
01010110000111000100001101000001
00000000010110001100010000111000
01001100010111000111010000101100
00000000000000111000010011000001
00000101001111001111100011001100
00000000001010010111010010111111
11000010001111100101000111111110
00000000001100101110110101000000
11100001001100111101101001111100
10011100110001110111100100011001
11110011110011111010011100011101
11011111110101101101011001011100
00000000000000000000000000000000
00000000011001111110011110010010
11100010010010000101100111010000
00000000000000001011011110110101
10110101001001010111100001000101
10001101110001101000101110000100
00101011110111000000110101001101
00000000001000110100111011011110
11001011010000010011010000111101
11101100100111001000011110101010
00001101100010000110100101111101
01011111110101101101011001011100
10011100001010010110100001110110
00000000011001010000110010100101
01111010111011100110111010011000
00000000000111001111010101111010
11100001101100111101101001111100
00000000010110111011001101100101
11000111011010100111001011101110
00000000011000111000000001110101
11101011101001100100001010110101
00000000010111110001011010010000
00011001111100000011111001000110
00000000010101000010011101011100
11010010110110000110001111010110
01101011101001100100001010111011
10010110110101011101000110001010
00000000011000001001001110011111
00000000000000000000000000000000
10000000000001011011010000001111
00000100101111010100110100111000
00000000001000011110000011100011
01100110101010111111110000010111
00000000000000100110000001011010
01000110000011011110010000110001
00000000010110101110010000110101
01100001000110001111111110110000
00000000001010111100101110100011
01111111001001101100101100100111
00000000011011000010001001011010
00101010110100100000100111001111
00000000011001011001111110000101
01110001100111100110011000111111
01001100010111000111010000101100
01011111110101101101011001011100
00000000000000001110011011010011
00111010001000000111000100011110
00000000011111100010110100110000
00110101110100110010001011010101
00000000010001101110011010011000
01011000101111101111011011000111
00000000000000000000000000000000
01011001101111000110111110100110
00010101101111100001111111100100
00010001101111100111000000011111
00000000000110100001101000000000
00011100001110001100111100111000
00000000001101011110100100010100
00000000001001111000010111000000
00000000010010001101001110011101
00011010001011110011011000001111
00000000010110010101011100111111
10011110110101010110001110111010
01011111110101101101011001100000
01011001101100101111101111001110
00000000000101010010100010111000
00010101011110101000110001001000
00000000000100011110001101101101
10110010001000110101011011011101
00000000010111010001001100011101
10100100001010111010111000100101
11100001101001110001101011000000
00101111110111110010100011111010
00000000001111001110101001010100
11011011000111000010110010111110
10110101111101111001110111000110
11000101111010010001001010000011
00000000011101000011010010101001
01110010111011111000110001100011
00000000001001011001010100001100
00000111100011110101110111110101
00000000001100000111010101011101
01101100110110100011010010000110
00000000011100000000110011111001
01001000101000100000011110001100
00000000011001011000100010000011
00001101011101001010100111101100
01110110111110000101011010110000
11000100111100010101110110101111
00000000011110011110000000000101
00111010011110101001101111001010
00000000010010011100011101000011
00000000000000000000000000000000
00000000000101100001011010001110
11101011010000101011101100001010
00000000011100100100110000111100
00000000000000000000000000000000
00000000011110010111100110110010
10110001111110011101110011100111
00000000001111000001101010111011
01011001101111000110111110100110
11101100100111001000011110101010
10011011000011000101100011011000
00000000000000111010100110001000
10000100110010010111111110100110
00000000000101001111110111101111
11010101001100100110100101011010
00000000000011100010101010010011
00000100011101000110111000000001
00000000001010111001101001011001
11010000110001011111010110101011
00000000000101010011001000011101
11111011110011000101110110001000
00000000010001010011110001000101
00000000001100001101100011100011
00000000011101111001011011100010
00100110001000111101100000101001
00000000000111101011011010000000
10101010101001101111101110100111
10010001011001000011100011100110
11000000010000101100111001010010
01011001101111000110111110100110
11101011101001100100001010110101
00000000011110100110111101000110
11011010100010100000000001011100
00000000011001111001000011001111
01100111111000101101101110001010
01101100001001100100001011000000
11001110011111101001101001011000
00000000011111001100101011000110
10010000011011111000001011001101
00000000011011100100110111110110
10101110101011111000001111100001
00000000011001110100101111011011
00100110110110110101101000101100
01100001010011101011010101000111
10001000101000101111000101110011
00000000000010010111010100011000
11011000111101010100111100011101
00000000000111001110111111000011
00000000000000001011011110110101
00000000010010010010110010011000
11011111111110000110101000101100
11100001101100111101101001111100
00011011110111011100001111100100
00000000001110101111100001001001
11001101110100111101000111101010
00000000011100010110111111100010
01011110100100011000110010110101
00000000011100011001111010111001
11011011000101001001011000110110
00000000010110101010100010100111
01101011000100100100000101001111
00000000000111111000001001001111
00110010100011011110100101000001
00000000001011111110011101011011
01111000101001001100110110101001
00000000011001111000010010000101
00101000101010111011100101100101
00000000011110101000100110111110
01010110000111010001011111010010
00000000010100010111001111110000
10011000001100101100000000000111
00000000001101100100100111110101
10001100010101110101011101011010
00000000001000100001011000100100
00000101000011111110101110001101
00000000010010111001100011110011
00101100001011111001010011110010
00000000001110111100010001001000
10101110010110101110110000101010
00011000001011111010110001101011
00010101000100010100101000010001
00000000010101110000100001010110
00000000010110011001011000111101
00000000000011000111101101110101
11101101111111001111110111000110
00000000000110011010011011001011
11100001111100001000001011000001
00000000010110101010111010000001
10110101011011110011110111011011
00000000010110011101110110011111
01000111100111110000000001111101
00000000001100111011101011011001
00000111000000111111111010100101
00000000011001001000011101011001
10000100111000110011100011110011
00000000011000000110110000110010
11100110010111101100011001011011
00000000011111111101110100000000
01110000101011011001011000100011
00000000011011111101111111101101
10110001111011100100100000101111
11001110011111101001101001011000
00100011111000010011110011101100
01011001101111000110111110100110
00110100100000010101010011101110
00000000000100011000011110000110
11000110111001001010100010000111
00000000001001000101111111010001
00110000111000000100000011000010
00000000000001011101100001100000
01101110100110101111001001111100
00000000010100010000101011010000
01110001000100111100001010011000
00000000011101010110010100101100
01011111110101101101011001011100
00000000000001111010111000111000
10000011101100001100010011011011
00000000011101101111011000001110
00111011101000111110001100100100
11101011101001100100001010111011
10010010100000110110011101101001
00000000001101010100111110101111
01101100001010101000111010111000
00000000000011100101110001001011
10011010001101011100100000001110
00000000001110011110000101001010
11000010100000100011000100101111
00000000000101100010101110111011
11010100110000110001001001011100
11100001101100111101101001111100
10101111111001001101011110110110
00000000001010100101011011100001
00000000011010011100100000100100
00000000011001010100101111001111
10010110100001000100110001001011
00000000000000100111001000001011
01000101110001111101100111101000
01101100100111001000011110101010
11000001100101101011110111100011
00000000000100011100110101100010
11110010010001110001111001010101
00000000000011010001001011110100
00100111001111100101101001000000
00000000000100011110111011101011
11011010101000001000001110011101
00000000001100000111100101011000
11101100100111001000011110101010
10000000010011000111100001110011
01100000001111000110010001101101
00000000000000000000000000000000
00000000000000000000000000000000
00000000010001101100010000100110
00101010111010011110000110111011
00000000001010111101111100111110
00100011000110110000011111001101
00000000010100110010001001100011
10110101100000011110010100100000
00000000010100110100111111111000
10000110110110000011110010111100
00000000010111110101100111010111
10010100101111001001001011001001
00000000011011110101001000100111
10110000001101101010001111011001
00000000010010101001011101110011
00111111111111100100101100110010
00000000000011101011110011011011
10001001001010111000011101001100
00000000001001100010111000010011
01001011000010000000011100001100
11101100100111001000011110101010
01001010110101011000000100001110
00000000000010011110010011110111
10000011100100110010001000101110
00000000000011101001111010100111
01011001101111000110111110100110
00000000010110101011001111111100
00110001100110001101000011011100
00000000000000000000000000000000
10100100001010111010111000100101
00000000010001011010110000011011
01001000000001000100101110100001
00000000001010011001011010011010
10010101101101000011100111000101
00000000000001111000101010011010
01101100000110111001110001111000
00000000010101001001001100111010
01000000010010000000100011100110
00000000010110110111011000111001
11011110010100100110011101111010
00000000010101100000100111000001
00000000011010111110100101011100
00000000010100101101111100111000
00110000110000110110000101010011
00000000001100110101100101110011
11101011101001100100001010111011
00000000000110000100101000001011
00111011001110011001110101110010
00000000001110010101000010101001
11111100000001011110110101001011
00000000001010111001000010001111
01111001010011110010111010111010
00000000000101011001101111111010
00010101111110111100001101000101
11101100100111001000011110101010
01000000100100001001110100111010
00000000000001111011100001000001
11011010010001111011001000000100
00000000011010110011010000001011
11100001101001110001101011000000
00000000001100101001111010011000
00100001010111100110101101010100
00000000000000000000000000000000
11100001001100111101101001111100
00000000001000100111011011000101
01010011100100110011110000010011
00000000001101100110010101110010
11110101111100011111010100111010
00000000000000101110110101100000
10111010011110000000101101000101
00000000001000001111101110000111
10001101010001100100101001101100
00000000011101001100010011111011
10111100010001111111111011000101
01011111110101101101011001011100
11101000001111100110110011101010
10010001011001000011100011100110
01110101101010000101101111101000
00000000000011101011110011011011
00111010000000101011010100011111
00000000001111010010100110011001
01101111011000001110011010001001
00000000000000100000110011110001
10001011010111011011010110011000
00000000001110011101011101111000
00000000011001101011100100001011
00000000001111000111110110011011
00101001100100000011010111111001
00000000000011110110101010101111
10100100111101011011010000100110
00000000010001011110000101100101
00000000000110001011111110000111
00000000000001111011100001000001
10101001111000011100101100001010
00000000011010000000101000010100
00010000001001111000101011011101
00000000000001010101010011100011
00101110111001101111111110000111
00000000000001111011100001000001
01010100100111100111010000100010
00000000010001001100000001110111
10000100100111110010010001111110
00000000000000010100000110000001
01011011010000001111000011101001
01101100011110010110010000011000
11001001010000000010011010101110
00000000010100110111100010101001
10000001001111001001000011111110
10011100110001110111100100011001
00000000001001111000010111000000
00000000001110100011010110000111
10000110101001010011010101011100
00000000011001101011100100001011
00000000000000000000000000000000
00000000011001000111010000011010
01101011011011101001111011010011
00000000000001010100001010100100
11010000110000000111000101000111
00000000000100011011110010100011
00000000101001111110011010101100
00000000000110111001000010011111
00000000000000000000000000000000
00000000000011000010000011010011
00000000001100111001101001101100
00000000011000011011100011011010
11010011010010101100100110001010
00000000001001100001100010000000
10101111011000101011011101011110
00110001101100101001001010101001
00000000000000000000000000000000
00000000000000000000000000000000
10100100000001011011110001010110
00000000011001111010101100101011
00111110001110001011011100000010
00000000011100000101001011000001
11011101001111000010111100010001
00000000011001010001110010011001
01011111110010111111101111000110
00000000010111110001111000110111
01011111110101101101011001011100
00000000000111000001110001010011
01010011001011011011011001100001
10110001101100101001001010101001
11000001110100010010001111111101
00000000001001011011010110111111
00010100101001101000000011111110
00000000010110000011010010110000
01101110110010111010011000001011
00000000011100101011100011000101
01110100001110011011011110100100
00000000001111001110110101010001
01101000000001111001011001011101
00000000011101000100010101010001
01101100100111001000011110101010
00000000010101101111001000100001
11100001101001110001101011000000
00000000000011001001110101110000
10000101111101010111110101100001
00000000001001100001001000000100
10000110001100110100110000101000
00000000011111110100101000100111
11001010100111111010001011100111
00000000001001000111101100001110
01111010110100111011101010011111
00000000001001000000111111010110
10010011011011110100111110111100
00000000000111101010100111111111
00101111011001001011010000011111
00000000011100100111000110010011
01100000101100101100110001111001
00000000011000000000100101101001
01010100100110000010000011100110
11011111110010111111101111000110
00011000101111001100100001010110
00000000011011001111110111110011
10010000101000001011000111010000
11011101101011011010100101011100
01101111100100100101111000110110
00000000001101010010001110110011
10001100111111000110001110111001
00100110001000111101011010111000
00111110011000101000100110110000
00000000001100000101010111000010
10000010001001010011101000110011
00000000011011001011100111011001
01001010110010101011001011100001
00000000000010101110100111011001
10100101001000101000001000010011
00000000011111001100101011000110
10000101100111000101001100000100
00000000001111011001010000100000
00001000000101110011001101011010
11101100001001100100001010111010
00000000010110011001011000111101
00000000011000000000000100011011
01100010001100100111000000011101
00000000000001011011100010001000
01001001001010101011000101100010
00000000010110111101101010010101
10000101000110101111001001000100
00000000000111110011100011111000
01101100100111001000011110101010
00000000001100001101100011100011
11111110011111010101101100111110
00000000001100000001100011010010
00101101101001000010000110010111
00000000010100000101000111110011
10000000010011000111100001110011
00000000010111100001000111101010
00001011100010110100110001010110
00000000011101110011110110000111
00000111000000111111111001001010
00000000000001100011101110101101
00101111011011110010100101111111
01011111110101101101011001011100
10000110011101001000011010001101
00000000010110011001011000111101
01101100001001100100001010111010
00000000011011011101111101010000
11101100100100011011011111011100
00000000011001011110001000110001
00000000011111001100101011000110
00000000010101001111101001000011
00000000000100111010101101000110
00000000001111011101111001101001
00000000000000000000000000000000
00000000010001000011111101100100
01001010001011010010001010101101
01011001101111000110111110100110
00101000000000011001110111000110
11001110011111101001101001011000
10000110001111101010010010100111
00000000001011101111001110011100
01100001010011101011010101001000
00000000001100001101000110100000
01001101011010011000111101100110
01100001000110001111111110110000
00100111000111000011101011011011
00000000000100000000011001010011
01101011010101100000000001101001
00000000011110110101110011001100
11010011010001010110111111100100
00000000010010001101100011111010
10110011101001011010001100100011
00000000000100111010101101000110
11101100100111001000011110101010
00000000010011101000011000110110
10101110010000101111100100110011
00000000001111110001111000010110
01000010000011110011011000011100
00000000011110101110000110001001
11010001100000010000111000001111
00000000010001010000110110010101
01010001011011101011111001111011
00000000010111110010110110100000
11000100011000100000001011011110
00000000011110011100110101000100
11110101000011100011001010110101
11100001101001110001101011000000
11101011101001100100001010111010
00000000000100001010100101100110
01001100010111000111010000101100
00000000001000111011100100011111
11101011101001100100001010111010
00000000011010011010010011000100
10010001000000111000110101000010
00000000010111100100101100111010
00001000101000100010000010101111
00000000010111110011101011101111
10100011110111000010011111010101
00000000000001110101011111000000
00111010011000111000010100010001
00000000011111111100010101011110
11011011001100000110001110111000
00000000000011110001111011010010
00000000000000000000000000000000
00000000001000101001111000010011
00010001110111110111111110101101
00000000001000100101100011011111
00110011000001101100010110100001
00000000011001101010101010101101
10101100010011100000000101100111
00000000001111011000110011110011
01010001111101101000101101100101
11101011101001100100001010110100
10001001011001101001110111101110
11101100001001100100001010111010
10100110100100100100010100110111
00000000000110100010111001011111
11100101100100111000011100110110
00000000010111010101111010000111
11101100100111001000011110101010
00000000000100111011111111001100
11100001101100111101101001111100
00000000011101000001101101010110
10001010011010111001110010010100
00000000000111101011110111011111
00000001010001010000000100101101
00000000010010100011110111011111
01110000101100001100101010001010
00000000000101001101101000001111
01100001010011101011010101000111
10110101111101111001110111000110
00000000000000000000000000000000
00000000000001110000001110100101
00100010011110110110110011110001
00101001100110001010011010100111
01101011101001100100001010111001
11101100100111001000011110101010
00101111111011011110100111111001
00000000000001101010110011000100
00100000000001100011011011001001
00000000001100111001101001101100
01110101101111000111100001000010
00000000001100100010011010011001
01000011001101011010011100010000
00000000000000010101110001000111
01101101010000110000100111100000
00000000001000000001000000011101
11101000010011000011101101101100
00000000001010100100101100000010
01011111011111110001010001101101
00000000011000000100011101011011
10010110110010100000001010011100
00110001101100101001001010101001
10010000111010110111110010000110
00000000001110101110011011010001
00000000101011011001101010111011
00000000000000000000000000000000
00101011111101111101011110101001
00000000011011101100000010001010
00001010001011000100111011000001
00000000100001010000000011000000
11100001001100100111111100101001
00000000010100001100110000111010
11011101100000010011100000001111
00000000010010001111111101010111
00000100011101000110111000000001
00000000000101110101111100010110
01100111000110000010110010101100
00000000010000100101000100000011
01011111011010001011100001011100
00000000000111110011101010111110
00011111111111110111111011110010
00000000001001001110000010010111
11001001011100110001010001110110
00000000001101111111100000000100
11100001101100111101101001111100
10011110101110000110001000110101
11010100010011101011000101110110
00000000001001111001100110001010
10110001111110011101110011100111
00000000000001111011100001000001
10001011000010100010101110001110
00000000011110110100000001111011
00011110111111011000011111010100
00001010001011000100111011000001
00100000011001100011001101101111
00000000000000010110000001100001
10111011111110011011111100001111
00000000001010111001101001011001
10000111000110010010110100000110
00000000000100111101110010000011
10000000001100001111100111110111
00000000001011110001010100000011
01100100011101001110000011011111
00000000001101101010100010101011
01001001000011110011001111001110
00100110001000111101100000101001
10110010010011011000010111101110
00000000001111101001011000001011
11111100100110111111011001010000
10101001111000011100101100001010
11110000001100011111001111111100
00011000000110001001000101001011
11111110011011001001010110110110
00000000101001111110011010101100
00010111100110001001000101001011
00000000011100111101001010110100
01010100100111100011100111100100
00000000001000011100111101110001
11011101100011110011111010110001
00000000010001100101010111111001
01110111101111010111111111000100
00000000010011010011001001010111
01100001101100111101101001111100
01101011101001100100001010111001
11100001101001110001101011000000
00000000010100011011011110010011
10001001000001101001110111001011
00000000000110001011010110011100
01011001001110110001010000101111
10000100110010010111111110100110
00000000000000000000000000000000
00000000010001000101100100110101
00001010000011000100001111111110
00000000010011101110011100111100
00010101101111100001111111100100
00000000011110000001011000010100
11010101111000010111101001110001
00000000011011001111000000011011
01110010011111101111100100110000
00000000001010110100010111101000
01100010010110010111011100100000
00000000011010111100101100100101
00000000000100100011101111101001
00000000011000001110011100001010
10011111010110111011001100001001
00100110001000111101011010111000
10111001101010010010000111100110
00000000010001110011010000010101
00000010001011010010110010111011
00000000011110100101110000001010
11100001101100111101101001111100
00000000011101111010101011011000
10111000110101111111100110001100
00000000010000101110100000011010
10010001010110011001011000010001
00000000000001011001111110011000
11101100100111001000011110101010
00000000001111011110101101100110
11001111011000110110111101011010
00000000011011101011010010100000
00000000000011011101110101110000
00000000001001010010100101110101
01001000101100011011101100110110
00000000011100110101100111001101
01111010110101101011011010111110
00000000001111101010110010101111
10010111101101101100101100001011
00000000001001111000010111000000
01011111110101101101011001011100
00000000010100111101010010011011
11010111100101000101001101010011
00000000010011101111100111000101
11000100110101100111111110111100
00000000011111011001101100101011
10101011011100000000011111110011
01011111110101101101011001100000
00001010001111100100111011100010
00000000010000011100111111011011
00010111100101100100010110101001
00000000010101101100100111000110
00000000000000000000000000000000
00000000001101101011110001010010
01010001011011101011111001111011
00000000010100000110011011100001
00000000000000000000000000000000
00000000000000101001101111110110
11011010011011011001110000111110
00000000011101111110000010100010
01001010000110001010101111101101
00010101101111100001111111100100
00000110000101000011001100000000
00000000011001011001111110000101
11111110000011000100000101001100
00000000000000000000000000000000
10100110111111110111000111101001
00000000010110110110001110101101
00100011111000010011110011101100
11100001000110001111111110110000
10010000100010010110100111001000
00000000010100010110111111010111
11100001111100001010011111101001
11100001101100111101101001111100
10111001101101011000110100100110
00000000000000000000000000000000
10001110110000000000010001100001
00000000001101101101100111111100
11001101010110001000010011011001
00000000001101000010100010100101
00011000000001010010011000011010
01011111110010111111101111000110
10001110000001011110010010111011
00000000011110010010010011111011
00000101101111000010110011100010
00000000001111011101100001010001
00011000001011111010110001101011
00000000001110110110010101101011
10111001010011100110011010011100
00000000001100100001110000011011
01010000101110100110011101001010
00000000010001001101101100110110
01100001010001001000001111100110
00000000000110011101111010100100
01001001101000100111101001111101
00000000011101100110111100001110
11100011101101011101000000100001
00000000000100000100101101100001
01000001010010010101011010111010
00000000010001111001000110011011
10100101011110101111110111001001
00000000000110111101000001110110
10100100001010111010111000100101
00000000011000111111000011111110
10110111001000010010100110000100
00000000011000010000100101101111
11011101101011011010100101011100
00000000010111111001010011001011
00000000001101100100100111110101
00000000011000011111101010010011
11100010110001000010001111010100
11011101101011011010100101011100
00000000011110000001011000010100
00000000000011101101111011010101
00010100011100101000000100111100
00000000001011100111001011010010
11111100001100001100110001110100
00000000010011110110001001001011
10101001111000011100101100001010
00000000000011101011110011011011
01111001110101101111111000100101
00000000010001010010011111001011
11011001000111100100010011011100
11110110111110000101011010110000
10010110001011011100011010111001
00000000000010001000011100111101
00110001001000010000001100100110
00000000000111011101100110100110
01011111110101101101011001011100
00000000000000000000000000000000
01011011101000011000111011011111
00100110001000111101011010111000
11110100111101100111011101111000
00000000010011000101110101110001
11010010100001101010111110111110
00000000011100010110011001110011
01001000011011001010001100101101
00000000000110001011111110000111
10100001000011011100111011000000
00000000010111010001001100011101
01101001101101010110101011010100
00000000000000000000000000000000
00011000001011111010110001101011
00000000001101111111100000000100
11101011101001100100001010111010
00000000001101001010101100101011
01011111110101101101011001011100
00000000010101111111001100011101
01100001001100111101101001111100
00000000001000100000011111111110
00011110101110000110001000110101
00000000010111100111111000101101
10001110100010010001111000101000
00000000000000011010011110011111
00000111000000111111111010100101
00000000001001010010110101110001
11011010111100011011111010001100
00000000011010101011111011111100
10011001001011110010000101110011
00000000000100010001010010010000
10001101110001101000101110000100
00000000001010001000100100110110
01011100111101100010011001110100
00000000001000010110101101010110
11010111100101000101001101010011
00000000010101011010110100011111
10100100111001011010011010011011
00000000000001010110110000010111
10010011000000010100011001100001
00100011111000010011110011101100
10111000011010010101110100100001
00000000000110111001110111111011
00000000011001101011100100001011
00000000011001100101100101001001
11010011101000110111010101010001
00000000010010010000011100010111
10010100101100010001110000011010
00000000011101110111111101100000
10000100001000011011110010101011
00000000000110011100000101100100
10111110110011111111000101100100
00000000011000101111000110100010
11110100010111110001100101101101
00000000010000110110110011110011
11101011101001100100001010111010
00000000010100110110011011001111
01000010111001110000001001111011
00000000011100111011100100010101
10101111100100011001011010010101
11100001001100111101101001111100
01011010011000011111101011101011
00000000000101100010110111000110
00000000011010110100111011100100
00000000000001000100110101101111
01110111111010100000010010010001
00000000010000101110111000100000
00100010100100011111011001011111
00000000010100110001000100000100
11101100100111001000011110101010
00000000011110011011110000101101
00000111010101111010111111001010
00000000000001011011010000001111
00001111010101111111111000111110
00000000000000000000000000000000
00111101011100111110110100111000
00000000001001001010000101100001
00101111011101110111011011100101
00000000010111101101001101001100
00000000001001000101111111010001
00000000010010001100110010101001
11011100110010000011000001100010
00000000010001111100011111101000
01010001010001100111000010001001
11011011101000010111111011101000
00000000000000000000000000000000
01101011101001100100001010111001
00000000000000000000000000000000
11101100100111001000011110101010
01001100001001110011000000101110
00000000001000001000001101001101
00100101011111001111000101111110
00000000000110111111100010010101
00000101011000101000001000000110
00000000000100101111000011010110
11011011101000010111111011101000
00000000001001011011100110110001
10010001011001000011100011100110
00000000000000110000000100001101
10001001001010111000011101001100
00000000010111101100100100101101
10110010010110111011111100011110
00000000011000001000110111000010
11000000011000011110010001001010
00000000010000100000110000111000
10000110010110100100111111000011
00000000000000001110010011010111
00111100000101100011111001001000
00000000000001111011100001000001
10111110010000101100010011011110
00000000010111010110110110001010
10011010000110001011100101100101
00000000001010000011001011010110
10101000000001000111101101110100
00000000010110001110111110010100
00110110100011100011001010000100
00000000011011000001101110000101
01000110010101101011000111000001
00000000011000011001101011011000
10010001011001000011100011100110
00000000001010111001001101111000
01100110001111010100011100010110
00000000010110001100000001101100
11110110000011101001111011000010
00000000011010110100111011100100
11000001110000100101111001010101
00000000001000110000001000010111
11011101101011011010100101011100
11110110111110000101011010111010
11100001101001110001101011000000
00000000011010001111011110000101
11011101010011100000110010111001
00000000000001011000010111000101
10100001000111110011101011000100
00000000011111010100100001111111
01001101000010101101100100111011
00000000011110101101011001101110
10011110010011011100000100110100
00000000010111001110010100000010
00111000110000001010010010110101
00000000000110001011111110000111
01010100100110000010000011100110
00000000010011010000101000100101
11101000110100110010011001110101
00000000000101100110101011101000
01101011101001100100001010111011
00000000000011011101110101110000
11110110111110000101011010110000
00000000001111010111111010011100
10100111110111000000100000010110
00000000011111110110011100101100
01101100100111001000011110101010
00000000000101100011101000101111
00000000000110001011111110000111
00000000011010111110100101011100
10111100101011110000100101010010
11101100100111001000011110101010
00010101101111100001111111100100
00000000011100110101001010001111
01011111110010111111101111000110
00000000000010011000001010110001
10011001001011001001101110010000
00000000011100110010001100010011
01011001001110111100101011101110
00000000010001010000110101001011
00001001011001001001000110110101
00000000010101110010010111100011
10111100110000001111110000001100
11101011101001100100001010111011
11011101101011011010100101011100
00000000011100001001110111110111
01000011101100010010001110100010
00000000011100110100100111111011
11001010111111010100011100101111
00000000010110000111100000111001
11101000010100000001101001001111
00000000011110110100010101111000
00000101100000000111011100110110
00011110101110000110001000110101
00000000000000000000000000000000
00000000001000100001110101110110
11000010111000111010001110101001
00000000010100000000011000101000
00000000011001011001111110000101
00000000011000100010110001000001
01010011000101001011111011111001
00000000001101101001110110001010
11111011101100110100011100111000
00000000001010100110000100011000
10011100110001110111100100011001
00000000010111110011111000100010
10101001111000011100101100001010
00000000001011001101010111101111
00101001100110001010011010100111
00000000000000111100101111110001
11101010001011001111011110110111
00000000000000000111110100001011
00110100010001110010110011111010
00000000010111100101011101100001
00000000000000000000000000000000
00000000000111110110101001000001
01011101001101000101000011010010
00000000000011100010000100100110
01010101101100111010010111000100
01011111110010111111101111000110
00011011011111000000110011010000
00000000001110110010010010100101
00001111001011010111111101100100
00000000011100101000011000111101
00001101111001010111011000011000
00000000000110000111010010111100
01000111100100010100110011110010
00000000011110100000001110100010
00000000011001101100100000001010
00000000010001001100001101010110
01101011101001100100001010111011
00000000001111011101010010110111
10001101101000111101101110000010
00000000001110110111001111011001
00000011111111011010110101011000
00000000001100101011011101010010
00101111100010000000101010100000
00000000010101010001001111111111
01001110011111101001101001011000
00000000000100011100011100111011
11001100100101111111111101011001
00000000011100111000101010010111
10010101011010101101000110110110
11101100100111001000011110101010
11011100001111111100101001111100
00000000000100011110111010110100
10110111111010100111011010100010
00000000011111110101001110100111
01001100100110110100000111111011
11011101101011011010100101011100
00000100001010000111011100110000
00000000000011011010011010100010
01001001111100010010110000001111
