01111111110000000000000000010011
01111111110000000000000000010011
01111111110000000000000000010011
00000000000001101000111001010011
00011010010000000010010000100111
00000001111000110000100011010011
00000001110010101000101011010011
11011011001100000010100000100111
00000001100000011000011011010011
00001001111010100000000101010011
00100000111000000010001000100111
00000111011000000010100000100111
00000001000111001000010011010011
00001000011011000000100011010011
01000001010000000010100100000111
00000001000100111000001101010011
00110100001100000010110000100111
00101100110000000010011000000111
00001000010000100000010101010011
10011011001000000010011000100111
10110101100000000010100110000111
00000001011101101000011011010011
00000001001101100000100111010011
00001001100110001000011001010011
00000000110011110000010111010011
00011011101100000010001000100111
00100101100000000010111110000111
00000000110110111000000101010011
00000001011011001000111111010011
00001001101011000000010111010011
01011111100000000010010000000111
00101000010000000010010010000111
10010000010000000010100010000111
00001001011101000000101111010011
00011010000100000010111000100111
00001000010110100000010001010011
11111010100100000010010000100111
01000100110000000010101010000111
00001000101000001000010101010011
00001000100111111000101001010011
11100100000000000010000110000111
01111011010000000010110000000111
11001111001000000010000000100111
00001001000000101000000111010011
00001001001011011000110101010011
00001001100011000000010101010011
00001001110010100000111001010011
01111011110000000010000100000111
00001001110101110000100011010011
00001001110101100000111001010011
00001001010110111000011011010011
10011010110100000010110000100111
00001001001000100000011111010011
00001001111100101000100011010011
00001001001010110000111111010011
00000001100010111000011001010011
00001001101101100000000101010011
00001000000110111000110101010011
00000001000000111000011111010011
00000001110100010000111101010011
00000000000000000000011111010011
01101000110000000010001010000111
00001001010010110000011111010011
00000001101000100000010101010011
10110010110000000010100100000111
11111111001100000010010000100111
00000000110111001000110101010011
10101110100000000010110010000111
00001001000110000000001011010011
10111000010000000010111010000111
00110111110000000010101110000111
01110100111000000010100000100111
00000001000001001000101011010011
00001001000011111000110011010011
11101111010000000010010010000111
00000000101111101000011101010011
00000001110100111000110011010011
01100011011100000010000000100111
00001000110101000000010001010011
00101101000000000010010110000111
00010101111000000010101000100111
00001001111111000000011111010011
00001000011110100000101001010011
00001000010101100000010101010011
00000000100010110000111011010011
00000000010000111000101001010011
01100101100000000010001000000111
00110101101100000010100000100111
00001001000101001000111111010011
11011001000000000010101100000111
11000001001100000010100000100111
11101100010000000010111000100111
11000110110000000010100000100111
01001011100000000010101000100111
00000001001111111000101011010011
00001000010111000000100011010011
00001000100100111000101101010011
00000000100001001000000101010011
00010111111100000010111000100111
00000000101001001000101111010011
00001001011011010000011101010011
00000001011110001000010101010011
00010011100000000010011010000111
00001110001000000010001000100111
00001000100100000010000000100111
00000001110100000000110111010011
00111111110000000010101110000111
00001001000000110000001011010011
00000001000010011000010101010011
00001000111000000000110101010011
00000000010001000000100111010011
10100010100000000010111000100111
00001001110111001000101101010011
00000001110010001000001111010011
00000000001110100000010011010011
00001001111011110000011101010011
00000000100110111000010101010011
00001001100000110000000111010011
00001000111110100000111001010011
00000000100101111000001011010011
00001000111111111000010011010011
00011110110000000010111000000111
00000001110101001000001101010011
00001000101000110000001111010011
00000001111011100000001001010011
00000001011100000000111011010011
00001001111100011000001001010011
00110101100100000010111000100111
11001010100000000010101100000111
01000010010000000010101000000111
00001001010111000000111011010011
10000110011000000010001000100111
01001010111100000010000000100111
00000000011111001000010111010011
00000001100111100000010011010011
11100110000000000010001000000111
11000101011100000010100000100111
00000000111001101000101011010011
10011011100000000010011110000111
00000001111001111000010011010011
00001000100010011000101111010011
10111101100000000010110010000111
01011000011100000010101000100111
00110100000000000010101100000111
00000000111111010000001011010011
01000010001100000010001000100111
10100011100100000010011000100111
00000000001101010000101111010011
11001000110000000010011100000111
00001001011111001000000111010011
00001000111010000000010011010011
00001001000001010000100101010011
00000001010000001000001101010011
00000000100000000010010110000111
00000001010110010000101101010011
11110110010000000010111000100111
00001001101110010000011111010011
00001001111100100000001001010011
00001001011010011000000101010011
00001000000101111000110001010011
10101001011000000010011000100111
00000001101111001000100011010011
00101111000000000010011000100111
00001001111110101000110101010011
00000000111011000000011101010011
00000001011010100000001101010011
00001000111100011000001111010011
01110010111100000010011000100111
01000000100000000010101100000111
01111011110000000010011110000111
00001000110100101000001111010011
00000000001110101000111001010011
11010110100000000010110000100111
00001110011100000010010000100111
00001100110000000010000100000111
00000110110000000010101010000111
10011000100000000010110100000111
00001000010110000000000111010011
00000001000001011000111011010011
01101110101100000010011000100111
00001001011111001000010101010011
01111101011100000010000000100111
00000001011010000000100011010011
01011111100000000010101000100111
11011101010100000010111000100111
00001000011100000000101111010011
00000001100110101000010011010011
10111001011100000010000000100111
00000001010100001000101011010011
01001000011000000010011000100111
10111111110000000010101000000111
11011000100000000010100000000111
00000001011001010000111011010011
00001001101100111000100111010011
00001111100000000010100110000111
00000000110100110000110011010011
00001001101010100000110111010011
00001001010010000000111111010011
10101011100100000010100000100111
00000001110011110000100111010011
00010000010000000010111000100111
00001001010011101000000011010011
01000000100000000010011000100111
11110010000100000010100000100111
00001000100001101000111011010011
00001000001100110000010001010011
10011111100000000010110110000111
00001011100100000010110000100111
00000001101100000000011001010011
10010011100000000010101100000111
01000001000100000010111000100111
00000000010111101000010001010011
00000000101100110000011111010011
00000001000000110000111011010011
00010000000000000010111010000111
00001110010000000010100000000111
11100100011100000010000000100111
00000111000000000010110100000111
00000000101011010000001011010011
10110101101100000010111000100111
00000000001110000000001011010011
10110010010000000010001000100111
00000001110110001000010011010011
00000001001100000000001101010011
00001001110000001000110101010011
00001001111000100000000011010011
00000001010110110000000101010011
00001100000000000010000110000111
00000000011110001000101101010011
00000001101010001000011011010011
01010111111100000010111000100111
00001000100101001000100001010011
00001000000010010000001111010011
11100011100100000010010000100111
00111001111100000010101000100111
00001001000000000000110011010011
00000001111110101000010001010011
00011111110000000010010100000111
00000000100011100000110111010011
10101000000000000010110110000111
01111100010000000010000010000111
11010111110000000010010100000111
10010111100000000010111110000111
00110011011100000010000000100111
10011101110000000010001000000111
00001000000110000000010111010011
00000001001011110000101101010011
01101110010000000010111000100111
10011100000000000010101100000111
10101111100000000010010000000111
00000001010010111000010011010011
00001000100100111000010111010011
10000110100100000010000000100111
00001000000101001000100101010011
10110000110000000010101100000111
00001000000100100000001111010011
00000000110010100000001101010011
00001011110000000010101000000111
00000000000100010000110011010011
11101010110000000010100100000111
00001000101111011000111101010011
00000011011100000010010000100111
10100101101000000010010000100111
10111100010000000010111000000111
00001001100011000000110111010011
00000000100000000000101011010011
11111010000000000010111100000111
00000001001101101000101111010011
00001001100110101000010111010011
00000001111010011000111001010011
00001001010101111000111111010011
00001001010011110000110101010011
00000001110011100000100101010011
10101011110100000010000000100111
00001001111111100000000111010011
00001011010000000010011000100111
00001001011101000000110001010011
10111111011000000010110000100111
00001000110101000000100011010011
00001000001010001000011101010011
00000001001011010000001011010011
00000000100001010000000101010011
11110011011000000010010000100111
11001010010000000010111100000111
00000000111001010000000011010011
01111111010100000010000000100111
10000011010000000010101100000111
11110010000100000010100000100111
11011110010000000010000000100111
00000001110001010000101101010011
00001000001100010000111011010011
00001001101110100000011111010011
00000100001100000010000000100111
00010010110000000010111010000111
00001000011101100000100001010011
00001001011101111000000111010011
10011001111100000010100000100111
00001001000100111000010101010011
00001000000110110000010111010011
00010000100000000010001000000111
11111010100100000010001000100111
00000000000101101000011101010011
00000001100110101000111011010011
11111101011100000010010000100111
00001000000000000000001001010011
00000000100111001000001011010011
00000000111000000010011000100111
00000000100111101000110101010011
00001101100000000010100000000111
11111100010000000010110110000111
00000000011010001000001101010011
01011011000000000010100000100111
01100010001100000010110000100111
10110010010000000010110000100111
00000001000111110000101011010011
10100010100000000010000100000111
00001000001100011000001101010011
01111000100100000010101000100111
00000001110110111000111011010011
01111110100000000010111000000111
00001000000110001000010011010011
00000000100011000000111011010011
10111011001100000010000000100111
10011001100000000010010000000111
11010011101100000010110000100111
00001001001100101000101011010011
00000001101110001000111101010011
00000111110000000010100010000111
00001001011101101000100001010011
00000001110011000000001101010011
10101100001000000010100000100111
00000001000001111000101101010011
00000000100010010000011001010011
01001001001100000010010000100111
00011101101100000010010000100111
00000000001010000000000111010011
00000010110000000010111000100111
00001000011001100000011011010011
00000001000001011000100011010011
00001000100011100000111011010011
11100100111000000010000000100111
10100110001000000010000000100111
11100010100000000010011000100111
00000001101111111000110111010011
10001011010000000010000110000111
00000000110101111000001111010011
01100000110000000010101110000111
11101011010000000010110000000111
00100100111000000010111000100111
10110100100100000010010000100111
00000000110110101000010001010011
10111000010000000010011000100111
00000000111101101000010001010011
11100001110100000010101000100111
00000001111001100000011011010011
00000000001100011000001101010011
00000001001101000000111001010011
10011001010100000010001000100111
00001001010101111000011011010011
00000011001000000010010000100111
00000000000110001000110111010011
10100100110000000010100000100111
00001001111111010000100101010011
00001001110010000000110101010011
00001001100011111000100111010011
01010100111000000010110000100111
10111000001000000010000000100111
10110101010000000010111000100111
11010101000000000010100000000111
00001001110011110000111011010011
00000000100100010000001101010011
00001001010111101000101011010011
00000001101111001000110011010011
00000001000100100000000111010011
00001001111000101000010101010011
00011000100100000010010000100111
00001001010011100000101001010011
00110000110000000010001110000111
00000001000111011000000101010011
01101011100000000010011110000111
00001000100010101000110001010011
00000001100001111000001111010011
00111110010000000010011100000111
00001001100010101000010111010011
00001001110011110000011001010011
10111100110000000010100000000111
11101101111000000010011000100111
11001111011000000010101000100111
00001001110001001000010101010011
00001000011111010000001011010011
00001001011000101000100001010011
00000000100011100000000111010011
11101111011100000010011000100111
00001001111011100000101001010011
00001001010000011000100111010011
00000001111011101000001101010011
01111011000000000010001110000111
10011000101100000010000000100111
10000111110000000010110100000111
01000101000000000010010110000111
00001100100000000010111000000111
10110100100100000010101000100111
00000001011101110000101101010011
01111110110000000010111100000111
00001001010111101000111011010011
10011101010000000010000000100111
00001001001111100000111001010011
10100010010000000010110100000111
00001000011101011000001101010011
00001001111110101000100011010011
10100010001000000010001000100111
00001000010001001000010101010011
00000001011001100000011101010011
00001000000111000000111001010011
11110001110000000010110100000111
00001000001001010000000101010011
00000000100111010000110011010011
00001000111111110000010111010011
00001000001001011000110101010011
01000011000000000010100110000111
01010101110000000010000100000111
00001001000011011000001111010011
00100011100000000010010000000111
11101110110000000010011000100111
01011111000000000010001010000111
10111101100000000010101000000111
10101010100000000010111000100111
00001000010101000000101001010011
00000001011010100000001101010011
00001000001100011000100111010011
11111001010000000010111000000111
11101111001100000010110000100111
00000000101101100000110101010011
10010000000000000010011000100111
00001001110001111000111001010011
00100001100000000010101010000111
00100101010100000010101000100111
00000001001100010000011001010011
10110111100000000010110100000111
00000000010000101000011111010011
00000000011011000000100001010011
11111101000000000010101000000111
00011100001000000010010000100111
11101011000000000010001000100111
00011101010000000010011000000111
00010011100100000010001000100111
00001000001000010000101111010011
00000000101011011000111111010011
00000001011111110000111101010011
00001101011000000010011000100111
00001001110100110000101111010011
01011110110000000010001110000111
10111101000000000010110100000111
00000001011110110000101101010011
00000001101011010000110101010011
00000001001100101000100111010011
01101000101100000010111000100111
00001001001001000000101011010011
00000000001101110000010101010011
11000110100000000010110100000111
00000000010001111000111101010011
10101110000000000010000010000111
10000011001000000010100000100111
10010010100100000010110000100111
00001001100001010000110111010011
00000000001000010000000011010011
00001000101000101000100011010011
10100000000000000010101000000111
01110010110000000010000000100111
00001001011101110000010001010011
11100011000000000010010000000111
00000000110111110000011101010011
11100011111100000010001000100111
01101000100000000010111010000111
10010010000000000010011000100111
01110110110000000010010000100111
10111000110000000010000010000111
11110010010000000010101110000111
00000000010011010000011101010011
00000000101110000000010111010011
10111000010000000010100110000111
00000001101001000000010111010011
00011100100000000010000100000111
00000000001101010000010111010011
00001000111110011000101011010011
00001000011011011000010001010011
00100101101100000010000000100111
11100110100000000010101110000111
00000000111110000000011101010011
00001001010100010000101101010011
01111001010000000010011000100111
00110000100000000010011000000111
01001100010100000010100000100111
00000001100111001000100101010011
00000000000011010000100101010011
11101100011000000010001000100111
00000001011101110000110101010011
00000001110110111000001101010011
00111111000000000010011100000111
00110001110000000010101010000111
11110101111000000010100000100111
00001000010010110000001011010011
00000101000100000010010000100111
11100111010000000010100010000111
00001001101110011000111001010011
00110101100000000010010000000111
00000001011110000000100111010011
10100011100000000010010110000111
00001000001000000000001101010011
11000101001000000010000000100111
00000001001001101000000011010011
10101110000000000010101010000111
00100110101000000010001000100111
00110001011100000010001000100111
00001000000000110000000011010011
00001000011011011000011111010011
00000000000000001000010011010011
10001111110100000010110000100111
10111000101000000010111000100111
01110111100100000010100000100111
00010111110000000010000100000111
11000101011100000010111000100111
00001001011101101000110001010011
00001000101110101000110011010011
10110001101100000010001000100111
00110011001000000010110000100111
01011000000000000010100010000111
11101101010000000010110010000111
00001000100110100000010111010011
01110011111100000010010000100111
10000001010000000010001000000111
00101000111000000010000000100111
10110111010000000010100000100111
00000001001011101000010111010011
00000010100000000010110000000111
00000000010110010000111111010011
10101000000000000010101110000111
00000000110010011000111011010011
11110010101000000010101000100111
00101000011000000010011000100111
00100010101000000010000000100111
11111000010100000010001000100111
11010100000000000010110010000111
10001011000000000010110010000111
00001000100110000000010111010011
00001001011010111000111111010011
00001001101000011000010111010011
10010001110000000010001110000111
00000001011111101000110011010011
11011100110000000010001010000111
00001001100100101000111001010011
00111101100000000010001100000111
01101111110100000010001000100111
00010000010000000010000010000111
00001001100101001000001001010011
00101010000100000010000000100111
00000000111011001000110001010011
00010001111100000010111000100111
00001010110100000010010000100111
00000000111001111000011101010011
11011000100000000010011010000111
01010011001000000010100000100111
01100000110100000010110000100111
11011000100000000010111000100111
00001001001001101000100011010011
00010011110000000010011100000111
01010101000000000010011000100111
10111000000100000010000000100111
10110100010000000010000100000111
00001001010111111000110001010011
00001001101101111000011001010011
10011101101000000010000000100111
00001001011011011000011101010011
10100000110000000010011100000111
10111110000000000010011000000111
00100000010000000010101100000111
11010001110100000010110000100111
00000000111111111000001101010011
00001000100010110000010011010011
00111110010000000010100000000111
00001110000000000010100010000111
00110000000000000010111000000111
00001001110011101000111111010011
00000000101011110000110011010011
11100110010000000010101000100111
00000001000011000000011001010011
00001001001000111000001101010011
01010011100000000010100010000111
00011111111100000010111000100111
00001000110011001000001001010011
01111111000000000010010010000111
10011010010100000010100000100111
00000101010000000010011010000111
00000000111011111000100111010011
00000001111111100000110101010011
00011001101000000010111000100111
10110110110000000010011110000111
00011111000000000010000100000111
01001000001100000010101000100111
01100001110000000010100100000111
00001000001100011000001101010011
00000000101010100000001011010011
10100111111000000010011000100111
10110101010000000010001010000111
10011010111100000010100000100111
01100101010100000010111000100111
00001001110000000000010111010011
01100001000000000010010100000111
10011101010000000010011100000111
00001000011111100000111101010011
00000001111010100000100011010011
00000000101000110000001111010011
11110111000000000010010100000111
01010110100100000010111000100111
00001001111011100000100001010011
00010100000000000010010010000111
00000000101101101000000111010011
10100011010100000010010000100111
00000000100011001000111011010011
00001001110110001000100101010011
00000000111111001000001001010011
01001100010000000010110010000111
01010100010000000010010000000111
10010110100000000010000010000111
11110110101100000010000000100111
00001000011000010000010001010011
10111011110000000010001000100111
00000001111001011000101101010011
11000100110000000010101000100111
00000000110100101000010101010011
00001001011000111000011011010011
00110010010000000010011110000111
00001001111010000000011101010011
10000011011000000010101000100111
10110000100000000010110100000111
11010100111100000010000000100111
00001001010010000000110001010011
00110011111100000010111000100111
11101100010000000010011100000111
01100000000000000010011010000111
00001110111100000010000000100111
00000000100000001000000101010011
00111111010000000010010110000111
00001000100111010000000101010011
00001000110001011000101011010011
01101001011000000010111000100111
00001001010101011000101011010011
01111011001100000010010000100111
11101011101100000010000000100111
00001001010100110000110101010011
00001001100000111000111001010011
00101101001000000010000000100111
00001000001000001000010111010011
00000000100101001000010001010011
00011100010000000010110100000111
00001001010101101000000101010011
00001000010111010000001001010011
00000001101101110000010011010011
00000000000101011000000011010011
00001001110100100000000101010011
00001000010000010000010101010011
11110111000000000010010000000111
11001110000100000010010000100111
11111110010000000010001100000111
00000001101101000000001101010011
00000000100001100000010101010011
01001110110000000010101010000111
00000000111111101000010001010011
10010100000000000010000100000111
00000000100011111000011101010011
00000000100010011000001111010011
00000000100101111000010101010011
00001001111011010000010101010011
00001000001000000000010101010011
00110011110000000010100110000111
00101110010000000010010000100111
10010110100000000010100110000111
00001001100000000000011111010011
11110111100000000010011000100111
00000000000010101000001011010011
01011010010000000010011100000111
11101001000000000010111000100111
10001100000000000010010100000111
11100111010100000010100000100111
01100110100100000010011000100111
00000111010000000010010110000111
00000001101011110000011011010011
00001000001001111000110001010011
00000000010101100000011001010011
00001000010101000000010011010011
00001000101111111000101001010011
00001000011001111000011101010011
10011100000000000010111110000111
11100001111000000010001000100111
01110111111100000010001000100111
00000001101100001000010101010011
00000001100010110000111011010011
11010111100000000010101000100111
00001000001001110000001101010011
01100100010000000010110000100111
00001000000101111000010111010011
10010111011000000010101000100111
00000000000000010000111111010011
10000111000100000010110000100111
01001001110000000010100000000111
00001001011100101000110101010011
01001001110100000010011000100111
11010110010000000010010100000111
01111001100000000010101010000111
01110001011000000010101000100111
11110011000000000010011000000111
00000110100000000010001000100111
00000000000000001000111101010011
10011000000000000010010000000111
00000000010100110000000111010011
00001010011100000010101000100111
10101011101100000010100000100111
00000000011110100000111101010011
11000111010000000010011110000111
00001000000111001000010001010011
00000001001100111000011001010011
11101101000000000010000100000111
11101001111000000010010000100111
00000000000111110000101101010011
10000010100000000010011110000111
00001001001011010000000111010011
10000100110000000010111010000111
01100110110100000010111000100111
00001001011101000000111001010011
01001110000000000010010100000111
00000001001100000000001001010011
00111010110000000010100010000111
00000001010101101000001111010011
10011110100000000010000000100111
00001000110000000000111111010011
00000000110000000010111000000111
00001000101001001000100101010011
00001110000000000010001000100111
10000010110000000010100000000111
00000000000100011000010111010011
11001111000000000010010100000111
00000100110000000010111000000111
00001000000100101000010101010011
11111000100000000010100000100111
00000001010000001000000011010011
00001000001010101000100111010011
00001000011000001000000101010011
00000000010100000010010000100111
00000001110010110000110011010011
00000000110001000000000101010011
00001000111000011000111111010011
00010111010000000010101110000111
01011001001100000010001000100111
11000011100000000010101000000111
00001000110111111000010111010011
01010000010000000010101110000111
11101010000000000010011000000111
00001001100110001000001001010011
00100010110000000010001110000111
00000001100000000000101101010011
00001000010100110000010101010011
00000000011111000000010011010011
00001001011111001000010001010011
01000010101000000010001000100111
00001001010000110000000101010011
00001001000111000000011111010011
10110101110000000010101110000111
01111010010000000010110100000111
00000000110000101000111011010011
01101001111000000010001000100111
10010110011000000010111000100111
11001010001000000010001000100111
00000000000101010000100111010011
00001001110110100000000011010011
00000001101110011000111111010011
11011000010000000010001010000111
00110100101100000010011000100111
00110111111000000010110000100111
00111100110000000010100000000111
00001000001010000000101101010011
01001111111000000010000000100111
01011111000000000010110000000111
00001001010001101000111101010011
10101100000000000010101000100111
00001000001111101000001011010011
00001001100000110000100101010011
00010011100000000010110000000111
00001001110111000000001111010011
01111111100000000010000100000111
01100110010000000010100010000111
10010001001000000010111000100111
00000000011000101000000111010011
00001000101111011000001011010011
00000000001101101000111011010011
00000000111110000000101011010011
01010001100000000010101000000111
10011000100000000010001110000111
01011100101100000010011000100111
00111100010000000010100000000111
10000010100000000010110010000111
00000001001101010000010001010011
01011110100000000010111110000111
00011010000000000010100110000111
00001000101111111000011011010011
10100010100100000010011000100111
00000001001000000000111001010011
01100110000000000010000000100111
10101010111100000010010000100111
00001001010000001000110011010011
00001000000001000000000101010011
00000001101001100000100101010011
00000001111000001000011001010011
00001001101011011000000011010011
00000001101111011000101101010011
10101100110000000010011000100111
00111000011100000010000000100111
00001000110011101000100001010011
00001001110101010000000011010011
00000001011001000000111101010011
01100001010000000010000100000111
11100100001000000010110000100111
00100001010000000010110110000111
01111010001100000010011000100111
10111011111000000010101000100111
00001000000001011000101011010011
00001000011001011000001011010011
11010011111100000010001000100111
00001110100000000010111000000111
00100101010000000010001110000111
00001101010000000010111100000111
00000001110110010000010001010011
00000000011100100000010101010011
00011110000100000010001000100111
01001010010100000010110000100111
00101101010000000010110100000111
10011000000000000010101100000111
10000100110100000010011000100111
01001010000000000010011000000111
00001001011111000000111001010011
01000010110000000010111100000111
00001001010110001000110101010011
10101011111000000010101000100111
01011111000000000010100000000111
00000001010110110000101001010011
10010010110100000010101000100111
00000000100110001000101101010011
01011011100000000010111010000111
00001001101111110000010111010011
00000000100101010000011111010011
00000000010010100000011111010011
01111000100000000010111110000111
10001000101000000010010000100111
00001001000000000000001011010011
10110001010000000010011110000111
01011000110100000010001000100111
10010111100000000010011110000111
00001001100011101000101111010011
11100000101000000010100000100111
10101011100000000010000110000111
00000000000100000000111001010011
00000001001011000000000101010011
10110001000000000010011000100111
01001101100000000010010000100111
00001001000011001000011001010011
10111010110000000010011010000111
01001001111100000010101000100111
11001000101100000010101000100111
00000001110011000000100111010011
00001000000111101000011011010011
00001000011110110000100101010011
00001001010110010000011001010011
11010101111100000010001000100111
11000100000000000010010010000111
11000000110000000010100100000111
11111110101000000010000000100111
00001001001011001000011011010011
00000000110001011000110001010011
01011110100000000010101000000111
11100111101000000010011000100111
01010101011100000010110000100111
00001001110101111000111001010011
00001000100010101000111001010011
00001000101110101000110011010011
10010101100000000010110000000111
10000101100000000010111000000111
01111001010000000010000010000111
01111011101000000010001000100111
11011111110100000010101000100111
00000000000001100000111111010011
11111000000000000010011000000111
00000001100011111000110001010011
00001000100100101000010001010011
01010100011100000010100000100111
00001001111100010000001011010011
00001000100111110000100111010011
00101011011100000010111000100111
01000110000000000010011010000111
01001011000000000010001100000111
00001001011010100000011101010011
00001001101100100000100111010011
00000000001111111000001101010011
11101111111000000010000000100111
00000000111011011000100011010011
00100111110000000010011010000111
00000001000100001000000101010011
11110010000000000010001100000111
00000000100011001000000011010011
01111010010000000010101000100111
00000000110110100000101111010011
00001001110010000000111111010011
00001000001001010000011101010011
10001001000000000010000110000111
01010110111000000010001000100111
01001010000000000010111000000111
00001000110010111000000011010011
00001001001001100000011111010011
00001111001100000010110000100111
00001001110100000000001101010011
00000001110101000000111011010011
10011011010100000010010000100111
00001001001000101000100011010011
01111110000000000010110100000111
00101001000000000010100000100111
01011110100100000010000000100111
00001000110101010000101101010011
01011111010000000010011000100111
00000001011000010000111001010011
00000001100000111000100111010011
00111010000000000010101100000111
01111101101100000010000000100111
10111110110000000010111110000111
11000000100000000010001000100111
00000100000100000010101000100111
01110010010000000010101000000111
00001001010110110000001011010011
00000000101111001000100011010011
00001001000100000000101011010011
00100111000000000010101000100111
11100100110000000010111010000111
00000001010100001000110101010011
00110101000100000010100000100111
00001001010111011000010011010011
00000000001001101000010101010011
00001001111101000000000101010011
00000000010101001000110111010011
10000100100000000010110010000111
00001000010011010000001101010011
00001001101101000000000011010011
00001001110010101000011101010011
00001110010100000010101000100111
00001001011111101000100111010011
00111010110000000010010000100111
00001001101110110000101101010011
00000000110001100000111001010011
11001010100100000010011000100111
10100010100000000010100000000111
00100010110000000010011000000111
11010100011100000010011000100111
01100111000000000010010010000111
00101010100000000010000110000111
11111111110000000010010000100111
00000001111010011000110001010011
00001000010001110000010001010011
11100111110000000010001000100111
00000000000111010000110111010011
00000001010111011000100011010011
00000000010100000000000111010011
00000001111101010000110101010011
11001111001100000010001000100111
00110101111000000010011000100111
00000001111000101000011111010011
11101100010000000010001010000111
11000100110000000010000110000111
10100101011100000010010000100111
01000011110000000010000000100111
00000000011000010000001011010011
00001111011100000010010000100111
00000000111101011000100011010011
01011000000100000010110000100111
00001001111111110000001001010011
10111110110000000010011100000111
00111110010000000010101010000111
00000000110011000000111101010011
00001001001010101000011001010011
00100110110000000010100010000111
11001101101000000010011000100111
00000001011101010000101011010011
00000000000100011000001101010011
00001000100101010000000111010011
11100010000000000010010110000111
00000001101011110000010101010011
00001001010011000000011001010011
00000000000110001000010111010011
10100100011000000010100000100111
00011101100000000010101000000111
00010010110000000010111110000111
00001001010010101000011001010011
00000001100110100000001111010011
10111000010000000010011000100111
00000001011000101000001001010011
01111001100000000010011010000111
00001001010101100000100001010011
00001000111101100000001011010011
00000001010111011000101101010011
00000001010101000000010111010011
00011010011000000010001000100111
10110001001000000010011000100111
00001000010100101000110101010011
00001001011111001000001101010011
00000000000110100000010011010011
00001000100011101000101001010011
00000001001100110000000011010011
01001000010000000010010110000111
00001000111000110000101101010011
00000000100100001000001001010011
00001000111011100000010111010011
01110100001100000010000000100111
00000001000001101000000111010011
01001011100100000010110000100111
11011001011100000010001000100111
10110010100000000010101110000111
01100011101100000010011000100111
10001000100000000010000100000111
00000000000000000000000001110011
00000000000001111000110100001100
11110101101101110011010011101110
00000000000011011101000100111101
10110011011101110111100111111110
00000000000011011000101110000111
00011010111011010100111001111010
00000000011000110100100100000000
11000000101110010010111110000001
00000000010000010011010110111111
10001110010100000101000010001011
00000000011010000011100010110011
11010010111101111001101000100001
00000000010100001010100000110011
10100110000011110100110101100111
00000000010110100010010111111000
10100101110100100010011100001101
00000000010000001101111110100101
10100100111110101001110110011001
00000000000001011110110101110010
10011001011100000110000110100000
00000000001111010111000010101110
00010001110010101001001110111111
11111110011000010101001101111000
00101010000000001010010100100011
00000000000111101101001110011001
00101000111111000101001011110100
00000000011011001111001011010001
01001111011000010001101111000011
00000000011101111100001111101100
01110110011110101111001000010000
00000000011110011001001001000111
11011010111001101011111110110011
00000000000011010011011100011011
00001010000101100101001101010001
00000000010111111001100100000110
10011010001000101100100100010110
00000000001010001011110100011011
11111100001101101001000010000001
00000000011000001100101111101001
01001000000010100001010001000111
00000000001011111101100100001000
11001011100000010001111000101011
00000000000110111101100011011011
10000001011110001010001010000100
00000000011110101010101011100001
11101100100010111111110100011111
00000000001010111001010001001000
11011001001111101000111110110111
00000000001011101010101001011011
11011010001110111000000011010100
00000000011000010010110100100110
11101000000110000000111111001110
00000000001011101010111111101101
01110100011000100101101111011000
00000000001110100011111111101111
00110110010011100011111001101110
00000000000010001010110101100101
11101100010110010010011111100011
00000000000101101011110010111010
10100000001111011100111101010101
00000000001001100001100101011011
10011001100101000011001111110100
00000000011011010000011010010011
11100000101100110100000110100011
00000000010010111000011000111000
01010110110011110110110111111100
00000000011111101110011000001100
00111001111010010101011001000111
00000000010011111101100011110011
10100000001000000110010001010110
00000000010011100100100001010111
11110110110010111000011010111010
00000000011001110010010001000001
10000110110100001111110000100100
00000000000000100011010010100011
01110101000111000100001000000101
00000000011000010111000110100101
10011011100111001001000011101011
00000000010000011100000110101110
00000000110001111010111011110110
00000000000011001000010111111111
00111000110010110111000100111001
00000000001000100110101010011101
00111011001110100001011011101111
00000000000011101111001001111100
10101111010100010111000011000101
00000000001101010110110011011001
01100001011100101100011011101001
00000000001101010110001111011011
00110111101100011111011111100111
00000000001100100100000110101000
00100001011010010100101001100110
00000000000101001100001011011100
11000000000101000111100011100100
11111110011000010101001101001110
11100000001110000010101101110110
00000000001111010001110111000101
10101110001000000011100100100110
00000000011000110000100001011000
10110000111001101100101101010110
00000000001011000100001001010000
01000010000100001000001011110000
00000000000000001001001111010000
11010111100110000101110000011111
00000000000110111001010111010101
01010101110001000100011001001011
00000000010101100111101010010001
01111110011000010101001101111000
00000000000000111110100001100101
10000110001101110011111110011101
00000000000100010101111101001110
10101010000011100000011010111000
00000000001100110001011011011110
11000101000110101001111111101100
00000000011001110111100010101011
00001101111011110101111101010001
00000000000011011100110111000011
10111010000010111001011100101010
00000000010101110111001011010110
00111010110000100001110100011111
00000000001001000001010111101001
10011100110101000010001111001100
00000000010011100111100110101100
01001010111110100111111110010001
00000000000011011000100001100010
11011110011000100000001010100110
00000000000001010111000001111011
01111001111100011010000101110101
00000000011011011011101101001111
00101000011100110110110000001110
00000000011110111111110001101111
11001100001010111111101010101010
00000000001011101001000010101100
00100010000011110101011010011001
00000000001100101000001010111001
10100011010010010110001101010110
11110011001100100111111000100110
01000100111010010101101110100011
00000000010111010110010011011001
00100111111100110000111001011100
11111110011000010101001101111000
00001111100111101111100011110111
00000000000110100101101010111000
00000000000000000000000000000000
00000000010000110010100000110101
01111110111000010101001101110100
00000000010000100101011000110001
01101000100100000111000111000000
00000000011010110001001011100101
10100011010010010110001101010110
00000000000101001100100110010001
01011101101011110010010100110001
00000000011010100100001000000100
00000101101110100011111000011001
00000000001111110010110111110001
00011100100100010010111101111111
00000000000010000110001100000111
10011001100000101001110010000011
00000000000100110111100111111010
11001011100111001000011111010001
00010001110010101001001110111111
01100011110101000110100010100000
00000000001011001010011100111100
11110111001101100010100000110000
00000000011111110110111011101111
10111010111000101000011010100010
00000000001000100001101111010000
10000110010100010101100101100101
00000000001001010101101010111100
00010010010010101001001110111111
00000000001010110101011110110000
11011100000111000010110111111101
00000000010101101100100011100001
00010111011110001111011001000000
00000000000001001111101000001101
01001001110011000111010011001000
00000000010011011010110100110111
10100011010010010110001101010110
00000000010011000000011011000011
00000010110011111111010010000100
00000000010001101011100111001110
00001010001100010110010001010111
00000000010100100111000111100011
00101100001101001011010010001101
00000000011101100001010111100000
11010111011100100111110010111101
00000000010101110111100001110100
00101110001000000011100100100110
00000000010100000010111100100001
11011110001110110001001001001110
00000000000110011111110101000001
01011011111010001000011111001010
00000000001011110011011100000110
10110010101001011011100110110101
00000000011111110100100110100010
10001010001000001011010000001111
00000000010001011110101011111111
01111101010001010111010010001110
00001110110011001010001110110010
10001111110101110001001001000101
00000000000111011010110110001100
11110110101100110011011010000010
00000000011110110000101101111110
00000000000000000000000000000000
00000000000010101100101111001101
10111011010101100001001000110111
00000000010111110001111100111001
01110101000111000100001000000101
00000000000000010110001000111010
00001011010110110101011100101010
00000000001110110101110000110100
00111111111000100101000111011111
01001010111110100111111110010001
10101010101000101010011101111010
00000000011010010000011001000101
01111010010111010000110010100101
00000000011100101100010100101010
01011000101110111001010110011110
00000000000010010111110100000001
00101001001000110011000011011011
00000000010000101111110011011001
00010001110010101001001110111111
00000000001000011101000101001011
01111010110110001000001100100110
00000000000000000000000000000000
11111010000100000101010110110111
00000000011001111111011001001110
00111101101001100000110001110010
00000000001000010101100011011100
01111110011000010101001101110101
00000000010000001101110100100101
00011001101010110010101110001011
00000000001011001101111000100101
00011100001110110100111101101010
00000000001100100010001111101000
10010000100000111101001010011011
00000000000100100001000010010110
00111010011110011010101111110001
00000000000000100110010011101110
01101010010111100110101110000000
00000000010110100110100010100110
00111101001100001111100011000101
00000000000010110111011010101110
11110011001100100111111000100110
00000000010010101101011100110110
01101100111011101011111110001000
00000000001000110100000100000000
11110011010011101110110111111111
00000000010000101001000010111010
11111111000111001110111100100001
00000000001000100101101101011000
00000000001011110011011100000110
00000000001010110110110101101011
11100001000101011001001001011001
00000000011001110000000011010100
00111111111100001000101001100001
00000000000000111001110111011000
00111111111000100101000111011111
00000000001100100110001011110010
01010101100000110010011000010011
00000000010010011101101011000100
00101110011110010010110101001110
00000000011111001101111001101011
10111001101101100001010001000011
00000000010101011011001100101100
10000100101010101100011010001010
00000000011110110000010010100101
10110001000001010000101001000100
00000000001011100111011010000010
10011000010000011001001001011000
00000000000010010101010100011010
11100101000001110100111111001100
00000000010001110011001101001101
00000000010100101011001101011110
00000000001100010100101100011110
00110010011010001101110111000010
00000000011011100000000100100001
00000111001111110010111101001101
00000000001100000011101011111110
10101111111100111011000011100000
00000000010000001100101110011100
01111110011000010101001101111000
00000000011011110101000110010010
01001001000001001110110000011100
00000000010100111000000101011010
11100110110101110111011111111011
00000000010110010110001110001001
00111000100100101010100000110100
00000000000100010100100101000001
01100101101000010111010100100011
00000000001010101011111111100011
01011100111010000110000101101001
00000000011101011111011101101011
00001010101100111011010100100001
00000000000111000110000110000101
00010011111101100001100111101101
00000000000011011111001001111101
00101111011110110111111100011010
00000000010001101011111110100110
01110100010100000101110100100011
00000000001010100101111100100010
00011001100101100001100110110010
00000000010010101101100111011000
00100101001100111100011100011010
00000000011101101011100110101110
01110111101001000011011000110001
00000000000001011000111001111000
01001001011111110110010000111000
00000000001000110001110100101111
00000000000110111001010111010101
00000000010011010011110001110001
00001011110100001001001011000101
00000000010000110100110010111011
01000010101101111001010111010001
00000000010100110001100011111111
10011100011010000110111011110001
00000000010011001111011110011010
00111001110011010001101111000011
00000000010000110111110101100110
01000101100000100110000100110110
00000000011100010000010100110010
11000101011100011010111001110010
00000000010010001111111011111110
00011111111010000100101100010000
00000000001000011001100100110000
11010100111001000000110010001011
00000000000000110111000110011011
00011110110011011010001011000101
00000000011010001101010010111100
10001101000110011100110011001001
00000000010100000011110010001111
00000000011100001000000010111010
00000000000101110101010000110110
11001010111110001110011010100001
00000000010110100110100100100001
10111111100100001111010000001101
00000000011100101101111111111000
00000001011110100000100111100110
00000000001001011110110110110101
10101011011001101010100101100110
00000000010110001101110000010110
00111011000001110110011100111000
00000000011011100100101010000111
01001111111001010000100011110101
00000000001111010111011100000011
11101100000100011100000111001011
00000000001110110011011001011101
11111110011000010101001101111000
00000000010111101111001001000110
00000001011001011110011110100110
00000000011011000010111001000010
11000010000000010001101010000001
00000000001100110010110011100000
10100010001111111110111010001110
00000000010110010101010010011001
11001000011010010010011100101100
00000000000110001001110011111010
10010010011101001010000111111111
00000000011100011101011001110000
11011010110000000011110000010010
00000000011101000000010010010000
00000000000000000000000000000000
00000000010000100001010100100100
00000010111010010000101011010101
00000000000011011010001100111000
01000101101101000011101100110001
00000000000101000010001000001001
00110110000000011111101111011001
00000000001001110000101011010010
11110001010000011111011111001010
00000000010010011110000001110110
01101011000100101111110010101101
00000000000000110001110101101101
00000000000011011100110111000011
00000000010010011001001101000001
11011100110110001101011100111001
00000000000011010100110001011110
01111010010110110101110011011001
00000000010100011110110000010011
11001111011001000001111110100001
00000000010111100111110000011001
10010110010000011011000111110010
00000000011100010011010000001110
01011010100011001000101010011010
00000000011110101010101101001001
10101000101110111001110000101001
00110000111001101100101101010110
01100001101000001100100101001010
00000000000010000110000101100111
00001110001111100101001011011010
00000000011000101110110001100001
00010010010010101001001110111111
10110000111001101100101101010110
00000111011110011011111010101001
00000000001011101011111101001001
00110111011010000001011001101111
00000000000011001101000011101100
11110101000111000100001000000101
00000000010100100001110100111000
10001010101101110111011101101101
00000000001111001010001100010011
10000000100000001100101010000000
00000000000111110110011011001111
01110001101010111101101101000110
00000000010110111101100110010101
00001110110011001010001110110010
00000000011101100011001111001100
10111001000101010101110111001101
00000000001001011010011000110110
01010001000010110011110001101110
00000000011001111110011001011010
11101101110101110011001010000110
00000000001111111111111011000010
10111000011001011100110010100001
00000000000011110010111101101010
11101000000001001001100100011010
00000000010011100000111110010110
11010010001101000111100111101011
00000000001111100010101001000011
11100110110011001000011101001100
00000000000110011100011001111110
10010111111001000001001011110110
00000000010111111110000101100001
11111011000001010111111100010101
00000000001101011110011101001101
01010111101111010010111111011011
00000000001011001011100011011010
01000011101011110000100110101110
00000000000010000100110110000001
01011011001010100101110100101110
00000000000101011101100010011111
01010100100100111100011001110010
00000000011010101101001101101100
11010000010101100011111100010001
00000000011001111100100111000100
11100100101000001010011110100010
11000110100111110001011011101100
11111110010001111000010011011101
00000000010111001110011100011100
11010011010001011011100101011100
00000000011011111000001101100000
11010000001111100111001010001111
00000000011100000011101110100011
11000000110111111110110101011110
00000000011110001101010001101001
00111010111001101110000101001001
00000000010111111111111110000000
01100111011010001101101001111011
00000000010111111011010111011001
10000011100100110101011010001010
00000000001001111101100110010010
00100101101000001110000111101100
00000000001101011111011100110011
10000101100111111100001001000010
00000000010010111000101001100100
00000000001011110011011100000110
00000000010001000110001110001101
11110101000111000100001000000101
00000000001001000110011010101110
01100000111000010100011101101101
00000000000111111101110101100000
11110110010101011110010010010110
00000000010110010110001011100001
11111110110101111101110110111101
00000000010001110110111000100010
00100101110000110101100011100001
00000000010110000101011001010001
11101111101101100001001101000011
00000000011100011000000110101001
01001010001100100101000001001000
00000000000100110001011111010010
00110011010101011100111001101100
00000000001100001110101000010001
00111000101101001001110110011111
00000000010110010111110100011111
10001110000010100111000001100010
00001110110011001010001110110010
11011100000101011100011111011100
00000000001100010010101111000010
10011010110010001011110011101111
00000000011111010001110101000100
10111011001000011011001101000110
00000000000101001101001010100000
11001010000010111101001000110001
00000000000001100010111000011000
11110010010110110010010011001111
00010001110010101001001110111111
00000000000000111001100011000111
00000000010100100011111000101011
11001001111000010001001001001010
00000000011110100010011100010101
01100111001110111100010000011000
00000000010011111011111101110111
11000001010000111011001011100111
00000000011100001000000010111010
01111110011000010101001101110101
00000000001100110010000001010101
01001010010011001110011110100101
00000000001011101010011110001111
01101000011000000101111011110101
00000000011010101000101010010100
11101000110011001110110001001000
00000000001011101111000110110000
00111111111000100101000111011111
00000000011110100111111011011100
00110000101010001100110001111111
00000000011011100101001000010010
00101101110100011101111001011100
00000000010000011100101111011000
11100000110110010110100110110111
00000000001011011111100010000111
10001101000100111101011110011010
11110101000111000100001000000101
10101100011100000000101111100100
00000000010101001100000101001111
00111101000011110001010101100111
00000000000001001100010000110100
01100100111011101010000100001001
00000000011101111001000110111001
01111110111000010101001101110100
00000000000100111000000101001010
00010001001001001100011010001011
00000000000111001100110110011100
00101001010001010010100100001010
01111110111000010101001101110100
01111110011000010101001101110100
00000000000000011111111111101100
11000100100000011110010010001001
00000000011110001011001000100001
01001100111100011101001001000001
00000000010000010000000011111001
10011001010101010001000100001110
00000000000001111000010101101111
01010000010011100001001100110100
00000000001110101010011000110000
01100111011100111100010100101111
00000000000000110001110101101101
00000000000000000000000000000000
00000000000010011110001001100001
11000101011100101100010001001000
00000000001111011111000100000110
00000000011100000011101110100011
00000000011011011000010001110001
11100011111110011101010111110000
00000000001011011100101000100000
01101001101000111100011100111100
00000000010001100111010000000101
01100111111011101101011111100100
00000000011000001011110000001001
00011101011010101011011111001101
00000000011111010110111111000000
11101111110101101110000000111010
00000000011111111001101000111111
01100000100111011001010001010100
00000000001010100010011010001100
00010010010010101001001110111111
00000000011111111001101000111111
00111010010000001011101000011100
00000000001011010101010110101100
10111010111111000010111011100101
00000000011101001101110011010000
11101011001000010001001111101000
00000000010110101111111001111011
10011111100000000010001111000000
00000000011000011010101000100101
10000011110000111001001010010111
11111110011000010101001101111000
10010001110010101001001110111111
00000000001011001010011110010100
10101101111011110110100011000011
00000000011101000110110011000101
10011100101001110011100101010011
00000000011000100010101000111001
10111010111000101000011010100010
00000000011000001001101101110100
11100101001001101010001110011111
00000000000011100100110110110110
00110100010010000101100000001110
00000000001111000001101101011111
01111101010110101011000001000110
00001110110011001010001110110010
10011001010011000000000000101000
00000000000110110000111100110011
01110111110100010110110000000011
00000000011010101010110101111011
10011011000101000000000100010000
00000000011010110110100110011100
00010001110010101001001110111111
00000000000101011111010110001100
10000101100000011100101010010000
00000000001001000110001000001010
10001100010110011011101101100001
00000000011111111111010110110101
10001000000100111001001010010100
01111110011000010101001101111000
11100000100110011000110011000010
00000000001011011101001001011011
10111011111001011001001111110001
00000000010110010101111010101111
01001100001001011010010001101110
00000000001001001010011111011110
10111100100010000101101110111001
00000000000101111001110001101000
00011111001011101010000000111100
00000000011100000011101110100011
11000111001101111010100011110010
00000000001000000111111110011111
10101110101111000111111001000011
00000000001101110101010000111110
00001111000001010010000100001010
00000000001011111000000110000100
10101000111010001111011100001111
00000000000110010001001110101001
10000010100101101110011110111110
00000000000000000000000000000000
00000000000000000000000000000000
00000000010010011110111010101011
10001000010011010111001011100111
00000000001111011010111011000001
00010011110111000110001011001001
00000000000000000000000000000000
01111101111110100100101101011110
00000000001110001011010111101100
00000000011100001000000010111010
00000000010001001111000110111101
10111111100110010100100100011010
00000000001000011101001110011111
00101101000110100111110001101100
00000000000100101101110011010111
01010010000001110100101001010100
00000000011101110010001101100100
10011110111001110110110000100001
00000000011111101110101110101000
01111000011011111000111101100011
00000000010101111101100001000101
00001001111111110010011100011101
00000000011100101000010010111101
00011111001011100100010010111101
00000000000000000000000000000000
00010010111100110010101111111010
00000000011101100000001010100110
00010001011101001101000101001010
00000000001111111011000000000100
11011111010001011010110100110011
00000000000010111111001100111011
01111111011011101011000000111100
00000000011110011010100011011101
10011010101101000101100010111110
00000000000000010110100000010001
01100101000110001000100000011110
00000000011111111001001010100110
10010011000111010101101110010101
00000000010001110001010110101001
01001101001111100110010000111111
00000000001100000101000111101100
11111100000101111010011111010100
00000000011000011000111111011011
01110010101100010010100110011111
00000000010111111011110100100010
10010011001101011101100111110011
11110101000111000100001000000101
11110000111111000010000011101100
00000000001100100110101100010000
01110100101101111010001100010011
00000000000100001011111110110010
00111111101010001011011111100000
00000000011001000100011001111001
11100010100011010101111001101100
00000000010000110011010111000111
01111101111011110001100101110010
00000000000000111001100011000111
11111010110101100111101011111010
00000000011010111000011110100101
00110011101110000100010011011000
00000000000111110100101100110111
11011111110101101101111111111110
00000000001000101100011010110101
11010110010011010001011111110111
00000000001000100101001001101110
00000011101101111000010010011010
00000000010111100101001110001010
01011011111111110010101110110111
00000000001001111111110001011101
11010010110111001011001110001111
00000000011000011010010010011000
01010101011110011000011001010100
00000000011101010000100101110000
10010001110101010010101110000011
00000000010101111100000010001001
10100001000111100000110100111110
00000000000000100100110001101101
00011101001001100100111101111111
00000000010011100111001010110011
10001001100010011111001011101011
00000000001011111010100101110011
01010101010010010101101011011111
00000000000000000000000000000000
10111011000011010010110110101100
00000000010010001001000010000111
01011100111111011000100100001011
00000000011100110000100111111100
11111000111001101001100000011111
00000000011010000111110010110111
01100110110000110110110000111000
00000000010000000000110100000011
01010100000011100110100010100000
00000000001010111111000110000110
00101001001111101001101001110110
00000000001111110111100000010000
00010001110010101001001110111111
00000000010101110110000101110000
01011101110100000101001100000011
00000000011001010000011101010110
00010101001000010010101110101111
00000000000101100011111000111001
11001110101001010001001010111010
00000000010100011100010010011100
11010001100000110000011111101111
00000000010100010011111001010101
11111111011101010010011111101001
00000000010111001000101111110100
00000000000000000000000000000000
00000000010111100000001000110100
00000000000000000000000000000000
00000000001000011101000101001011
11000101101100111010001101010001
00000000011111001000000011011001
01100011100100000011001000111010
00000000010000001100001011101110
11111101010000000111110010010111
00000000010111001100110001110110
00011010100110010000010000011101
00000000000101001110001000010101
11111001110111010011111100011111
00000000001110100011100100000001
10110001010011001101000011011000
00000000001010101001001010011100
00010011100001110011100111100111
11000010000000010001101010000001
10010011000011111001111111000100
00000000010000101110100001000000
11101111010101101000101101101111
00000000011111001100001011111101
01010011111000001011101101001001
00000000001101011000010010001110
10010011101011001110100000010001
00000000000011001101010010101111
11110001001000101111100110110011
00000000000001010010001110110110
10010001000100010101011000101111
00000000011110110011100011100100
01100011001110111010001001010001
00000000011011011101011011110100
01101011011110011101001100011100
00000000011010011101110101101111
10000000001011110101010010000111
00000000010111001100000110001101
00011000111010011101000111100001
00000000000110100000111001010001
00100001001110000000100110110011
00000000001100000110100001010101
00100011110011010011101011000010
00000000000001011101111000100010
00100011001001010100000011010111
00000000010100101011001101011110
00100000101000111010111111111101
00000000001011110100010001101000
11010001100001011111101111001111
11111110011000010101001101111000
00011010111001101110100100001010
00000000000110111001010111010101
11011101010000100011110001100010
11010001100001011111101111001111
01100101001010101100010101101110
10000000000101100110000010000100
00111000001111110111100001010011
00000000001011001101011101110010
01001100000001110101100010001110
00000000011110111010101011101001
10011111000000100101001010111000
00000000000001100100011101001111
11101011101000001100110100111111
00000000000111111000111110010101
01100011100011111111011100111110
00000000000110010000000100010101
11110000110001111101111010001010
00000000010001101110111111001011
01111011111111100010010100110100
00000000010110011000000101111101
01011100110011011000100100110100
00000000001000110100101101100111
00101001101001110010110101101111
00000000001111011001101111110110
11101000110100100001111100100111
00000000010101010111100110111001
00000100101111101010000100101101
00000000010101110100000001001011
01000111110011110000100100101101
00000000001100111001101100110110
01111110011000010101001101110101
00010001110010101001001110111111
00111001001101010111000001100001
00000000000001110010001111101111
10001101011101011001101011010010
00000000001001011110000100010010
00000000001100011111011001011001
00000000000100010100111111100100
01111110011101101010111010001101
00000000010100010000011110111100
00110111010001011010010000110001
00000000000101100110000010000100
00100111010101001011100010001101
00000000000000100111100101011010
10000100001011110100000110010101
00000000000010100001100101110100
11100101101011001110010000100110
00000000001011001000110111011000
00000110100010010111101010111000
00000000011001010011011011010111
10001101111000101000011001010000
00000000001101000101010101000110
01110001011111010101100010101101
00000000001111001011100101011111
11100000000111101111110011111110
00000000001100010110001010000101
01010000100001100010110000111100
00000000001110001100000100111000
00000011100101001111001111100001
00000000010111001000010010111111
11101000111011011001001111000000
00000000001000010010000011101011
10100000101111111001100011010111
00000000001000011100011100110000
11000010110101011110111011110000
00000000000111110011100101001000
10010000111000111001000011011101
00000000000001101001010100010001
11000000100101101101100110101001
00000000001011010110111111101100
01111011010110010111000100110100
00000000001010111110111100101011
10011011000010101111101001011100
00000000011010100001010001010100
10101000110101110111111111101000
00000000001010111000001100001100
01010010101110100001001001111110
00000000000111010100100000011011
00010000111001100101001101010101
00000000001011011011011101001011
11000100111110011001001110111101
00000000010001111011000101010110
10011101100101010001101110100010
00000000010001011001010101001000
10010000110011100111110011011010
00000000010110001110101001111100
01101011011101100011101111010100
00000000011000011011011101011101
01101100110100011010110111011011
00000000000111011010100110001110
10000100011111000000101011111010
11000010000000010001101010000001
11000011001101101001100110110110
00000000000110010101110110000000
10010100001101010111010111011010
00000000011011001111100001000100
01101011100001011000011001101110
11111110011000010101001101111000
01000111000010001011011110010010
00000000001011101011100101100111
00101101001111001101000110101100
00000000011000010101010010001111
10100110111011110011100011011101
00000000001010001010010010110100
10011111100000000010001111000000
00000000001000011010110101000101
10001110111001000101001010010101
00000000001111111100001111000011
10000101010110001100100001011010
00000000011100000000010011100100
01110010011110011010000011101110
00000000010110111110011110101111
01000000010010101000110010100101
00000000011111111111111000110111
10011011111011110101110001011100
00000000011100100001011110100000
00111011000110000101011000101111
00000000010111001001101101000000
11101001000001100110110110100110
00000000010101000101011101111011
00011001001100110000101001101100
01111110011000010101001101111000
01111110011000010101001101111000
00000000001001100111100000110011
01001101000010000100011110110110
00000000011101100001110001100111
10010011000111101001111010111111
00000000010001111011101011101100
10110110111000011000100001100101
00000000001010011100011011011010
01100000011110100000100011000010
00000000000010000111111111101001
00000000000101001110001000010101
00000000000011101110010100011010
01000101010010101000110010100010
00000000000011100010001011010110
00100010110001110011011101101101
00000000011011000110101000100000
11111110011000010101001101110101
00000000011110000011101001001111
11111110100000011001111011010001
00000000010100010111001100101101
11100000111011111001000010000000
00000000011011101011001010101111
11000100100011101010000011011011
00000000010111100001010001011010
11000110100111110001011011101100
00000000011110100001111100101001
11111100111001011101101010100001
00000000011111111011111111011010
00111100111100000101010111011010
00000000010101111110101110111011
10100001100101010111011011010111
00000000001001011011100100010011
11001010000011111000101110101011
00000000010101011100011011111011
00111000110110110111111110100111
00000000011011100101010100111000
00001011100010010011000011000101
00000000010111111111000110000100
00011010110101001001110111110111
00000000010001111101010010001011
00100111010101000001100010111110
00000000010101110110010000011001
11100111000010011101011111110000
00000000001011100001011111000011
01001010011101000010100101000110
00000000011010011011000001101101
10111000010001010010011011011100
00000000010001101101110011110000
11010101001001111000100110101001
00000000011100010011011101111011
11000001100001001100111000111001
00000000010010101101111101110011
11011100001011000111011011010011
00000000011011110111101101100000
00001101011101011010010101101111
00000000011101011011110001101100
11111101010000110011011101101001
00000000001001010111110101000000
10101110110001010000010111111111
00000000001101111101010101111111
00111100011010110111111011000000
10001101000100111101011110011010
01000000000111110110011101011111
00000000001100100111000101100011
10011111001001100011101110111101
00000000000011011100110111000011
01010001101010101111111001100101
00000000011000001111000111010110
11111011110000010111100101111100
00000000010001110011010001001011
10101011110010001011111101011101
00000000001001001000011111101110
00100101001100101011111010111010
00000000011001110111010101111100
11110000001111101011010100101001
00000000000110001111010110010011
11000000111110011011100000101011
01111110011000010101001101111000
01011001110000010010110000111111
00000000001101101011010001100101
01110000011100000111111110110111
00000000011111010100110000100010
00110111000110011011000111000011
00000000001111011010010011101010
01001111101101101110001110011100
00000000001010101011110110010100
00000000000000000000000000000000
00000000000000101100110100111000
01010010010100001001010100100010
00000000001101111100110010011001
10100001111100001000001111001100
00000000011011011011101010000011
00101101000011001001010111100100
00000000001100101000110101000001
00101001110011011000101100101110
00000000010010010110011101110000
01010110010100111100001100010110
00000000010010111000100010100111
01100011101011111111111000011000
00000000010101011110011001101100
10101000110101011110000110110011
00000000001110101100010001100011
00011110101010011001101011111111
00010001110010101001001110111111
01101001100010000111100010100001
00000000011100000100000000111111
11111000111000000000100111111110
00000000000011011101011000000011
01010001001011100111000011111110
00000000010001000011000101000110
00000010000100010010101001011110
00000000000101100110000010000100
11111101110000011010100100100101
00000000010110111010011000100001
00000000001111000101001011011010
00000000001101011001011110011010
01011010001101111011000011010111
00000000010100100110001111100110
11000100010111111010101011111100
00000000001000011100111010000111
11100010001110011011111010011101
00000000001100011010111100100000
00101110001000000011100100100110
00000000001001000101011110000001
00000011110001111001111101111110
00000000001000000101111111000100
00000010000111011111010001000101
00000000010010110000110001000011
11100011100000001011000001000010
00000000010101011001000111111010
11011101001000010000010001111010
00000000000011111010000111011011
11000111011101111100101101011010
