01111111110000000000000000010011
01111111110000000000000000010011
01111111110000000000000000010011
00000001001110011000011111010011
00000001100100000000010011010011
11101110000000000010100110000111
00001001010010111000010111010011
00100110001100000010010000100111
00001000111011101000111011010011
00011001001100000010101000100111
00001001101100111000000101010011
10010000011100000010010000100111
00000000101001111000010001010011
00001000111100110000100111010011
00000000000110000000101101010011
00000001110010111000001101010011
00000001111111010000001011010011
00000000110000010000010101010011
00001001111110011000011011010011
00001001110010110000010011010011
00011101010000000010110110000111
00110010101000000010101000100111
01100100010000000010100010000111
00000000110000110000010111010011
00001001111111110000111001010011
10011010001000000010001000100111
00000000110110101000111011010011
01110010111000000010000000100111
00110110101100000010001000100111
11000010100100000010110000100111
00001000101000100000100011010011
01000111000000000010010000000111
11100111101100000010011000100111
01010011010000000010100110000111
10000000111100000010101000100111
01101010101000000010011000100111
11101000110000000010000010000111
11100010111100000010011000100111
01111101010000000010101000000111
00000001110001111000110001010011
11110100010000000010011100000111
11001000100000000010001110000111
10101001010000000010001010000111
00001001000110001000101001010011
00001001000000000010011100000111
00001001011000101000001001010011
00001000000010000000101101010011
00000001011001101000001011010011
00101101010100000010101000100111
00001000001000111000101011010011
00001001011010111000011111010011
00001000011101100000100001010011
00000001011111010000001011010011
00000000010110000000101111010011
00001000111110111000100011010011
00001000000110111000000111010011
00000001110000010000101101010011
10010101011100000010001000100111
00010010010000000010100000000111
00000001010100110000110111010011
10000010111100000010001000100111
00000001010111111000010001010011
00000001010000000000010001010011
10010101110000000010000000100111
00001001100011000000011101010011
00001001001001111000010101010011
01010000011100000010100000100111
00001000010111101000101011010011
10011011111000000010011000100111
00000001110000000010110010000111
10011101100000000010100000100111
00001001100110001000011011010011
00000001110100101000110011010011
00000001111101000000011001010011
11111111000000000010001100000111
00000001011100111000000101010011
00001000101001111000001101010011
00000001000001100000111011010011
00001001011100001000010001010011
00111100110000000010011000000111
00000000110110001000110011010011
00000001000110000000100111010011
00000001011111110000101111010011
01100000010100000010110000100111
00101101101000000010000000100111
00011100011100000010001000100111
00000001000111001000101101010011
10111111100000000010111100000111
00001001011111100000001101010011
00101111000100000010111000100111
10100101101100000010001000100111
10100001001000000010000000100111
11111010000000000010001000000111
10011100011000000010110000100111
11000001110000000010000110000111
00000000011100110000111101010011
00000000101000100000000011010011
01010111010000000010010000100111
00000000110000001000000111010011
00001000111001001000100111010011
00001000000100001000100101010011
00000001000100110000111111010011
00000000000010111000111001010011
00001001111001110000011011010011
00110100100000000010100110000111
00001001100000011000001111010011
00000001110100110000110011010011
00000000100000000010100010000111
11111101010000000010000000100111
00000000111011101000100111010011
00001001001000111000101011010011
00000001110010100000111101010011
11101011100000000010101000100111
00001001111001101000111001010011
00110001000000000010011110000111
00001000001001111000001001010011
00110100000000000010110010000111
00001000100011011000011001010011
00011000010000000010100010000111
00100011010000000010111110000111
10001100001000000010001000100111
10001111000000000010001110000111
10010000011100000010010000100111
01000000000000000010011110000111
11101011110000000010011100000111
01101110010000000010111010000111
00111100000000000010110100000111
00010010110100000010011000100111
00100000110000000010011010000111
00001001111101101000100001010011
00000001111101000000101001010011
00001001001110100000000101010011
00000001000000000010000110000111
10111010101100000010001000100111
00000001011100000000101101010011
00010111100000000010000000100111
00010110000100000010011000100111
00000001011011011000101101010011
00000000000110011000101001010011
00001001000101010000100001010011
00100111110000000010011000100111
00001000000011111000100001010011
00001000110001011000011111010011
01001010001100000010110000100111
11110110100000000010111000100111
10011111100000000010111000000111
10100110100100000010111000100111
00000001110010110000011011010011
00000001000111011000011001010011
10100010000000000010101110000111
11011101000000000010110100000111
01011011110000000010010100000111
00000001011100110000110111010011
00001000000101000000011101010011
00001001001111101000101001010011
00010111111000000010011000100111
00101000110000000010111000100111
00100000000000000010101100000111
00000000010000011000010111010011
00000001000110001000110111010011
11110110100000000010101010000111
00001000100000111000111101010011
00000000001111111000011011010011
00000000000110111000110101010011
01100011000000000010011100000111
11101010000000000010011000100111
00000001011111011000101011010011
10010100010000000010001100000111
01100111010000000010100100000111
00111100000000000010011100000111
10111101010000000010101110000111
00000000000010110000101101010011
00001000100001010000100101010011
00000000111110110000101001010011
11111000001000000010011000100111
00101101010000000010011110000111
11101111000000000010110000100111
00000001010111111000010111010011
00000001011011001000001101010011
00111000100100000010010000100111
00000000101011001000001001010011
00010101011000000010001000100111
00001000011101000000101111010011
00001000001111100000110101010011
00000000001110001000010101010011
00001000100111000000010101010011
00000000000111000000010101010011
01011001000100000010011000100111
00000000000101101000011001010011
00000001100100011000000111010011
01011111110000000010000000100111
00001000100011100000100001010011
00000001010110001000011101010011
00000000011111001000110111010011
10001000000000000010100010000111
00000000000011110000011111010011
11011110000000000010010000100111
00001001110000011000011111010011
00000111111000000010100000100111
01111110000000000010110010000111
00110000010000000010001010000111
10110000100100000010100000100111
11100110100000000010001100000111
00000000100101001000011111010011
00010111001100000010111000100111
00001000111000111000110101010011
00001001100110111000100001010011
00001001110101101000101011010011
11111110100000000010111110000111
00000000011000001000010111010011
10110111000000000010110000100111
00000000010001010000000011010011
00000000000110110000001101010011
00001000011001101000111011010011
01111101000100000010111000100111
00000000001010110000011111010011
10110101110000000010110010000111
00001000101111011000101111010011
00001000001111001000111111010011
01000101100000000010000100000111
00000010111000000010011000100111
00001000101101001000110111010011
00001001111101110000100111010011
00001000101010101000101111010011
00001001101011101000001111010011
00010001110000000010000110000111
00111110100000000010100100000111
01001101001100000010101000100111
00001001000011010000001101010011
00000000101010001000011011010011
10011001001000000010011000100111
01111000010000000010111000100111
00000101000000000010010110000111
00000000110110011000101011010011
00001001110010111000000111010011
10111000100100000010101000100111
10101111011000000010110000100111
00000000101001011000010001010011
00001001111111110000100011010011
00010001000000000010011110000111
11111011010000000010011100000111
01011100101000000010100000100111
01100001001100000010111000100111
00100011100000000010110010000111
00000000010011010000010101010011
00001000101010010000011101010011
00000000011000010000100001010011
00001001111101010000110011010011
00111111111000000010000000100111
00001000000011010000100011010011
00101011100000000010100010000111
00000000111000000000011011010011
00111100001100000010100000100111
00000001010001011000100001010011
00000000101100101000100101010011
10100011000000000010011000100111
11001111010000000010111010000111
10100101100000000010110110000111
00001000001010111000000011010011
01001001110000000010100100000111
00000001010011010000110001010011
10101111000000000010101010000111
00001000101110111000110101010011
00001001011111000000110001010011
01110010111000000010010000100111
11101001000000000010010000000111
10010101111000000010110000100111
00000001101010000000011011010011
11010101110100000010101000100111
00001000001001000000100011010011
00101100000000000010100000000111
00000001111100101000001111010011
00001000000000000010101110000111
00000001010101100000111111010011
10110011100000000010100000000111
00001001100101111000101111010011
00000001001101011000100111010011
00100111010000000010110010000111
11101111000000000010111000000111
11011001100000000010101010000111
00001000001110001000000011010011
01010111100000000010001100000111
00000001100101100000001101010011
00001001011000000000100111010011
00011001000000000010011010000111
10101011100100000010101000100111
00000000110100011000100111010011
00001001111101000000011101010011
11001111110100000010001000100111
00000001011100001000101001010011
01100110101000000010000000100111
00000000000100100000111101010011
00000000110001111000110111010011
01100110100000000010000000100111
00000001111110100000111101010011
01101110011000000010101000100111
00000001111111001000010101010011
11110111010000000010000110000111
00000001001010111000100011010011
00001000101101011000101001010011
00000001010111001000100101010011
10110001100000000010011010000111
00000001010111111000100101010011
00011001100000000010110000100111
00000000110100001000111011010011
11010010100000000010101010000111
00001000011011101000001011010011
00001000011111001000110001010011
00011110010000000010100000000111
00001000010001001000100001010011
10101100011100000010111000100111
00001000010110011000010001010011
00001001011111010000101111010011
00001001001001001000110001010011
00000001011111110000001001010011
00000001111100100000001001010011
00110001010000000010100000000111
00001000101001011000111111010011
00000001100011100000100001010011
11100000111000000010000000100111
00001001010101001000011101010011
01010001100100000010100000100111
00001001101010111000111001010011
11101100111000000010001000100111
11001110101100000010001000100111
00001000011111000000011101010011
11110111001100000010011000100111
00001001100100110000001001010011
01100011110100000010000000100111
01110001010000000010111000000111
11011010000000000010010000000111
00001000000001010000000011010011
00011100001000000010011000100111
00001000111101000000011011010011
00001000101001001000000011010011
10100100111100000010110000100111
00001001110000110000110011010011
01001010000000000010010000100111
00001000101000011000110011010011
00000000111111100000010111010011
01111001100100000010001000100111
10111010010000000010100000100111
11111001100000000010000100000111
00001001110000010000000111010011
00001001000011011000001001010011
00000001110000101000001001010011
00001000000110100000110111010011
11010100100000000010000100000111
00001000011010100000110111010011
00010010000000000010001010000111
11110100100100000010011000100111
10001001100100000010101000100111
11111100110000000010100100000111
10001101010000000010100010000111
00001000100110110000100111010011
01001110101000000010100000100111
00001000001011101000111111010011
00001000010011000000000111010011
00000001101011001000111011010011
00000001010100101000101101010011
00000000110010001000001011010011
00000000001011010000110001010011
00001000001111110000000011010011
00100011101000000010010000100111
00000000011001010000000101010011
10101010010000000010000110000111
00001000111110110000101001010011
00010001111100000010011000100111
00001001101000000000110011010011
11001110001100000010000000100111
01010111001000000010001000100111
00000000110100001000100111010011
00000001100111101000010101010011
00000001000011011000111001010011
00001000100000111000000101010011
10011001001100000010000000100111
11000110000000000010100110000111
10100001110000000010110010000111
11010110000000000010000110000111
10100100100000000010000010000111
00001000101000000000000111010011
00000001100011000000010001010011
00001000001001101000000101010011
00001001101100111000011111010011
00000000001001100000001101010011
00001001101011011000101101010011
10100100100000000010001010000111
11110100110000000010111000100111
01001110011100000010110000100111
00101001111000000010001000100111
11010001010000000010111000000111
10010000100000000010001000100111
11000000010000000010001000000111
10101111101100000010110000100111
01010011111000000010100000100111
00001001000000011000110001010011
00001001000101001000100001010011
00000000010001101000101011010011
00101001000000000010111110000111
00011110010000000010001010000111
00110001100000000010111000100111
00001000100000011000000011010011
00100010101100000010010000100111
01000011111100000010001000100111
00000000010000001000100101010011
11110001101100000010010000100111
00000001100101101000101001010011
11101101001100000010010000100111
01000101010000000010101010000111
00000001110011100000111101010011
11101111000000000010000000100111
00000000111010000000111111010011
10101000100000000010100000100111
00000000100000010000110111010011
00000000001000110000001111010011
00001001110011010000101111010011
00000000011001011000001101010011
00001001000100001000010111010011
01100111110000000010000000100111
11100000001000000010011000100111
00100000001000000010100000100111
11100011000100000010011000100111
00000001001110110000000111010011
01011111010000000010000100000111
10010001110000000010001100000111
00001001000111001000010001010011
00001001010110011000110111010011
00001001011000100000111001010011
11111000010000000010100000100111
00001001110111111000110101010011
00001001000001101000100101010011
00000001010010000000100001010011
11111001110000000010110100000111
00001001011101010000001001010011
01110110010000000010011110000111
00001001111000010000101111010011
11100000011000000010011000100111
00000000010000000010001110000111
11111101001100000010001000100111
11100011110000000010100100000111
00000000000010110000110101010011
00001001001011111000100111010011
00000001010101000000100101010011
00001000010010101000111001010011
00000010010000000010101100000111
00001001100100010000011011010011
11001000000000000010000010000111
00001001101010110000110011010011
00000000100001110000011111010011
00001001111010010000110001010011
00001000111000000000101101010011
00001000111000010000101101010011
00001001100011001000100101010011
10101000010100000010101000100111
00110011101100000010010000100111
11110010110100000010000000100111
00000000101110101000100011010011
10000000110000000010111100000111
00000001001111111000000111010011
00000001100010111000100101010011
00001001001100100000001001010011
10011111000000000010110000000111
00001000101110010000010111010011
01100000110000000010001000000111
11011010000000000010101110000111
00000000100001000000101011010011
00000000010000001000101001010011
00000000000101100000011011010011
00001000110000000010001000100111
00000001100010101000010101010011
11101011001000000010101000100111
00000001001100011000011011010011
00001001011100101000001111010011
00001000100010110000110001010011
00110111110000000010001100000111
00000000000011100000100011010011
01111010011100000010101000100111
00000000110010110000101011010011
00001001101110001000111111010011
00000001011011010000010011010011
11110110100000000010011010000111
11100001110000000010001010000111
10001011111000000010001000100111
00000001110000000010000100000111
00000001100101010000011011010011
11110110101100000010010000100111
00001000001011001000101101010011
00001000001011011000101111010011
00011001010000000010000000100111
01000010110000000010110000100111
01011111100000000010001110000111
11010111111100000010110000100111
00000001100110011000010001010011
11110101100000000010100000000111
10001111111000000010001000100111
01001111101100000010111000100111
11111000000000000010010110000111
00111010010000000010110000100111
00101101101100000010011000100111
01011001000000000010110110000111
11010111100000000010010000000111
00001001110001111000011111010011
00001001010101101000010111010011
00001000100001001000111001010011
00001001000101111000110111010011
00000001110100111000000101010011
01010000110000000010011000000111
00001000011000011000010011010011
00011110000000000010011000100111
10110010010100000010010000100111
00000001000000000010101010000111
00000000000011101000111011010011
00001001100100111000101101010011
00000000101101011000100011010011
00001000110010011000000111010011
00000000010001100000010111010011
00001001111100001000011111010011
10101001110100000010010000100111
00000111110000000010101000000111
11010110111000000010100000100111
00000110011000000010000000100111
00001001101010100000011111010011
00001000010010101000110101010011
00001000010101000000110001010011
00001000110110011000011001010011
01000000011100000010011000100111
00001000011111001000001101010011
10101011110000000010111110000111
10111101110000000010001000000111
00001000000111001000100001010011
00001000001111111000000101010011
00000001110010001000001001010011
11011000111100000010011000100111
00000000110011000000100001010011
10011000110000000010110010000111
11000110101000000010110000100111
00000001001110011000111111010011
01000110111000000010011000100111
00001000110110111000000111010011
00001001000100010000101111010011
00001001110000110000101001010011
00000000100000000010110000100111
10010000100100000010101000100111
00001000100011010000011101010011
00001001000110010000001001010011
00000001010110100000111101010011
00001000010001011000000111010011
00000001001100000000110111010011
01011101001000000010001000100111
00001000111011101000101111010011
00001001010000000010011000100111
00001000001011010000010111010011
00000001001110110000111111010011
01110001111000000010001000100111
00001001101011000000101101010011
11011010100000000010101110000111
01110101111100000010000000100111
01000111000000000010100110000111
00000001100000111000100111010011
01111110100100000010010000100111
00000000010110101000101111010011
11011011100000000010000010000111
01001101110100000010000000100111
10001100110100000010001000100111
11010110111100000010101000100111
01001101000000000010110000000111
00001001100111011000011001010011
00011100100100000010101000100111
00001001011001110000111011010011
00101001101000000010111000100111
00000001111101010000101001010011
00000000100010101000010111010011
00000001111001010000010001010011
00001000000011000000110101010011
00000001011110011000101001010011
00001000100001000000111011010011
01010110000000000010010010000111
00001000010101110000011111010011
00000000111001101000010111010011
00001001100111111000110101010011
00001000100111111000000111010011
00000000101011101000011111010011
00000001100010100000101111010011
00000000000001001000100111010011
00000001100110010000010001010011
11101101000000000010100110000111
00001000011100101000110111010011
10111000101000000010100000100111
00001001011100111000001111010011
00001001110101010000110011010011
00001001110100110000111101010011
00000001111100010000111111010011
00001000000101000000101101010011
00001000000101100000111011010011
00011110000000000010111100000111
00000001001111100000010011010011
00111001101000000010100000100111
11000110110000000010111110000111
00110101110000000010001000000111
00000000010111110000010001010011
00101001110000000010101110000111
11011001010100000010110000100111
00001001100111110000110011010011
00001000011000011000000111010011
01100100000000000010010100000111
00001000110000001000010101010011
00001001000000000010000110000111
00000000101111010000000101010011
00000001001011010000110111010011
00000110000100000010101000100111
00001001110011001000111111010011
00000111000000000010010000000111
10100110110000000010111110000111
00000001000000011000111101010011
00000000001000001000111111010011
00010101100000000010111000100111
01010011111100000010010000100111
00001000100010101000010011010011
11111011100000000010000010000111
11011000000000000010101110000111
00001000111001100000001001010011
00000000010100111000010011010011
10110011010000000010000100000111
00001001101001010000111111010011
01011101110100000010011000100111
11101100110000000010110000000111
00111111010000000010111110000111
00111011000000000010111100000111
00000000000000001000010001010011
11101011101000000010001000100111
00001001000111101000011111010011
00000000001011011000010111010011
00001000101111011000001001010011
00000001000010101000100001010011
00111100010000000010001000000111
00001000010001011000010011010011
01011111100100000010100000100111
01111101110000000010110100000111
01110000001000000010111000100111
00001001100101001000111001010011
10001111011000000010101000100111
00000000101111110000010101010011
00011010111100000010001000100111
01011110110000000010110000000111
00001001011110101000110101010011
00000001100110110000110111010011
00000000001110100000100001010011
00000000111100111000011101010011
00001001101110111000101111010011
00111101100000000010110110000111
00101100010000000010000110000111
00111010000000000010101100000111
11100101100000000010011010000111
00001001001111111000111011010011
10110111000000000010100100000111
00001001110100110000111011010011
00000000010011001000001011010011
00000001101111011000010111010011
11111000101100000010000000100111
00001001010100000000001111010011
10110010010000000010111100000111
00000000001001110000100101010011
11101011100000000010111110000111
10010111010100000010001000100111
01001000010000000010111010000111
00001001001110000000001101010011
00001000100011111000010011010011
00000001000111101000001001010011
10100111000000000010110110000111
00100000111000000010110000100111
00000000011100011000111111010011
00001001100000111000011101010011
01011111000000000010001000000111
00000001100001001000110011010011
00001000001000001000001011010011
00000001101000111000011011010011
00000000001001000000101011010011
01010011000000000010111100000111
00001001011101011000111101010011
00110100110100000010110000100111
11100011010000000010101010000111
00000000111101100000111011010011
00000000100101111000011001010011
10111111110000000010110100000111
11000111000000000010101000000111
00001001100111100000000111010011
11011110000000000010000100000111
01011001100000000010000110000111
11001011000100000010100000100111
00000000000010001000100111010011
00001001000010101000000011010011
00000000100110111000010001010011
01010101101000000010001000100111
10011110000000000010100010000111
00000100011100000010000000100111
00000010101100000010010000100111
11101001001000000010110000100111
00000000100001100000000011010011
11110011010100000010000000100111
00000001101011100000100001010011
00001000000001101000101101010011
00000001000100010000011011010011
00000001001010010000110011010011
10110011000000000010101100000111
00000001110000100000011111010011
00000001101011001000010111010011
00001000010011011000101101010011
10010010100000000010011100000111
00000001101100011000001101010011
11011101100000000010000010000111
00101100001000000010110000100111
00001111010100000010001000100111
00001001101110001000110011010011
00001010010000000010011100000111
00001001000101000000011111010011
00001000000110000000001111010011
00000000101010101000000101010011
00000001100001100000111111010011
00001001011111001000100011010011
00000001100010111000000111010011
00001000010001111000011001010011
00000000010011011000010111010011
00000000010101010000111111010011
00000000110110111000111001010011
00000000101100101000010111010011
00001000101100110000011101010011
01011110010000000010110010000111
11110100010000000010111010000111
10111010000000000010110110000111
00001000100001110000000111010011
01110010000000000010110010000111
10000110010000000010010110000111
00000001010100101000011011010011
00000000101000111000110111010011
10110110011000000010100000100111
00001000111000001000101011010011
11100001111100000010000000100111
00001000001101000000000101010011
10011101010000000010111100000111
01001100110100000010101000100111
01111011111100000010011000100111
11111000001000000010000000100111
00000001101111100000000111010011
11000000110000000010111000000111
00001010101100000010111000100111
00000001110100010000100101010011
10010110100000000010000010000111
00001101010000000010001000000111
10100000000000000010010110000111
00000001010010001000111011010011
00000000011001011000100011010011
00101101001100000010011000100111
11110010000000000010000010000111
00000000000100110000111101010011
00000001010000100000111101010011
00010001000000000010011100000111
10010101001000000010100000100111
00001001101100100000001011010011
00111011010000000010010110000111
00100110010000000010000100000111
00000001001101101000100001010011
01000110100000000010010000000111
01010000100000000010001010000111
00000001100001111000101101010011
00001001101101110000100101010011
11010111101100000010000000100111
00001001111101101000110011010011
00000000101111100000110111010011
00000001000110001000000011010011
00110000010000000010000110000111
11000111110000000010100100000111
00000000000101000000110111010011
00001001010001110000011101010011
10001101110000000010000110000111
11100100100000000010010100000111
00000001110010110000001101010011
00000000011111001000011011010011
00001001011110011000010111010011
01111110110000000010000100000111
00000001100001010000010111010011
10110011010000000010001000100111
00001001100001000000011011010011
10000010000000000010101000100111
00001000101101100000011011010011
00000001101100010000011011010011
11001101000000000010011100000111
00110001110000000010001000000111
00001001111110101000100111010011
00001000110110011000101011010011
00001000010100111000001011010011
10100111010000000010111000000111
10101000001100000010011000100111
00101010000000000010111010000111
00001001011111100000010011010011
10101101101100000010101000100111
00000000001011110000110111010011
11010001001100000010011000100111
00000000001010000000111001010011
11101101000000000010110000100111
10011000101100000010011000100111
00000000000010001000001001010011
10001101010100000010010000100111
00001001101101010000111001010011
10110101100000000010110010000111
01100101100000000010010010000111
01111011111100000010101000100111
00001000100101101000010001010011
00001001001001010000010101010011
00001000100011010000011011010011
01111001110000000010100000000111
00001001010100001000010001010011
00001001011110010000001111010011
00001000111010110000001101010011
00000001101001010000000011010011
00001000010000000000011101010011
00001001001000110000111101010011
00000001000010101000001101010011
11100000010000000010111100000111
11011001111100000010101000100111
00000000000111110000010011010011
00110101101100000010000000100111
00001000111011110000011101010011
00001000010000111000110101010011
00000000101011100000110001010011
00000001101011011000001101010011
00000001001101101000101111010011
00001000101010111000001101010011
10110010110000000010110000000111
11010100110000000010101010000111
00001001111011100000010111010011
00000000101111100000111001010011
00001000010001010000010101010011
00000000110011110000001101010011
00001000110000010000001111010011
01111011111100000010001000100111
00000000001111111000100111010011
00000001011110001000000101010011
00001000101010110000011001010011
00000001110100111000001001010011
00000000110011100000000101010011
00001001011110001000001011010011
01100011110000000010110110000111
01001010001100000010110000100111
00001000000010111000110101010011
00000001001000100000001001010011
00000001001011010000010101010011
00000000111010011000001011010011
00001000000001110000000101010011
00000000101111111000100111010011
00001000001110100000011111010011
00000000100111000000001011010011
11010101001000000010000000100111
11100010110000000010111100000111
00001000010001101000000011010011
00011001110100000010000000100111
01111011110000000010010010000111
10101000100000000010010000000111
10100000110000000010001010000111
11101110110000000010110110000111
00001000110101011000110111010011
10110100010000000010011100000111
00000000110111011000111111010011
10111101101100000010110000100111
00000001100000001000111001010011
01000100001100000010010000100111
00111011010100000010101000100111
00010001110000000010001010000111
01111000000000000010010110000111
10000110010000000010110000100111
01101001000000000010101000100111
00110100100100000010111000100111
00001000000001010000010001010011
11101011101100000010000000100111
00000001011010111000100101010011
01000110100100000010110000100111
00001001110011110000011101010011
00001001010001011000000101010011
11111010111100000010110000100111
00001001110011000000100111010011
01011111010000000010001000100111
01101011100100000010001000100111
00100010000000000010111000100111
01100010010000000010001010000111
00000000000011011000000111010011
11001000011100000010011000100111
11010001010000000010011000000111
00000000000111000000000101010011
00001000111011001000111001010011
00001000001011010000111001010011
00101100111000000010010000100111
00001000010011110000001011010011
10110000110000000010000110000111
10001100010000000010011110000111
10100110111100000010001000100111
00000000000011010000111111010011
00001001100111110000011111010011
10111100001000000010100000100111
00001001011101101000111011010011
00011111000000000010010000100111
00001001100000101000101111010011
00000001000011111000000111010011
01110101100100000010111000100111
00000001101111000000011011010011
00001000100111001000011011010011
01111111001000000010010000100111
00000000001011100000001101010011
11011110100000000010010000100111
01111000011000000010011000100111
11010000000100000010000000100111
11001010100100000010110000100111
00000001100100000000010001010011
00000110100000000010000000100111
01011001110000000010101100000111
00001001011000111000100111010011
00111000010000000010001000100111
11110001000000000010111000100111
11011101111100000010100000100111
11111100110000000010110010000111
00000001000100110000111111010011
00000001011000000010001000100111
00010101000000000010001000100111
00000100110000000010010100000111
00010010110000000010110100000111
11001001000100000010001000100111
10001001000000000010111010000111
00001001000111111000110111010011
00000000011010000000111111010011
00000001011110101000011011010011
00000001000000000010111010000111
11101110000000000010110000000111
00000000010011101000100001010011
11101000001000000010110000100111
00000000000000000000100101010011
00000000011101111000101111010011
10001110100000000010001110000111
00001001110100110000001111010011
10001100011100000010010000100111
00001000010101100000101011010011
00001000100000101000101101010011
00001001101010111000010101010011
00000001110101011000100001010011
00001001111111011000110011010011
00101111010000000010111010000111
00001000011110100000011111010011
00000000100111111000001101010011
11101100001100000010111000100111
00000001100000010000011001010011
00000000001101000000100111010011
00000000100010110000110011010011
01011001100000000010000010000111
01111011010000000010110100000111
00000110100000000010101000100111
00001000111101011000101011010011
00000000111000011000001111010011
11000010110000000010110110000111
00000000001001001000000111010011
00100101110100000010110000100111
00001000010011011000111111010011
00001001011001000000110001010011
00000000111011110000001011010011
00001001010011000000111001010011
00000000001000001000111111010011
00000001100100000000010101010011
11100010010000000010101100000111
00000001010101110000110001010011
00000001001010111000001111010011
00001000011101000000100101010011
00001000011100111000100101010011
10011011100000000010110110000111
00011111011100000010110000100111
00000001010110001000001011010011
00001001100100100000011011010011
11111110010000000010110010000111
00111000110000000010101100000111
00000000011100100000011111010011
00000000010101000000000011010011
00000000010110001000000011010011
00001000100010001000100101010011
11000111010000000010100000000111
00000000100101110000101101010011
01010111001000000010010000100111
01110110101100000010100000100111
00000000111001000000101101010011
11100001011000000010111000100111
00001001110100001000110101010011
00011011010000000010000000100111
00110100110000000010110000100111
00001001011011000000000101010011
11001001100000000010000000100111
10001100111000000010111000100111
10111111100000000010111000000111
00000001000101011000111101010011
00000001001010100000011111010011
00001001000110101000101011010011
10010101111000000010111000100111
00001001011010000000001001010011
00001001000010110000011011010011
11101111011100000010111000100111
00001001101101101000101001010011
00000001100110110000110101010011
00001000001111100000001111010011
00100000111100000010011000100111
01101010001000000010110000100111
00001001001101100000000111010011
00000000000001011000000101010011
00001001001101011000010011010011
00001001010001101000111011010011
00001000110000001000100111010011
00001011100000000010000110000111
00001001101010101000010101010011
11010110010000000010110100000111
01110010110000000010101100000111
00101011001100000010101000100111
11000000110000000010110100000111
00000000011101111000111011010011
00001001010101110000011101010011
10001110000000000010000000100111
00101101101000000010110000100111
00011101000000000010101110000111
00000000100001000000111101010011
00000000101001000000110101010011
00001001010001011000001111010011
00001000010111000000101001010011
00000000000000000000000001110011
00000000000101101101010101011110
00100010110110011100011010100111
00000000000000000000000000000000
01000010000001010101111010011100
00000000000010000001110110101000
11110011011110000111001010010011
00000000000000000000000000000000
11100110000000001001101110011111
00000000011100110010010110101101
00010000011001001001111101010010
00000000000000000000000000000000
00100100010011110101001101000001
00000000010000111111100010011110
00011111110000011010110010010101
00000000000001111101100100000011
01100001000110101000000011010000
00000000001011101100001110110011
01101101000110011011010111101010
00000000000000100010100001000011
01101010100100111001010100111111
00000000000100111111100111111110
00101100110100001011101110111011
00000000001110011110010101111111
01110011110001100001110111101110
00000000010010011100011001010100
01100011000111100110100101101011
00000000011011101111011001010011
11101011101110010111000110010111
00000000000111010010001101100001
00000101110100011011001111111100
00000000001011010001110111111111
10001010010001000011011100000001
00000000010100000010001100010110
01011001011111011101001010100011
11000111101110011001010010010011
01001011001000100011110101110001
00000000001110000100110100011100
11011011100010111111101010111100
00000000000101101101010101011110
00011101000010011111000111101111
00000000011110101000100001000000
01101011101101111011010110111100
00000000010001111000001111110000
01110100100101110010001000010111
00000000000010010011111111000110
01011110000010011110110000111101
01010011100110001111110001100001
01100101101010111111000000000000
00000000010111010101101101110001
01100010100010101010000101101000
00000000001111101001001110110100
11100100111011000110100101100010
11101011101110010111000110010111
00000000000000000000000000000000
00000000000101101101010101011110
10010111110000111000101110101011
00000000011101000010011100101110
10010000001010110001101000001000
01000110011100011101000101111000
00010001110000101001011001010010
00000000001111111001101100010100
00101001101000010110000010100000
11101101110010011111011100010111
10010000001010110001101000001000
00000000011011010100010001111110
10001101011110011110111111000110
11001000001110011001010010010011
01111010000101001111001000101110
00000000001111111100100011100000
01011110110010000010101101111011
00000000000110011010010110011000
01000011110110101010001000010111
00000000011010101011111111010110
01000110010110111111111110110000
00000000001011001010000110001011
01100101000000111011100100100001
00000000001000101000011000101101
00000000000000000000000000000000
11111010011101001111110001111010
00101000011010101111001001001000
00000000011001000110011101111001
01101011101110010111000110010111
00000000000000000001111001010111
11111010011101001111110001111010
01000100000100010100000110110110
11000011010010010100010110010011
00100010101111001111101001100011
01111110010101111001101101110101
00000000000001001001000011110001
01000010000011000010110000110001
00000000011101001100000000001100
00000111001011011010001011010111
00000000001101101001100101100010
11111110011010000110010001110000
00000000010000110111110110111110
10110110011111000010110110111111
11111011011101001000000101110101
01011101111100101110100011101001
00000000010101100010011000111100
00100101000111010001011100000101
00000000010100011001001111010111
10100110000101011001110110010100
00000000000000000000000000000000
00110001000111111011111010111000
00000000000000000000000000000000
10100101111110000110011101000111
00000000010110000000010001101110
00010000110100001010110111001000
00000000001100010001011101001000
00100111111011111100010110111010
00000000000000100110011100010111
11110000000000001001111010110101
00000000001011100010100000111101
00000000000000000000000000000000
00000000011011000000100010001110
01111010011101001111110001111010
00000000011000010100101110111110
11011000000110111110101110010011
00000000001011111001101000011000
10110110100001101000100001100010
00000000000101011101110111001011
01010011100110001111110001100001
00000000011000010011011011000011
10011110110011011111000001010010
00000000001010000000001000001010
00000000000000000000000000000000
00000000011101110011111111101001
10000110001000100010010011111111
00000000000010011100101111001000
01101101010110010100000010001000
00000000000110010000010100100001
11000010000101100111010111011000
00000000011111000001000011000000
00011110111101011010110001111110
00000000001110000110011100000101
11110101010010001011101110101000
01010110011110001110011010000110
01010001011100110001000010001011
00000000011011111101101101010001
01011111011001110101011101010111
00000000001001001011111111010001
11001011110111010101001100101000
01111010011101001111110001111010
01101010100000100110110100110000
00000000001101000010010000011001
01011000001001000000010110100011
00000000011010000110110101000001
10101100110000111011111111011001
00000000011100101000110011000111
10000111111101111000010100110110
01010011100110001111110001100001
00000101010110110110000000001011
00000000010111101100110000011000
01000100000100010100000110110110
00000000000101101101010101001010
00111100001000111110010101011010
00000000000000000000000000000000
01000110101011111101101110111100
00000000011011000011010000101100
11000111101110011001010010010011
00000000011111000010010011101010
11101101110010011111011100010111
00000000000011100010001101111110
00010011101111000100110011000101
00000000010111001011100011101100
00110011010001110100001011010101
00000000000001101011011011000101
10111111000111011011011000010100
00000000001111011101010110110101
11001111110011101001111011011100
00000000001111011010111101100010
00010011101110000011010011001110
00000000011011101011011000001010
01101110100110001010001000010110
00000000010100001011010101000011
00001100001010000011010010010011
00000000001011000110101010100101
11001111110001100010010100001100
01011010110100101001100100010111
10001011111101110101111111010110
10100010101111001111101001011000
10010101111101000101011000011001
00000000001001111000100011101001
01101000010000011011010101000011
00000000011000111110010001111101
01000111101110011001010010010011
00000000000100101001011100010000
10100010101111001111101001100011
00000000010011011100010010011111
10010100001100010010100000000011
00000000001010000101001001100010
01010010111001001101100010000010
00000000010010100101100011111001
00000000000000000000000000000000
00000000010001111100101011000010
01110100111010010011011000110011
00000000000111011001010111000010
01111001000111000010001000001110
00011100110100000000001101100100
00000000000000101110101000010110
00000000000101000001001000000100
10101000101010010101010010001000
00000000001101110001011001010101
11001011110000100011000111100110
00000000001100011001010010000011
10001100100111101001110101111111
00000000001101000100111010111111
00100110110011001100000011010000
00000000010001010100010010010011
00101011001010111100011000010110
00000000001001100100100000001110
01101001010000000110000101100000
00000000000010001100010000011101
01110011011110111000001011111001
00000000000101010110011111110110
00010111011111101010011100001111
00000000010110001011010100101111
01000100000100010100000110110110
00000000011001111101100000000000
01111010011101001111110001111010
00000000011110011000101000011100
10001000101011110100111001111100
00000000010001010000100110100100
10000111011110001110110010110101
00000000000100101100011010110001
01010011100110001111110001100001
00000000000000000000000000000000
11001010101100110001010010111000
00000000000001001010000011101011
10001010011100100100110010001010
00000000000000000000000000000000
01111010011001110110011011101100
00000000000101101000101110100110
00100010101111001111101001100011
00000000010001100101111101110001
10110011101101010111010001100111
00000000001000000101101010101000
01111011011001011011010000010110
00000000001101101011000000111010
01000001100100001101100011010111
00000000010011000001111101110101
01101011101110010111000110010111
00000000010000110001111000110000
11111011011101001000000101110101
00000000011111001101010000100100
01110010000111001001010111011001
00000000010101000110100110001010
01010011101101101100000000110110
00000000010001101101010001011011
10001100111111111111110011010010
00000000011111100010110111000000
01001111101110110010101000001011
00000000011101010000101010111000
01100110100011110010000011011101
00000000011000101001001000001010
00001100010110111110011010000000
00000000001000000101101001010111
11000010010000101011101110001000
00000000001000110100111010111010
01001011111010001111010100111010
00000000000010110001101000010000
10111111111100110110000111110011
00000000000011010110010001000101
10110100100101111101001010011111
00000000011110110000100000011111
10001110001111110011010101111111
00000000010000111101101011001100
00000000000000000000000000000000
00000000000011110111100110111001
10010101111010101001011101010011
00000000000101000110101100101100
01111110011110010001100100111111
00000000011101000011100001011000
01100111111001000001101010011100
00000000000010001100011111001111
00110110110110101011101100011100
00000000001100001010100000101101
11101011101001011010101110100111
00000000001001110011111000011111
01010100110011001110110010110101
00000000001000001000100101011011
00011100110100000000001101100100
00000000010101010111011110000010
01010011100110001111110001100001
00000000001001111010111111100000
11101011101110010110011011011000
01000100000100010100000110110110
01111010011101001111110001111010
11101011101110010111000110010111
00000111111010100000011110000100
00000000001101100011101011001001
00010101101011110010101101100011
00000000010111100100010110110001
00011100111011101001011100111101
00000000010011110101111010111001
10100111001101111001100100100111
00000000010010010110000001000110
01010100000110001111110001100000
00000000011111010000111110111101
00000000011010001110000100110110
00000000011100110110010011110011
01000011101000001001110000100100
00000000011000110010100100010000
00000110011111010101110011000100
00000000011010000010110111001010
10011001011011010000001101011100
00000000011101100010101110110011
10101011100001011010001110011110
00000000001010011111110100000001
00000000000001101011011011000101
00000111011101000100010101001110
00001010000011001101110011111001
00000000001000110111111110100110
10011110101101010111001000001100
00000000011000110100001001110010
00101000010000100101001111111000
00000000010110110100000101101100
01101011101110010111000110010111
00000000011011110111110101110110
00010011000100100001000010110011
01100101101010111111000000000000
01001111000010010011010110100001
00000000010011100001001111011010
00011011100010011001011000010001
00000000010000010111011110101011
01010001011111110011111001111101
00000000010101110100000000011100
10001101110100000000010000011100
00000000000100100110111011100010
11111101111111100100011001110010
00000000011010001001100011000000
00010100010000101111000011000011
00000000001011101010100111111101
00000000001001111010111111100000
00000000010100101001011110101100
11101101010010011111011100010111
00000000000111000001100010000000
10111000001110000101101010001010
00000000011000110100001001110010
00010101100110110110101001011111
00000000011110011011101001000000
11100101101010111111011010000110
00000000011111100100101101110101
01101001111111000011001011101000
00000000001001011111010001110100
11000111101110011001010010010011
00100011001111001111101001100011
01101011101001011010101110100111
00000000011001011001011111101010
10111001101101100101101110100001
00000000010011001110100101000010
10110011001111111111010000110010
00100011001111001111101001100011
00011001101110110001100110001000
11101011101110010111110001010110
00100010101111001111101001100011
00000000010000111000111000001101
10110111111000110000000011001000
00000000011110011101011001011110
11011100010111110000001010101111
00000000011110101111100111110000
01010001110011010110001010001101
00000000001011100110010000100000
10110010111100001100101000010001
00000000010011100100001110110110
00110000101000011110101011110010
00000000000000001101100010011110
01101000111010111101110010111000
00000000001001001001101100000111
01100101101010111110111111111101
00000000010011000001111010001000
00110000110010111000011111100111
00000000001110000011111110000101
11110000100110110001001111001111
00000000010100001001101111111100
01100101101010111110111111111101
00000000000110111011010111101000
10001010010000011001111101000100
00000000000111011101111001100010
00101010111101011011000101110110
00000000000110111010111111010000
11101011101110010111110001010110
00000000011100110100000010001100
11010100011101111100000000011111
00000000001111111100100011100000
00000101110011111111010110100110
00000000011111110110001100001111
10001010000001101101111100000001
11101011101100110110111010001100
01010100100101010110111000110010
00000000000011000110001001000100
00010011000110110111000100001111
00000000001111101001001110110100
10111111010001010001010010000000
00000000000000101001000100011101
01001110101000110010101011110110
00000000010010110001101011101011
10001110001101000010110011100011
00000000010101100101000111001010
11111011011101001000000101110101
00000000001110001011000100100010
01101011101101110100000101101101
00000000001101010110010111001011
01000101011001000110111000101111
00000000010110011010100010110110
01101101010011000110010111100100
00000000010111101010111001101010
00110001110111111000111100111000
00000000001010011110100110011101
10000101101001011000011111001111
00000000010000010111111101100011
11101111110110101100101100111011
00000000001010110000010100110010
00001111000000000101010100110110
00000000010001010011010001011110
01101100010111101001111001001000
00000000000010100110111101010101
01001010000100000100100010110110
00000000010100010110100010001000
01101011101110010111000110010111
00000000010011001011010101100101
11111011011101001000000101110101
11000111110101111100111011000010
11111011110111011101100101001111
00000000000000000000000000000000
00010100010000000111000100011011
10000000111000110010000110101110
01001101111100111101101111111011
00000000000100111010000100111011
11100111100100000100111111111011
00001101110100000000010000011100
11101011101001011010101110100111
00000000000010101000000110001001
01101101100111101000011010000011
00000000011001110001000110001011
11101011101110010111000110010111
01100101101010111110111111111101
10000000001111101001001110110100
00000000000001100000011101111110
01000000111111101111010110110101
00000000011101011001000110110011
00111110101110101011101010101010
00000000011111110101101001110000
00000000011000100111010101100110
11101011101111110111010010100010
00011000011101000100010110000110
00000000001110011001100110100100
10100010101111001111101001100011
00000000011111001001100000100100
01100101011001100111101001010101
00000000011100010101000011100101
00111111110010111101111100011110
10011000101101101000111011111101
00000000000000101001000100011101
00000000011100000100100001001010
10010001101011100111100110100100
00000000001100111111111111001100
10100100110100001010011010110000
00000000010011111110100110101111
11011101110110000011110011010101
00000000011000110111001111010101
10011010100010101101111001011111
00000000000110110110100111010010
00100000110000011110110011101101
00000000000000000000000000000000
10011010110100111000010000100101
00000000000000111111100110110101
01101100011000010101011101111001
00100010101111001111101001100011
10110001010100000010101101000001
00000000000001001110111011001010
11101101110010011111011100010111
01001111100010111000010011110000
10110110111110100010010011111110
00000000000000101100000001011010
11000000110011011111010100001110
01111010011101001111110001111010
01101011101110010111000110010111
00000000010110111011000110111111
01100001000101111001100011011000
01111010011101001111110001111010
00000000011000101001001000001010
00000000010011110101010010101010
10101010010011010101101001000010
00000000010110000101100010010010
00001110011011101011110101101000
00000000001101011111101101101011
01100101110001100001110110001010
00000000001111010101111101010011
10101111110011000111111111011110
00000000010001100111010000101010
00011100110100000000001101100100
00000000000101000111000101101010
00000000000000000000000000000000
11101011101001011010101110100111
11011110000000110101100011111100
00000000000010110011001110010010
11001110001110011100101101110101
00000000011010101011011001000111
01001011111001111000111010010101
00000000000001101010001011011100
10111011001111110010100111101011
00000000001011100001010101101000
01011101000010011001111011000011
00000000011101110001011100111001
11001010101011110010110101011100
00000000001101101001011110010011
01001000100100100111100001011100
00000000010010011100110001110111
10111111110011010100100001101010
00000000000010011010100000010111
00100110101011101001111001011001
00000000010000011010001110001000
00100010101111001111101001100011
00000000001101111100010101010101
01101011101001011010101110100111
00000000000001110011100111101001
10101000011101101100100101111110
00000000011001011111111100010010
01001011000111100110010000110110
00011110111101011010110001111110
01001101101001000011001100110111
00000000010101011000000110000110
10010000010100011101111111001011
00000000000110000001101111111111
10100010101111001111101001100011
00000000000010011011000100010111
00001111111010001000001010111111
00000000001010011011110100111000
00000111011101000100010101001110
00000000011100110011111001011100
10101111010101100110000010010000
00000000010101011000000111110011
01101001010000000110000101100000
00000000011100110000101011101100
10110100001001110011101000101000
00000000001100101010101011011110
11111010011101001111110001111010
01101001010000000110000101100000
11100101001001111011011010101010
00000000011110011000010100101011
01101101001100110010111000101010
00100010101111001111101001100011
11111000010101110010000010011110
01101011101001011010101110100111
11001100000111010110001101100000
00000000011001100100010010010100
10010111000101110000100010000101
00000000001111001010100101000010
01011100111000110100111110000101
00000000011000111111101110110010
01100110001100110011000000100010
00000000001100010001000101000000
10101100111001110001100101011000
00000000001001011010011100000000
00100010001001111100110111010011
00000000001110011110010101111111
11110111010110000100111001010101
00000000010011010000011010011011
10101011011000010100111000111001
00000000011100001100010001110011
00010010000110011011100110010100
00000000001001010010101110010101
10000010111110100100110010000101
00000000010101001000000100110010
10001111100111110100100000011010
00000000000000101001000100011101
00110110111010001000101011000110
00000000001110000011111100100111
10111101011110011100011100110011
00000000000011111000001001110110
01100111000110001100000011011101
00000000000010110101110000011101
10000000010111000111111011110111
00000000000100100100110110001011
00001001000001101100001010111101
11111101111010000110010001010011
10101100110000111011111111011001
00000000000011101010111110000101
10011111110100000110001111110000
00000000011000100110100001010101
10110001001001110011011001110001
00000000001010101110100010000100
00011001000100001010001111110100
11111010111101001111110001111010
10010110010100100101100001101111
00000000001100001011000111010011
10010010010101110011101010101011
00000000011110100010101001001110
10010111000101010100000111101110
10011000101101101000111011111101
10100001011100111100100100011000
00000000010000100001000111100101
00110010100010110010010100111100
00000000000100001000110010111110
11100101001101001001110110100110
10100100100111100101000110100010
00000000000000000000000000000000
00000000000000010001011111010001
10010010010100110101011010101111
11111010011101001111110001111010
11100101000001000011100100111011
00000000000111111011110001001010
11001101010011000100100111101110
00000000001010101110100010000100
10001111010110111100011110111100
00000000000001111010100010110101
00010111010010100001000011100100
00000000011110011010001101111101
01001111100010111000010011110000
01101010101110101001100001101011
01010110011110001110011010000110
00000000001100110001001100101100
00011100110100000000001101100100
11010100000110001111110001100000
01010111101010110111010101000110
00000000010011110111110111101111
00111110101000011000110011001100
00000000011000001001101000001011
01111011101010101111000111010101
00000000010011000110111001111100
01000111101111000110000111100101
01111010011101001111110001111010
01011101011111101010010011010100
01111101111010000110010010001101
10001111001001101011001010100110
11001000001110011001010010010011
00000100000111000110010011011000
00000000011000101010010011011111
10110001100101000111011001010000
00000000000011100010001101111110
10011000101101101000111011111101
00000000000000000000000000000000
01111010010000000001110001000100
00000000011100011001011010111011
11101011101111110111010010100010
00000000001111011000110111110110
01010110011110001110011010000110
00000000000011011110111001110111
10010110100000110110011111111011
11101001010000000110000101100000
10111000011000110000000011000110
00000000011101101011011000110001
11101011101001011010101110100111
00000000001111110100000111100000
00010110010011000110001011101001
00000000010100100011111011101010
10101100110000111011111111011001
00000000010110000001100010011010
11000111011000000001111110110011
00000000011000100111010101100110
11000111000100100111111000011110
00000000000000000000000000000000
00001100010001011110011000100000
00000000010001100001000100000111
01100001100001001000001100110111
00000000001010001001011100011001
01000000001001010011100100100101
00000000011110110110101101111111
00000000011001110010011010011001
00000000001100100100110011111001
10101110110010010011111110001100
00000000001000001010001011110110
00000000000000000000000000000000
11111010011101001111110001111010
11000000111011000111010001011110
00000000001111011010111101100010
10100010101101111010010100111100
00000000000001110001010000011101
01101010010100100011000011001011
11111101111010000110010010001101
10111100010110101000001101011000
00000000001011111011000101000011
01001100000111001000001110010101
00000000001101111100001100100110
01100011111011111010100100000110
00100010101111001111101001100011
10001111010110111100011110111100
00000000010011000001011000010011
10001111011011010001010101011001
00000000001111111100100100111111
10111001010011011001100010010011
11101011101110010110011011011000
10100000011101011000010010001000
00000000011101010000101111111100
00000000000000000000000000000000
00000000011000010110101000101001
11101011101110010111000110010111
01010100000110001111110001100000
00100101101111000001000001000011
00000000000000000000000000000000
00000000001000000101101001010111
00000000011011111000110100101101
11011111100101010001100011001001
00000000000111010000100110100110
11010010100011110101111010110100
00000000000001111011010011001011
10011100001001101011011100101110
00000000011001110010011010011001
11010010010100111001000000000010
11111010011101001111110001111010
11100101100110011011001011001000
00000000010100001101111100011111
00000110100001011111110010101000
00000000000010100111111100111011
10011111010100001101011111001011
00000000001111001000011111001111
10101111100001110101110000101100
01001000001110011001010001111100
00111011110101100100010000000011
00000000000001010011011101100001
11101011101001011010101110100111
00000000010001010111100001101001
01010101001111011110111111101111
00000000000000000000000000000000
10010000110000110111000100100101
00000000010001111001001100110010
00011100110100000000001101100100
00000000010010000101011000100111
10010010100101110110000100111101
00000000011001000110110011100000
10001101011110001100110111011101
00000000010111111101001100111011
01101011101110010111000110010111
00000000011010001110000100110110
10011110110110010101101011000110
00000000000000000000000000000000
11011010110100011011101111110010
00000000011010110010101001001011
00000101011100001100011010110000
00000000011111111111100111010000
01100111011101011101110011001111
00000000011010100111010010100011
00100001011100110000001001101100
11101011101110010111000110010111
00000000000000000000000000000000
00000000000000001001000000111101
11000111110101111100111011000010
00000000010111011111111001101001
00011001101001101100011110111111
00000000010001110011101110110000
01001011101011101001011000011111
00000000001111100001001010011000
11110011001100111011011110111011
00000000010001100000100001011000
11100101101010111111011010000110
00000000000111000001100010000000
00000000000111001010001110010100
00000000000110001011111100011110
00011101100100011001100101010100
00000000011101000101100000100001
00010010001101111100110001110100
00000000011111110011101101100010
00100010101111011100100001010011
00000000000101011111101111010111
01001010100111100110010000110110
00000000001111111011001011111100
11111010011101001111110001111010
00000000010111100010101111101000
01000110011100011101000101111000
00000000000111010011010011000000
01100011111011000100000000100010
00000000010101010001000000110000
00000001111010111100001110010101
00000000000100011000011110111001
10000101000100110100111000110011
00000000001100100111011110010101
10001000000011011100100001110010
10101111000101010100111001010000
10010101010000100101001101100001
00000000000110110000100100011000
00010000001101011000011011111101
00000000000101011100100100000001
11010010001110111101010011001111
01001100000111001000001110010101
00101110110011010111110110010100
00000000000000000111001101000111
01011100110010010011011110110111
00000000000111101010001100001111
00100010101111001111101001100011
00000000011010001110001101011110
11000011111010010010101101111100
00000000010001011100111100110101
00000000011111000010010011101010
00000000010101111011101011000010
11001011110010011000111100010000
00000000000010010110011001001101
01111101111010000110010010001101
00000000000110010100111111111001
01111001100110001011110011110111
00000000001111010101010010011001
01011010110100101001100100010111
11000111101110011001010010010011
01011011100111111000001010100100
00000000000010011011001111110010
00000000011010001110000100110110
00000000010111100010101011101011
10101010111011000111111001110110
00000000011110011000011100011010
10101001101101111100001001000001
00000000011000000111011101001111
11110011111001000101000110110001
00000000010110011010000101001010
11101101011001000100011000001100
00000000010011100101100100001110
01001111100001101010101100111111
00000000010010010101111100110101
00000000000000000000000000000000
00000000001101100110111100001000
01111101101100101011000010111110
00000000011101111011000101101011
00000000011111000010010011101010
00000000010000100101010100101101
11000111101110011001010010010011
00000000000110110011110110101000
11101111010010111010101111011100
00000000011100110100111011100010
10100100100111100101000110100010
11101011101110010111000110010111
10010000010110111100101100101111
00000000000001110110110011100010
11010111110010110011100101101111
00000000010100001010111000000000
00101001001110110110000001011001
00000000000010110101110111100110
01000111101110011001010010010011
00000000001001000010101001111001
10100010101111001111101001011000
11101011101001011010101110100111
01111000100101100100001011011111
00000000010110101001001110101011
11101101100100100100100000001110
00000000001001000111111110100101
00000000001111011010111101100010
00000000000111011100101101111111
00101000100001000000011010110001
00000000011101010101111010110110
10011111110101000100110101110101
00000000011111110001011000010001
11101011101001011010101110100111
00000000001100000100010100010110
11111101111010000110010010001101
00000000011001110001100001100000
00111001010001010100010011111110
00000000001101111100110111111011
11111100100011011010010111000101
00000000011101010000101010111000
00001011110100000000110111010000
00000000011111000110101110111100
00110101011010010001100011001001
00000000010000010010001101101010
00111111000000001000001011011110
00000000000101011010010000110010
11010010010001001000111000001110
00000000000010110011001110010010
11101001010000000110000101100000
00000000001110110001111001111101
11011011010101110001100001101010
00000000011000001010011000011111
01110100011011001100110011111000
00000000011100000100100000100001
10011000100101011001110101111000
00000000001010111111010111011000
01010101000011100001011101101110
00000000000001111010100010110101
01100100010101011011001100110000
00000000010010001110111101100110
10100101010111100010010110110101
00000000000010011010100000010111
11000010101001001011110101000110
00000000000001010011001110011010
11110101111110100010000010000110
00000000010001010110101010001011
00101000110111100111010111001111
00000000010100101010001010100000
10111111001100001000101101110101
00000000011100110011010101111010
10001011110111010110110001101111
10000000111000110010000110101110
01000111001100001011001000010110
11000111110101111100111011000010
00001110011011101011110101101000
00000000010001001001000001101010
00010000101011101111011101011111
00000000001100110000011000111110
10011110110011011111000001010010
00011100110100000000001101100100
00110110100100110000000011110011
00000000001101010010100001010011
11010011100110001111110001100001
00000000000011100100101001100001
10101111000101010100111001010000
00000000010101100011111110111110
00000010110010011110100110110100
00000000011010110110000000001111
10101000010100000000101011000001
00000000000111001010001110010100
00110001000011110010000000001110
00000000010110111100000000000001
00000000000000000000000000000000
00100010101111011111000000000100
11111101111010000110010001010011
00000000001011101101011100100000
01011001000010010011111001101111
00000000011101110100110010010011
00000000101110101100001010010101
00000000000001000101001100000100
01000110111111001010100100110000
00000000000110010110010010010100
00111001101001010001000000110000
00000000011101110111111101001010
11111110011010101101101110010100
00000000000111100100100000111011
11100011001111001000001100101001
00000000000100010010000010111110
10001011010011001110110101000011
00000000011010110001011010101110
00000000010011100001001111011010
00000000011011011110001000110011
10010001010010000110000010101001
00000000011001011001010110010010
01100000101010010110001100000100
00000000000100001000011000011010
01100010101111011010010010110010
00000000001000110001111010111010
11110101111110110010011100000101
00000000011100011010101100101111
11100101000000001111000011100101
00000000000111001000111101001101
01010001101000100100001001100011
10011000101101101000111011111101
11111000111110001101100101011011
00000000001011110010101011100011
01000001001110011110111111000011
01101001010000000110000101100000
00111010010110111101000010000110
00000000000000000000000000000000
00010001101000110011101101100000
00000000011001001000000111110101
11101001001111110000100110000000
00000000010100000001001100000011
00110111010111000001001010011001
00000000001010110100110100100011
11011001011101001000001010000101
00000000000000011100101110101010
01011000110001100110001100101000
00000000011101101001000110010101
10100111010010010101100100010111
00000000010101101110111100100000
00000001011000010001011111010110
00000000011101001100111010111011
00110000001111100000101001110011
00000000011100010011001111100100
00111110010000001111101101101011
00100010101111001111101001100011
11110111111110100101010011101010
00000000000101000111011101111000
00101111011111001011011101101100
01101011101001011010101110100111
10011000100010000000010110010100
00000000001110110101001101111001
11101111001111110100101111100110
00000000011100001011010110101111
00110110110110011111001110100110
00000000001101110001011001010101
00000000000000000000000000000000
00000000011000101001011110000111
01000110011100011101000101111000
00000000011111100101100010011110
01011000100100001001000101011011
00000000011101000011100011010111
11001011000110111001010111111010
00000000000111100110000111010110
11000111101110011001010010010011
00000000011110111101011000100001
01111100111010011001100100110111
00000000010100010010111100010111
01001111000010001011111001010110
00000000010110000011000001001000
11000000001100101000110100011011
01101001010000000110000101100000
10110101110011010001100010011011
00000000000110001001101101011011
10000101111101111001110110110110
00000000011111100010111111011010
00110101000111101010110011000001
00000000011001011100111101110101
10001100100101000111000001001000
00000000000011101100111111001010
00110101000111101010110011000001
11000111101110011001010010010011
11011111101010111010011001001010
01100101101010111111000000000000
11111011010111010111010100111100
00000000000111000110101001001101
00010110111110001110010011011111
10011000101101101000111011111101
00110010101001000010101011110011
11101011101110010111110001010110
00110110010011110110110011010010
11101011101110010111110001010110
01010100101110101001111001100100
11101011101110010111110001010110
00010011101001100011010001110010
00000000011010001110000100110110
00100010011111000011011111011000
00000000001111001110000101101111
11100110110011110001110111001000
00000000010010001001111010101000
01110000100001100101100101110110
00000000010010111101001110001000
00011111010010100000101000100111
00000101110100011011001111111100
01010010011011101110101010001011
00000000000110101011010000110010
01101011101110010111110001010110
00000000011111110001010100011111
01000101111011100101110000110010
00000000011011001001011111010011
00011111101100001011111111010010
00000000001110101001110001011100
01101110010111010010000101111111
00000000011000111000100010110111
00101110101011010110001101010001
