01111111110000000000000000010011
01111111110000000000000000010011
01111111110000000000000000010011
10010000010100000010100000100011
10100000101100001001110011010011
00000001101011011010101000110011
01000001110110010000011100110011
01000001001011111000110010110011
01001000110100000010010000100111
01000000001101110000011110110011
10010111110000000010010010000011
01000000100100101000010000110011
10100000111101110001001111010011
01101100000000000000100100010011
00001000010110001000000101010011
01100011100000000010111010000011
01000111010000000010000110000111
00011100110000000000011100010011
10100001000000000010010000100011
11010000000000000000010010010011
11111001001000000010101000100011
10100001100110001001101011010011
00000000110100111101011100110011
10100000011000110001101011010011
00000000110100001001011010110011
01110001101100000010011000100011
00001000100010100000010001010011
00000000111110010010010010110011
10010001010000000010110000100111
01110001000000000010011110000011
11100000000010010000010111010011
11100000000000011000001011010011
00000000100101001000011000110011
10010100110000000010100100000111
11000010110000000010110000000111
00000001000100110001110010110011
01001101110000000010011010000111
10100001001000100001110111010011
01110000110000000000111100010011
01001011100100000010001000100111
00000001110000110101011110110011
10100000100011100001001101010011
00000000000010001101011100110011
01000101100000000010000110000111
00000001011001010000010110110011
10011100010000000010100010000111
00000001100000000000000110010011
00000001001011100010111010110011
00000000101110101000010100110011
01001110101100000010011000100011
11100000000011010000100011010011
00001001111100000000010101010011
10100000101110110001011011010011
00001001011010111000110101010011
10100001110011101001000011010011
11100110000000000000011010010011
00010101011000000010011000100111
00001010111000000010110000100011
01011011110000000000010110010011
00000001110111110001000110110011
00000000000110010001100010110011
00000001111001000010100110110011
00000100110000000010111010000111
00000000001100110000001010110011
00000001111000100000110100110011
11010000111100000010000000100011
00000000001111111101011110110011
00000110110000000000010000010011
01101110110100000010011000100011
10010110111100000010011000100111
00000001000110101000000111010011
10001010111000000010100000100111
00000000101000101101010010110011
11111111110000000010010000000011
00000001110101011001011010110011
01000000111100010000010100110011
00000000111011000010100110110011
10100001100000000000010000010011
10100001110010101001001101010011
00000001011011000001011100110011
10110011111100000010110000100011
00000000011100101101011000110011
00000000011001010010100000110011
00000000011011101001111000110011
10101011001100000010101000100111
00000000001001110000001011010011
01000000011011011000000100110011
01101011010000000010101000000111
00000000111101000000100100110011
11100110010000000000111110010011
00000001111001001101001000110011
00001001010110110000101011010011
00000001101110110010101100110011
11100000000011000000110101010011
11101101000000000010111110000011
00000000000100101101011000110011
00000000010001010000001010110011
01000001011000111000001010110011
10101010000000000010101000000111
10100000101110001001111001010011
11101101000000000010001110000111
01100001010000000010001000000111
10100001011111010001011011010011
00000001100010101000111101010011
10100000000010111001101001010011
10010000011100000010000000100111
01010000110000000000001000010011
00000000011111010101010100110011
10100001110000111001001001010011
00000000100010011101110000110011
01000000111110111000000100110011
00000000000010001010011010110011
00000000101100101000100001010011
01000001001010101000100110110011
11100001110000000010010100000011
00000001011011101010101010110011
00000000010110100000111011010011
01110000110000000000100110010011
00000000101001100000010000110011
10011110111000000010001000100011
00001000000110000000110011010011
10100101100000000000101110010011
11100000000000100000100011010011
11110110011100000010100000100011
01000001001111100000010010110011
10100000011111001001101011010011
11100101010000000000110100010011
00000000111011101010000110110011
10100000100011000001010011010011
00000000000001100010100100110011
11100000000011001000001001010011
10101000011000000010110000100011
01001100010000000010001110000011
00000000111000001101111100110011
10010100110000000000011110010011
00000001101011001001001100110011
00001000111001001000011011010011
11100101100000000000101110010011
00001000001001110000101011010011
00000001101100100010010100110011
00000000011100101000010000110011
10100000001000011001111011010011
00000000100100100001110000110011
00000001001010010000101100110011
00111110000000000010101000000011
00001000010010010000000101010011
10101110000100000010101000100011
01001101001100000010010000100011
00001001010101010000011001010011
00000000001001010000110010110011
11010010010100000010110000100011
00001000101110011000001111010011
00000001100101000000001011010011
00000001010111001010101110110011
00000001000111000000101111010011
00000000100111000010111010110011
00001001111101011000011101010011
00000000010100111000101110110011
00000001110110001001100110110011
00000000001111001010001100110011
10010001000000000010101000000011
01000000000001001000100000110011
11110010010100000010111000100111
10000001100000000000100010010011
00000000100111001001010010110011
11111110110000000000010100010011
10110111010000000010101110000011
00000000011110111000010100110011
00000001100010111010010110110011
10100011000000000010011000100111
00000001011101011010001100110011
01000001011100000000110010110011
00000000010100100000011100110011
00001000111110100000010101010011
00000000001110001000010111010011
01110101010000000000000010010011
10110001110000000010111000000011
00101101110000000000011100010011
01000001001011100000011000110011
00000001100010100101111010110011
11000101101100000010100000100111
10110100101100000010000000100111
00000001110110010001010110110011
00000001100110100000101010110011
10100010010000000010101000000111
00000001110101001000010011010011
00000001011000100101110010110011
10100001011100000001100001010011
11100000000000111000100001010011
00001001110001001000010101010011
11101100100000000000011000010011
00110110010000000000011000010011
00001001110000000010010010000111
00000000101011000010100110110011
00000001110011011000001010110011
10001011011000000010000000100011
10101111100000000010000000100011
10100001100010011001101011010011
00001000110000110000110001010011
01000000000110011000001010110011
10100000111100101001100111010011
00000000101011001010000010110011
00000001110111010000001100110011
00001000111110100000101001010011
11100000000010111000100011010011
01000000110010111000011100110011
01000001111101001000101000110011
11101001010000000000001010010011
00000000111100001010100010110011
00000000101010010000110100110011
00000000010001110101000100110011
10110010010000000000110110010011
01000100001000000010110000100011
10001111110000000010101110000111
11000100000000000010101010000111
00001000001011101000011111010011
10101001101100000010111000100111
00000001100000101000001010110011
00000000100111100000100000110011
00000001101110001000111010110011
00001001001011001000110011010011
00000000110100111000001110110011
00000001010010011101010110110011
10100010110000000010110000100011
01000000001111000000111100110011
10100001001100111001010001010011
00001000110111110000001101010011
10110100000000000010011010000011
10100110101000000010101000100111
00000001001100111001111100110011
00000000111010110101011000110011
01111111100000000000110110010011
11011101110000000010011000000111
00000000001000110001010100110011
00000001010001000101000010110011
00000001000010001010011000110011
11100000000001110000100001010011
01101011000000000000111010010011
01101110100100000010101000100111
11100000000001101000000111010011
00000000000110100000001101010011
00000000010110010000101100110011
00000001101010001000100011010011
00100001100000000010000100000111
00000001011010010001000100110011
11100000000001110000001001010011
00000000110000110000010111010011
10010000000000000010100000000011
00100110010000000010111000000111
11001010110000000000101010010011
00000001111000011000101100110011
00000000000010111000101010110011
00000001101001101101001000110011
01010111101100000010011000100011
00001001111001110000100101010011
00000000010101110101011100110011
00001001010001011000111101010011
01001101001000000010011000100011
10101100010000000000000010010011
00000001101101111001100010110011
11100011010000000010110000000111
00011010010000000000000110010011
11100000000000000000100001010011
00000000001101011001110100110011
00001000001111000000010011010011
00000001110000000000000110110011
01011100000000000000100100010011
00000000000010101000011000110011
00000000100110000101100000110011
00000000100010110000001100110011
11100000000011111000011111010011
00000001001001001101011010110011
00000001000000100000101100110011
11100000000000010000111001010011
10110100101000000010100000100011
10100011000000000010101010000111
10100001111000010001011111010011
11001110110000000000100010010011
01111000010100000010010000100011
10001001000000000010110000000111
11100000000001111000011011010011
11101000100000000010010110000111
10100100000000000010100100000011
00000001001110011000001100110011
00000000010111010010111110110011
11100000000000110000010011010011
00001000001010111000111001010011
00000001110011010001110000110011
10100000010010010001001011010011
00000000000101011000101100110011
00000000001100101010110100110011
10101110110000000010110000100011
01000000111101010000010110110011
00000000101101010000011001010011
00000001011000110010010100110011
00100010000100000010000000100011
00001001101110000000100111010011
01000000010111110000110100110011
00111101100000000000111000010011
01011010000000000010101110000011
10000010101100000010000000100111
10110110110000000010101010000111
01001111111000000010010000100011
01110010110000000010011100000111
01000001111100110000101000110011
00000000011111101000001011010011
10100000100110100001100101010011
01000000010000101000011100110011
10111000000000000010010010000011
00000001011000101001111110110011
00000001010100010101010010110011
00001000111111010000001011010011
00100101010000000000101010010011
00000000100010010101010010110011
00001000111101001000101101010011
00001001001010001000001101010011
01010100101000000010001000100011
01001100110000000010111000100011
11100001110100000010011000100111
00000000101010001000100100110011
01101101110000000010110110000011
01010001000000000010010000000011
01110111101000000010100000100011
11100000000011101000010101010011
11001111010000000010111110000011
01111000011100000010100000100011
00000000010010011010110110110011
11111011010000000010110100000111
00100000110000000010001000000111
00001010101000000010101000100011
01111010010000000010111000000011
11111100010000000010010000000111
00000000111111111000100100110011
00000000011001101101010000110011
10001111100000000010010000000011
00001010110000000000101110010011
00000000111101011101000010110011
10110010101100000010101000100011
10100001011110011001001011010011
00001001111111101000010001010011
10100001100100000001110011010011
10001111010100000010010000100111
11001100110000000010001010000011
00000000100000111001001010110011
11100000000011110000111011010011
11100000000010110000010011010011
00001010000000000000101010010011
10010101101100000010000000100011
11100000000001101000101101010011
10100001010110101001111111010011
00000000001011010000111101010011
00001000010000110000110111010011
00001001111100001000111101010011
00000001111100001010100110110011
11101010010000000010110100000011
10111100111000000010011000100011
00000000001001100001001110110011
00001000001011001000101001010011
11100110011100000010011000100111
10011001000000000010101010000011
00010111110000000010111000100111
01000000001100110000101110110011
01101100000000000010001110000011
00000001110100000001000110110011
10100001101111011001000101010011
11100000000000100000001111010011
00000000011011001101011100110011
00101110100000000010000100000111
00000000110011100000100000110011
10100000101100011001110001010011
10100001101110011001000111010011
10100001011111100001010001010011
00000000110110111101000110110011
00000001000111111010101000110011
00000000010111011101001100110011
10100001001101111001000111010011
10100100100000000010000110000011
01000001010001101000110110110011
11100000000001001000001001010011
01001001000000000010101110000111
11011010010000000010111100000111
00110111001000000010110000100111
00000001101101001000001100110011
00101100011100000010110000100011
00000001001111110000110110110011
10000100111000000010110000100111
00000001101010111000000101010011
10000111011000000010101000100111
01000000000001000000001010110011
10101011010000000000100110010011
10101011100000000010110110000111
10000111011100000010101000100111
10100100100000000010110000000011
00001000100110111000100111010011
10110001100000000010010000100011
00010100000000000010101100000011
01000000100010011000001000110011
00001000101000000000011001010011
00000000101010001000001110110011
01000000101111110000010100110011
00000000111011100000100010110011
00000001100011111101111110110011
10111011111000000010000000100111
10100001100011001001110101010011
11000010010100000010001000100111
11100000000011001000100011010011
01000001100100111000011000110011
00000001111100100010000110110011
01111010000000000010111100000011
00000000001010111001010100110011
10011110100000000010010000000011
00000000111001001001110110110011
10111011010000000000100010010011
00000001110100001010110000110011
00000001000000100101001110110011
01101011010000000010100010000111
10100100000000000010010000100111
01000000100111001000001000110011
00101100011000000010001000100011
00001000110111110000111001010011
11101110000000000010111110000111
00000000101101001101010110110011
11100000000000010000001011010011
01110001001000000010000000100011
00000001100001001010010110110011
11001011100000000010111110000111
10100001010001101001101101010011
11100000000001111000100001010011
00000001001101110001101100110011
00001001101010111000010011010011
10011110110100000010010000100111
00001001000100111000101001010011
00000100111100000010110000100011
01000001001010001000011110110011
11100000000000100000001011010011
00000000000100001010000110110011
01111000110000000010000010000011
00000000000010001010011100110011
00001001111111110000101001010011
11100000000010001000101101010011
11100000110100000010100000100011
10110111110000000010001100000011
10100001011001110001001011010011
01011101100000000010010010000111
10110001101000000010110000100011
00011000011100000010010000100111
11100001000000000010100010000011
10010110000000000010101010000011
10100001001010001001101001010011
10001011110000000010000100000011
00000001111110111001000100110011
11001110000100000010000000100111
00101111011100000010100000100011
00000001111111110010000100110011
10110000101000000010100000100011
11100000000001101000101011010011
01111000100000000010000100000111
10011011100000000000001000010011
10100001000000111001000011010011
10100001100000010001101001010011
10100111000000000010000110000111
10100001111001011001001111010011
00111101000000000000101100010011
00000001011101101000110011010011
01101100110000000000100110010011
00000001111010010101000110110011
00011100100000000000110010010011
11001011001000000010011000100011
00001000110110111000010101010011
00000001101111110000111011010011
00000011100000000000100000010011
11100000000000110000100001010011
00000000110100111001001000110011
00000001001010100000111010110011
10110000100000000000100110010011
00000000100001101010111110110011
11101101010000000010000100000011
11011101110000000010110010000111
11100110101100000010111000100111
00000001011101101001100110110011
01100011000000000000110110010011
01000000010111010000111110110011
10110011000100000010101000100011
10000010011100000010001000100011
01000000101010000000101000110011
01011111000000000010010010000011
00101100100000000010110000000011
01000000000000000010000110000111
10011101110000000010010000000111
10101110010000000010001000000111
11100000000011111000000101010011
00000000010100001000011110110011
00000000000011011101011100110011
00010000100000000010101000000111
00000000110000100001100000110011
00000001111110100000110110110011
01000001010101001000010100110011
00000001111001101101111010110011
00000001101110100010011000110011
00010000110000000010111100000011
01000000111011100000010100110011
11100000000001101000110111010011
10100001110001110001101101010011
11100000000011100000100001010011
00000001000100101000001110110011
11100000000011100000001001010011
00000000101000010101011000110011
01010110000000000010001110000111
11100000000010011000101001010011
00000000001100011000110110110011
11010011011100000010100000100111
00000000001100001010011110110011
11100000000001111000010001010011
00000000111111100001100010110011
11100000000010011000100111010011
00001000001100111000100001010011
00000000010001011101111010110011
10100001010000100001011011010011
10100000000010110001001011010011
00000000011111010000000011010011
00001000010101011000001111010011
00000001000001011000110110110011
00000000100011100000010010110011
00000000100001111000000111010011
10100000101001000001001111010011
01000001001010111000000100110011
00000001001011000001101110110011
11100000000001000000110001010011
00000001001100010010111010110011
00000000101011100001010000110011
00000001111011110000101111010011
00000001111111101000010110110011
00001000001010010000011111010011
00000001011010010000010101010011
11100000000001101000001111010011
00000000111000110000010000110011
11100000000001110000001001010011
00110010100000000000011000010011
00000000111110111001011110110011
00000001000110111000111011010011
00000001000011101000001110110011
10010011110100000010011000100111
10101011000100000010101000100111
01101001010100000010000000100011
00000001010010000001011000110011
00001000001101101000110111010011
10001010100000000010001100000111
00000001011000011101110010110011
00000000100011011101011010110011
00000000110110000101101010110011
00000001101101001101110100110011
00001110000100000010111000100111
00000001001011001000001011010011
01001011010000000010110100000011
00000001000111110000010101010011
00000001110001010000100001010011
11100000000000001000101011010011
00000001010101101000110111010011
00000000111100110000110101010011
11011100010000000010111100000011
11100000000011000000010111010011
01000000010000110000011100110011
00000001000111011010001110110011
01110101111100000010010000100111
00111101110000000000110110010011
00000000000111110001011010110011
01101011110000000010011000100011
01010111110000000010110000100111
00000000011101111000011000110011
01010011100000000010101000100111
00000000010010000101010010110011
01001110000000000010111000100011
11100000000010110000011101010011
00000000100010010000110000110011
00000000101000110010001000110011
01101001010000000010010100000111
10010011011100000010000000100011
00000000001000000000011101010011
00000000010111101101011000110011
00000000100001010000110000110011
00000000111111000010110000110011
01001100000000000000101100010011
00000001100111101000000110110011
11111011100000000000101110010011
00000001011011110000001101010011
00000001001111100001011000110011
00001000100101011000111011010011
00001110001000000010110000100111
00000001100111111001110100110011
00000000011001010010000100110011
00000100100000000010101010000011
00000000111111111101011010110011
11100000000001110000011111010011
01000000011000100000000100110011
01011010010000000010111100000011
00001000111100101000100101010011
00001000000110101000011011010011
00010011010100000010110000100111
00000001001000001000110110110011
11100000000001111000010101010011
01011000011100000010000000100011
00000000100011011101010100110011
00100111110000000010100110000011
10100000110001101001100001010011
11100000000001101000000101010011
00000001010011011010101010110011
00000001111110011010110110110011
11100000000011110000000011010011
01111000110000000010101000100011
00110100100000000010111000000111
10111101110000000010001100000011
11101010010100000010100000100111
00000000111111000010101000110011
01000110010000000010011000100111
01011110010100000010001000100111
00000001000001000010100000110011
00000001110000110101000100110011
01010110100000000010001000100111
00000001000001111010111110110011
00000000100010000000011101010011
00000001010100111000110001010011
00000000001000100001111100110011
00000000110010110010001000110011
00000001110001111101100010110011
00110001000000000010100000100011
00101111001100000010010000100111
11010100101100000010001000100011
11100000000010011000010011010011
01010001100100000010001000100111
00000001001100101000100100110011
10111001100000000010000000100011
00000001111111010000010111010011
00000001000011010000100100110011
00001001101010001000101111010011
00000000001001100101011000110011
00111000000100000010001000100111
00000001000000010000011001010011
10100000110101010001001011010011
11010110100100000010111000100011
00000000101101010001011000110011
01111110000100000010000000100111
00000000111001111010001010110011
00000000011001000000110101010011
00000000000011000101011000110011
10100000101100111001010011010011
00000000010110011001101110110011
00001001110011100000000111010011
00000000100001110000101000110011
00001001010101001000100001010011
11100000010100000010011000100011
11010110010000000000000010010011
00000001001001011000100111010011
00000000010011011101011100110011
00001001111101100000011011010011
01110000010000000010100010000111
01000000110001101000100100110011
01001001100000000010001100000111
11100000000011001000111011010011
10100000011100110001000111010011
00000001001001110000001000110011
11101100101000000010001000100111
00000000000010101001001110110011
00000000100000110001111000110011
00000100001000000010111000100011
00001001000000111000001001010011
01111101000100000010101000100111
01000100100000000010011000000011
00000001110111101000101011010011
10101110110000000000110010010011
10011110001100000010111000100011
11011100100000000010011010000011
00000001001111010000110001010011
00001000101110001000010101010011
00000110010000000010101000000011
00000001110111110000100000110011
00000001110001001010110110110011
01111111110000000010110010000111
00100100000000000000101110010011
11100000000010010000000111010011
11110101100000000000100010010011
00000101010000000010001000100111
00000000100101111000100100110011
00111100000100000010111000100011
01011110000000000000101010010011
10110100000000000010000110000111
00000001101100001001101010110011
00011100011000000010001000100011
00000000111100000001010010110011
00000000001101110000111000110011
01001010100000000010011000100011
00000011100000000010010100000111
00001001101111110000000111010011
00000001101110100001110010110011
01000000000111100000001110110011
10100001000110010001110011010011
10100001011011101001101111010011
11100000000000000000100011010011
00000000010101001010010010110011
11100000000011000000100011010011
00001000111010101000010101010011
01000001110111010000111000110011
00001000000001000000010101010011
11010010100000000010001010000111
10100001101011111001111111010011
01000000010110000000010010110011
10000111111100000010100000100011
10001110000000000000100100010011
00000001001101011010011010110011
00001000000101101000010111010011
11101001100000000010110100000011
11110101000000000010111100000111
11100111100000000000001110010011
01100110100000000010111010000011
01101110000000000000111010010011
00000001001010111010101100110011
00000000010101110001010000110011
00000000110110110001111010110011
00110110010000000010110100000111
01000001000101111000110010110011
00010100110000000010010000100011
01000001001001111000010000110011
11100000000010000000011111010011
00000000110010111010111010110011
11100011010000000010100110000011
00000000001001001001110010110011
00000001011110111000001110110011
00000001001010011010000010110011
00000001110110011010111000110011
00000000010000001000010010110011
11100000000000010000100001010011
11010010110000000000011100010011
10100001110100010001111111010011
11100000000001000000011001010011
11111011100000000000100100010011
00001000100100110000111011010011
11100000000001000000001001010011
00000000000000000010010110110011
10100001101000110001101011010011
11100000000010111000001101010011
10100001100101101001101011010011
00000000010100001000001011010011
00111101100000000010101100000111
00001001000100110000110111010011
11100000000001101000111101010011
01111111111100000010010000100111
00001000111110011000111111010011
10011110010000000010111010000011
00000001111111001000001110110011
00000000101110110010110000110011
11100000000001001000111111010011
00001100110000000010010110000111
11110011010000000010000100000111
11111010100100000010011000100011
00000001000101011010100100110011
00000000001011011000011000110011
11000100101000000010111000100111
11100001000000000010011000000111
11100011100100000010111000100011
01110101000000000000111100010011
00000000001001101000101100110011
00000001110010000000011000110011
00000001000100010101001000110011
00001001110101010000110001010011
00000001000100010101001110110011
11100010000000000010110100000011
00000001101101100000010101010011
00110100010000000010001010000011
00000001111101011001001100110011
10100001100011010001101101010011
00000000001001000000100011010011
00000000101001011101101110110011
00001001000100010000101111010011
10100000011010001001011001010011
10100000001101010001001011010011
10000100100000000010011000100111
11101011010000000010111000100111
00000001010010101001100000110011
00010001100000000010101010000011
00000000101000110001011000110011
00000010100000000000000110010011
00000001000000010010100010110011
11010000000000000010000000100111
10010011100000000010111110000111
01000001000010000000111000110011
00111001110000000010000010000111
00011000110000000010001000000111
11100000000001110000101011010011
00000001100110111010001110110011
00000001111011100101000110110011
00010101010100000010101000100111
11010111110000000000011000010011
01000000110110101000110010110011
01101010000000000010001000100111
00001000001101100000010111010011
01110111001000000010001000100011
00000000010100000010111000100111
11111011110000000010011110000111
00011100010000000010100000100011
00001000000000101000011011010011
00101111000000000010010100000111
00000001001000110000001100110011
00000001000001001101110010110011
00000110110000000010110100000111
00000000111000010001111100110011
00000000001101011101011110110011
00000000110010000101111010110011
00000000100101100000011010110011
00000001100111001000100011010011
11100000000010010000001101010011
11100000000000100000101111010011
00000001111001111000001110110011
00000001010101001000111000110011
00000000011010110101100100110011
00000001100101011001001110110011
01001101100000000010110000000111
01101001100000000010001100000111
00000001100001101101000110110011
01000000111000111000001100110011
00000000011010010001011110110011
00000001010100010010101010110011
00000000111110111000010101010011
01010111110000000010011100000011
00000001110000010000011110110011
00000001010100101010101000110011
00000001010110101000011101010011
00000000001000001101100010110011
11100000000011011000011101010011
00111000110100000010010000100111
00000001101101101101001110110011
00000000000000001000110101010011
00001001101101010000111101010011
10100000011000001001101111010011
11100000000011111000111011010011
11100000000011111000110011010011
00101101110000000010101100000111
11100000000001110000100011010011
11100000000000000000100101010011
01000000010000000010000010000111
11100000000011010000100101010011
00000001001101111000101111010011
00000001111111100000011111010011
00000000111111111101011100110011
00000001101010000001110110110011
00000001111100010000111101010011
00001000100001111000010111010011
00000001000100111000111110110011
00000001010001110010011000110011
00000001110100101101000100110011
00000000001011100001111100110011
01000000010011100000101010110011
00000000010010011001011010110011
00001000100001001000010011010011
00000001111001110001111010110011
10100001001010101001101101010011
00000001011110001010010110110011
11100000000011110000110001010011
00000000001010100000110111010011
01000001110110010000101100110011
00010010110000000010010000000011
01000001110111011000011010110011
11100100000000000000101100010011
10100001110111110001001001010011
00000000010000001101111010110011
00000001010010010000110001010011
00000001101010011101100110110011
00000000001010010001101110110011
00001000001100001000100011010011
11100000000010011000111111010011
11100000000011000000010101010011
10001110010000000010011110000111
00101100000100000010011000100111
10100001001110101001111101010011
00000001111010110000001001010011
00000001100000100001111010110011
01000000000111111000010000110011
10100000000011011001101111010011
11000111011100000010110000100011
00000000011000000000101010110011
01000001010011011000101000110011
01110101100000000010001000000111
11100000000001111000111111010011
00101110000000000010000100000111
00000000111100011000100111010011
11000011110000000010011010000011
00000000011110110010111010110011
00001001010111010000011101010011
00000001001001011000110001010011
00000001111100011101101100110011
00000000100011110000101111010011
00001001010110001000100111010011
00000000001001101101110110110011
01000001111001110000001100110011
11111001100000000010101000000011
00000000010001111000000011010011
00000000100110001010111000110011
00001000101001000000010011010011
10110110111100000010111000100111
11100100110000000000001100010011
00000001011010110000100010110011
00000000001111101000111100110011
00100101110000000010111100000011
00101000001100000010010000100111
00000000000000010000100100110011
01000000011000101000100010110011
00000000000010111000010001010011
11100000000001101000110111010011
00001001000000000000011011010011
11100000000000000000011110010011
00000100010000000010011000100011
11111000010000000000011000010011
00000001001010001101001110110011
00001101010000000000000110010011
01000001011110110000001100110011
00000000110001100101101110110011
11010001010000000010100000100111
00000001101001111000000010110011
01000001011110100000011110110011
01010110100000000010010000000111
11100000000001101000001011010011
00001000000110011000111101010011
10000100110000000000001110010011
11111101110000000010110010000011
10100001000100101001111111010011
00000001000100110000100110110011
01110010010000000010011100000011
11100010000000000010000110000111
00001000010100100000001001010011
00000001110100111001001110110011
00000001101001010001100110110011
11100000000000101000101101010011
00000001001001000010010110110011
00000000001001111101111010110011
00111010110000000000011000010011
11101010010100000010110000100111
10111011010000000010111000000111
00000000100100010000011000110011
00000001101001100101111010110011
10010000000000000010111110000111
01000001011101010000110000110011
00000001101101010000010010110011
00001000100110000000110011010011
00000000011110101000101011010011
11100000000010110000110011010011
01001000110000000010001000100111
00000000110101110101101000110011
01000000001010000000100100110011
00000001100011010000000111010011
10001110100100000010011000100011
00000001101110100001001100110011
00001001010001110000001101010011
00011111001100000010000000100011
01000000011000100000100010110011
01001000100000000010000100000111
10100100100000000010001000000011
00001001110000000010111100000011
01001010110000000010011100000111
00110110110000000000100110010011
11100000000000011000010111010011
10010010100000000000001100010011
11100000000011011000101001010011
00000000000110111001000110110011
00000001000011100000011000110011
11101100100000000000101000010011
00000000111000101000010000110011
00000000110111100000100100110011
10100001100110111001101001010011
00000001011011011001100100110011
11101110010000000010000010000011
11000011110000000000011100010011
01000000010111111000101110110011
00000000101011001001000110110011
01000001100100111000011000110011
10100000111000110001111001010011
11100000000010010000111001010011
11000000110000000010001000100111
11000001100000000010110000000011
11100000000011011000001001010011
01111110110000000010101010000011
00000000111101001001100110110011
11101110001000000010001000100111
00000001011000001000110110110011
11010010001000000010000000100111
00000001100111111000000111010011
10010110010000000010110000100111
11011100001000000010001000100111
11010001100100000010000000100111
00000001111000010010111010110011
10100000101100001001001011010011
00000000101110001000101110110011
10100001001101100001100001010011
00001000000010010000011101010011
00000001110011000010111110110011
00100110010100000010001000100011
00000000010110011001001010110011
00000000110100101001100100110011
00000000010010001001110100110011
00000000000000111001101100110011
00000001001110011000101100110011
00000000100011100001100010110011
00100101000000000010000100000111
10101000010100000010101000100111
01111001000000000010111000100011
00110010000000000010101100000111
00000001010010111010001000110011
11100000000000000000010001010011
10110011110000000000011100010011
00000001001101100001110100110011
00001001000001000000110001010011
00000000110010111000001001010011
01000000101111010000101000110011
10100001111110011001110011010011
11000110011100000010100000100111
11111011101100000010110000100111
10100001011111001001101011010011
00000001111000000010100010110011
00000001000011000101100010110011
00000001100001111000110101010011
01000001011100010000110000110011
01110000110000000000101110010011
10100001111110001001001101010011
00000000100001010000001001010011
01100010000000000010101000100111
01000000010100111000011000110011
00000000000000000000000001110011
00000000000100100101111011001111
11100010110000100000110000111011
00000000001011101011100110001110
11000111100101011101110101100000
00000000011010111000000110101110
11000001110111110011100010111100
00000000000000000000000000000001
00011100110101111010010101111011
00000000001110000110111111010100
10000001101110000101001101100000
00000000000111010100111111100111
01010111000100001010000001110110
00000000000101011001111001100100
11010011011110010000010100001001
00000000001101011011101100010000
00001011101101100011000100011100
00000000000000101011010111111010
00100110100101100011001100001010
00000000001101100110001101000011
00000000011110111011000111010100
00000000001111110011001111000001
01100111110010011000011111001100
00000000011111001011001000111010
10100000110100110110101100001011
00000000011100111100100011000101
00000000000000000000000000000001
11100010111100000110110111111000
00101010000100110000010110110001
00000000000010010111110111000100
00010010010100010111110010111101
00000000001010110110100100001101
01110001001010111010010110011110
00000000010100111110110000111111
11110111110001100110000100001100
00000000000101110000101010101111
00101010000100111110110110001001
00000000001101101100011101010110
00000000000000000000000000000000
00000000001011110000100111000110
01011111101010101100110111010000
00000000001000101010011001011110
00000000000000000000000000000000
00000000010111000110010011100101
11111011010000111100110100111110
00000000000001111000001000100101
10100101001010000110100101100001
00000000000101111010101011110000
11011100000110101010001101100000
00000000011011111010001000010011
11101100100100111101101000100001
00000000001100000110101010111010
01001000001000101000100100111011
00000000010110110010100000000111
00110110110011001110101101111111
00000000011001100101010110100010
00000000000111011000110101001111
00000000000000000000000000000111
11011111001001111100110010011110
00000000010101110101010011011100
00001100001101000101010100101000
00000000010100001000101010010001
01110011011110100111001100111101
00000000001111000111100011111011
10110000111101011011010000110001
00000000000101011100010100111110
00000000000000000000000000000000
00000000010010001011000010001110
00000000000000000000000000000000
00000000010111101111101011010101
00000000000000000000000000000000
00000000010101110011010101101010
00101110000100111101011011101100
00000000101011001010101110101110
11001000001100100101001100001100
00000000011111010011101001001111
11010011001111101011111111110101
00000000011001010001101011000110
00000000000000000000000000000000
00000000010010101100000011011101
10010001100010000001010011110101
00000000011001011111111110010011
01111001111100001010100000111101
00000000011000001111001001111011
00001010101000011001100110101001
00000000010001010100110001100110
01111010001011000010110010111111
00000000000000010111000000111010
01010111010110110001001110110110
00000000000000000000000000000000
10110100110110001011010010110101
00000000001100001000101011001111
00101111110001100110000001110000
00000000001100000000100101110110
11001011010001101110011010101100
00000000000101000110100010000011
00001000011110110001010011110001
00000000010111010110111010111110
01001011110001010000001100111011
00000000000011001111110101010001
10111001001100011110010110011100
00000000011010110110001111100000
00111011010100111010100110011001
00000000011110011001011001100111
11100101110011111001110011011100
00000000010000111000000000000111
01101101110111001011001000000001
00000000000111110111000010100010
01110111001111100111100110100001
00000000000110100110110110110100
00111100110000110100100111101100
00000000011111100101000100011111
01100100111000101111101110010010
00000000001001011111111011111000
01110001101000110000100100001010
00000000000010111110101110001111
10101010101111100111101010001011
00000000000000101011010111111010
01010001001011110011111100111010
00000000000000000000000000000000
00000000000000000000000000000000
00000000010001000110010000000011
10111111111001111010111111111011
00000000011100000100101101001101
01111010011101110100110001010010
00000000000000000000000000000000
01110101001011101101000011111110
00000000000101101101111111111100
00000000000000000000000000000000
00000000001100011111101011001101
00001110100000001000101101111000
00000000001001110000000111100000
10111000001000011101111101010010
00000000011001111001110111110011
00010000110111111110101110101011
00000000011001110100111010011100
00001010000000100111001011000110
00000000000000000000000000000000
01010011110101001011011101100011
00000000000011000011110000000001
00000000000000000001101101011000
00000000011010000010010011110011
00110010000001010001011001010100
00000000011001111110111111101000
00000000000000000000000000000000
00000000001101011110111100111110
10110111010001100101101010011111
00000000011001101010110011101000
00000000111010111110100101010000
00000000000101011101101111100010
11010100001111010110110010000111
00000000011100100011000101111000
01000010000000110100100111011001
00000000001110101100000101101011
00110110101111000001000100000101
00010001111001101011111010110011
11100000011000110000110011000010
00000000001100001101000101111000
01100011000000011001111100101010
00000000000010111110100110111100
00101111011110001000101110100001
00000000010111100110001110110110
11000000100010110001111111000111
10101111110001100110000001110000
00000000000000000000000000000000
00000000000000000000000000000000
00010001111001101011111010110011
00000000010010111100001101100011
01100100000000001101000000111000
00000000001001011000011011100100
01010011100100101101111010101010
00000000001000111111110000100110
11010011000001010101101100111111
00000000000001000110010110101001
01100000010010000001000001110100
00000000001001101000100111111111
00011001001011010010101110110110
00000000011000110010100110000001
11000111010101011101000110100101
00000000000000100110100111011100
11000110011010100100010101010111
00000000000010000000111110001110
00000000000000000000000000000100
00000000001011000100001010010110
01000110001111111000010100101010
00000000010100111011001110010101
10001101000100101101000010000110
00000000000000000000000000000000
00000000011111011001110101111100
00000000000101000101110010110110
01010111000011010001011000100000
00000000011000101001011001010111
11010011000111101110101000110111
00000000011100000001010100111101
11111111101111001100101010010001
00000000010000000100010001000100
00000000000000000000000000000000
00000000010000110001110101111011
00100000101110011000010000110010
00000000010111100110111011000111
01001110001000101100011111011110
00000000001111000111010111100110
01111001010000111001110110000011
00000000000000000000000000000110
00000000000000000000000000000000
00000000010101101001000011001001
00000000111111001010001000111110
00000000010110010000001001000111
10100101000110111110110010010111
00000000001000111001010000110100
00000000000000000000000000000000
00000000000011001011101110010111
00101011011010101001000100000010
00000000010001011111110111111001
00111010101010010101000111011111
00000000011101100010110011011011
01110011100100010011100011100100
00000000000111011000110101001111
01010110100011100100110100010100
00000000011111010110110110010100
00000100100011111001001000000110
00000000011001100101010110100010
00000000000000000000000000000000
00000000001000111101001101010110
01010101000100101001000111111100
00000000010011010000011101011001
10011100110111010011010100001000
00000000000111011010100001101011
00111100101111110001011101111000
00000000001011000000011000110111
00000000010001000101011111000100
00000000001101111110101101000011
10011111000011000011111010111101
00000000000010100011011100101001
01100010010011000100101010101001
00000000000010100101101110000100
01011101111000110010101100101010
00000000000000011001110100001001
01110101001101001101110110110111
00000000011101100001100010000110
01101100010000110010011000011111
00000000000000000000000000000001
10001101101110111110100001101001
00000000011011110110101111111000
01011111010001010101001011010111
00000000011010000011000001110100
10100010011011110010110001110001
00000000001100100100100000011001
10101000110010111100011010100010
00000000010111000000001000001000
01101111000110100101101000100111
00000000010110000010001011011000
10101001100111101010110011100010
00000000010000011111001011010111
10010100100011001010111011101001
00000000000000000000000000000110
00100100111100011110000111110000
00000000011011110101100100000010
10010000100000011000110100000000
00000000010111101110111101110100
10011001010110010111110100001110
00000000010110000010101000100110
11110011100100010010011000001110
10010001111001101011111010110011
10011000010000110111001000100000
00000000001010001011000101110101
10100101010110010011100010011001
00000000011101101101110101000001
10010110011011001111111100001110
00000000010100001001100111011011
10010011111100111000101101000101
00000000001001100001110000101101
01000101001011110000111110001011
00000000010100101100110010001011
00000000000000000000000000000000
00000000010011100100101000010010
10111001101001110100001100011001
00000000000000101011010111111010
10011110111000110110100111011110
00000000001001111101101010110101
01000010001000111101010100111000
00000000000000100001011110110011
11000001110111110011100010111100
00000000000101010100000101000010
00000000000000000000000000000000
00000000010011110101100001110101
10111000100101111000001010101101
00000000000000101100001011100010
11000000010101111101111110011110
00000000010010010111000110000010
10101010100110000011011010110110
00000000000101010011000111000110
00101000010010101100110111100100
00000000000100000011001011011010
10100100100101101011010100111111
00000000010101000010111110111111
10101001111111101011100011010000
00000000010010001110011100101000
00111100000000010011001111011000
00000000001110011111100011101001
11101000000111110010000111010001
00000000000010001110100100001111
11001110111011001000100000011001
00000000000010001110001010011100
10000100010111110010100000111001
00000000000110101111100011110011
10011101101100101110000111101110
00000000000110010101110010000110
00011000101111101011101001010011
00000000001100001111100010111110
00000000000000000000000000000000
00000000011100010010000011110111
11101101111000111011100001100010
00000000011111010101011000010001
11101101001101101101111111101010
00000000010010001110011100100111
01100111000100001101011100011000
00000000001100101001000001001000
00110111011010000101100001001101
00000000001111110110111111111010
11111010110001011111011001010101
00000000000011100101111010001001
01111101101101000111010011011001
00000000011000001111110111111010
10111010001010101010010010110010
00000000000101101010101100001011
00000000000000000000000000000000
00000000011110000111000000001001
10101111110001100110000001110000
00000000000011110011011010001010
11100010111100000110110111111000
00000000001111101100001100010101
11111111111111111111111111111111
00000000001111010011011110111000
00100001011111001100000010000011
00000000000000000000000000000001
01011100001101001101100111010010
00000000011011010000001010000000
10100001001110011100100111110010
00000000001100100010111100111110
01101001001101010100100100001000
00000000010000100000000110000001
01111001011000010011111100110001
00000000000011011001010110000001
01101100110111111101111011100110
00000000001101101111011011110110
11010011110010100010101100001001
00000000010101101111111011000100
00110100000100101001110110100000
00000000000000000000000000000001
11011001011011001100001001111000
00000000011110101000100111010100
01011101001001000010111111111111
00000000000011011110111100101100
10011111011010110001110110111011
00000000001000011110010011011111
00001001101101111111110110000010
00000000000100001101100001111111
00010111110001010110111000100111
00000000010001000101011111000100
11001111011010000111010100101100
00000000001001001000011011100110
10100111001001011111011110001111
00000000001011100100100101011111
01011100000010111010110110100101
00000000011011000001011100011010
00101010111110001011001010101011
00000000000000000000000000000000
01001110111110111100100011101000
00000000001001110100010110101001
00010011001101000101110001010110
00000000011001100010001110010011
01011101110001110011010110011101
00000000000101110010001011110100
11100011001011011101011111000101
00000000000110110011001110100011
00111111001111001000010111111011
00000000000010111100100111111111
01011101111000100110000101111001
00000000010000000110000101100101
11110110101000101010011101001000
00000000010100100000100101100101
00111111111001010011001001100011
00000000010101000101011000111100
00101100011111100111001100000010
00000000000000000000000000000000
00000000000000000000000000000110
00000000011000010111011001110011
01110111110100110110001000001101
00000000001000010000110000101000
00110110110110010100111010110111
00000000001000000010110010101100
00110000011110011000011111011011
00000000001100111101101010111000
10111011100100010111011001110101
00000000011000011001010100000110
00110000100111011110000101101000
00000000000000000000000000000110
00111111111100001100000010111100
00000000000110100001101111101011
10101111100011000110111010011010
00000000001011000101110101001101
11000110001001101000100110010001
00000000010100001011001000101000
10001011000001100011011001010101
00000000001010010110011101101100
10100100000010100010110111011110
00000000011101110111011110010000
11010011111001000010001001100110
00000000000000000000000000000000
01101100011000110010100001001111
00000000001110001101000110111110
11101010101100111000011011011101
11000001110111110011100010111100
10100000110001100100011010010110
00000000011001010001011101000011
11000001110111110011100010111100
00000000000000101001110110101010
00110111001010010111000100100110
00000000011010101001110101010100
01111001110100001001000100100100
00000000010111100100110101001110
11101101100111101100101001110101
00000000010101001100000111010111
00110001111001101000010010100100
00000000011100110110111110001111
10000000000100011000111010000001
00000000001001011010000001101101
10101111110001100110000001110000
01111101101101000111010011011001
00001011000000101111000011010000
00000000011001000000010110111011
00100111000010001100110101101000
00000000010000001111101010111101
01110011011110100111001100111101
00000000000101111111001010011001
00011000100110111000111111010000
00000000001100000111001110001011
00010011101011010101011100101000
00000000000000000000000000000000
11100011001011001100111000010001
00000000001111001101001001110011
10111111101101110101111001011101
00000000010011100001011000000100
10100111111100011011100011001011
00000000000001010100101111110011
10001110110100101000000110010111
00000000001011110110010111111010
00010010001110010101011010001101
00000000011001110100011000110001
11110001110010111011110110010111
00000000001111110111001100110010
01111110111001000110001100010101
00000000000100001001000100001100
01100110000001000101111010111100
00000000001110001101110000111001
10110101110101011010110001010011
00000000011000100011101111011100
11010110101111101111111100110100
00000000000001111111001110110110
11111100011100111110001011010100
00000000000000000000000000000000
00011100111111100010000100011001
00000000011010010100111101000011
00011010010000010100001110101000
00000000010111100011000010001110
00110101110010000101010101100101
00000000001010110110001100100001
01010111010111000100110011000000
00000000001001100001001101100000
11000011111110010110001010000010
00000000010001111010100100100010
01010101111011110100011110001000
00000000000110001010111011001110
00000000000000000000000000000000
00000000010110111011000010010000
01100011001010100110010011000000
00000000010010000011010011101011
01010101110010111011110011001000
00000000011111001011010111000010
11100000111101011110100011100010
00000000010100001010001000101001
00101001011111010011111110101101
00000000000000000001111010110100
11010000110010101001010000101110
00000000001011101011100101101011
01101000010010011010000000100111
00000000001101000101110110110111
00010000010011010111010001111000
00000000000000000000000000000000
11000111100001100111110011111010
00000000000100110100011101101101
01111101101101000111010011011001
00000000011010101111111101110001
00111001100101110110000011100110
00000000000011111011100011100001
00101100110101111000110011100111
00000000000110100001010111011100
01000100001101011000001011111000
00000000000101010100010100010001
01100111100101100100100100000111
00000000011000000000110010001001
01001101010011000110100011111100
00000000001000101010100101111101
11011000111111011000111010110010
00000000010100111010000100000101
10101000100010100011111100000000
00000000010001110101011011010000
00101101011110101001010101101000
00000000000010010010110001101100
10011100010110110110010110010001
00000000001101111101010100000101
11111011001110001011101100001111
00000000010000100000000110000001
01011100010110100110110110001111
00000000010101001101011010110111
00111011010111101101111011001000
10101111110001100110000001110000
11100111111011101010100001101101
00000000000111000010011010110111
10110011110100100101101010010011
00000000010010000000101111001001
10001100110000000101101100000111
00000000010010001001100010100100
11111110110111010000101100110011
00000000010110000111010001011011
10011111101001110110010010000111
01111101101101000111010011011001
00001011000100101111101011101101
00000000000000000000000000000001
00010110101011100100101000010111
00000000010010010010010001010001
00000000000000000000000000000001
00000000000000000000000000000000
11100111010111010000110001111011
00000000001000101011010000010100
00100110011101001111110100101001
00000000011000111110100101110000
00101011111101010101101010011010
00000000000110100000111110101110
11110000001100110001010111010101
00000000010101101001010101011111
01100011101001101000000011010011
00000000010010011011011011010010
10100101110111010110111001011110
00000000000010011010100111001010
10100001000001100101110010011010
00000000010110111100010111101001
10111111101101001101111101111110
00000000000100101101011101011111
10100110100101000111000011001101
00000000010011101011111010100011
01010101110010011101001111001001
00000000000111100011010011100100
11110001111100100101011001111001
00000000000000000000000000000110
00000000000000000000000000000000
00000000011010100110111101011100
01011011100011011000000011111110
00000000001001110111100100011101
11011000011001101001110111001100
00000000010010100101100001010111
01010011111100011110110101111111
00000000011100001101110110110110
11110011000010111011101111111011
00000000000000001110010000001110
10011101100110011110011111100011
00000000001000011101001001100100
10110000001111001111100110100000
00000000001001010111101001000111
00011000011100100111111000111111
00000000011101010101101110110100
00000000000000000001011010001100
00001110010001100111001000010100
11000010010101111000110010111100
00000000001110011111011000110111
01111101101101000111010011011001
00000000000011010100100011100010
11000110010100111101001100101100
00000000010111100111111100101011
00000100101101010000101100000110
00000000011101000000110101011101
00000101110100101010100000001000
00000000000000010111001100110000
11010111011110000001000010000010
00000000010110000110011010101010
11000100110110011011111010000011
00000000000111110010100001010101
00000000000111011000110101001111
00000000001010011010001100001111
01100001001000001101000001000000
00000000000110110101010100001111
10110111111010111011110011011000
00000000000000000000000000000000
01110111100001010100100001101110
11000010010111110011100011000011
01011011110011011110001001100000
00000000011010110011001101111100
11000101101011100100101111011010
00000000010111011011001110010111
11101001000101001001111000100011
00000000011111110110110100011010
11001111010100001010011110000001
00000000001110011100011000001100
10101010011110010000110100111000
01110100000001101000110011000100
00101110111001111110101101011101
00000000001101010000111101010000
00000000000000000000000000000000
00000000001001011010001101101010
10001100111101010100110010010010
00000000001000100011100110111111
11001111011101011011110001110110
00000000011010110000110000101101
10100001110110100110101010100101
00000000011101001101001111000111
00000110101101111010101011010101
00000000000011011000100111110000
10111111101011010000001011011001
00000000001010111001100001101100
01001110100100101000011001011111
00000000010000000000000011111111
11100011010011010001100111101010
00000000011010000011000001110100
11010000011001000010101110110001
00000000001010111110100110011101
00000000000000000000000000000000
00000000001000010101110111010110
01011010000101101100110011011001
00000000000000010001100111011001
00000000000000000000000000000000
00000000010001110010011111101100
11100101110100000011001110110100
00000000000101000111110100110011
10110111010000100110011100111110
00000000010110101111010100111011
01001101110110000101001101101100
00000000011011111010100000111001
00001000000101010000001100001010
00000000000011010001111000001000
01111011101001001111010001111101
00000000000111110011010011011110
10110000000001110100001011011110
00000000011010110111100101011011
11110100000001101000110011000100
00000000010111111001111110010111
00000000000000000001001010111000
00000000001001110010101110101011
00000000010010100100001001110100
00000000000000011100110000110110
01011011000111011111110010011011
00000000011110001001110110111010
11001110100110010110010001101110
00000000000100110101011000100001
11000101010011001100101111000111
00000000000110000111111010011011
11010001011000010111110000111011
00000000000010000110100110000111
00111101111011100100011111000001
00000000011110010000010001101111
11100110011101011011000000101111
00000000000101011000101000010001
10010001010011111000101100000100
00000000000000000000000000000000
00001111101101110101011110000001
00000000010100010100110110001011
11100001000000100101000101000100
00000000000110011001001101001000
11010011001010100000101011110001
00000000001011111000011000010010
01101010111011011111111001010100
00000000001110011100001011000111
00000000001001101100101001110101
00000000010111111111111100001000
01111001101110011111001111100110
00000000000000100100010111001111
00001101111100101111001011000111
00000000001011010000010101000110
11010011110011111110101001100111
00000000011110001011010001111101
10010010101010110100011100010000
00000000011110001101110000100101
01001101010001111000110001000110
00000000001000110110011000110110
11011110011110101101101011000000
00000000010010111000101010110111
01001000111010110111000100111011
00000000000000000000000000000110
00010011000100110001011000100001
00000000000000111011110011111100
01001110011010101011110110011010
00000000011101000110001000001101
00000000000000000000000000000101
00000000001010011111011011101110
10111000101010010000000110101111
00000000000001010100110111111000
11100010111100000110110111111000
00000000011110011001101001111101
11111111101111001100101010010001
00000000010101110000101010001110
10111111010000100011000001111100
00000000001001100011101011101011
11110011101110111010111101111101
00000000000101100000100100100110
00000100100100101001111100101100
00000000000101010100100001110001
00000000000000000000000000000000
00000000010000001001011111100110
01111110101001010011011011110010
00000000010110100100010000010011
11101011011101010000100110001010
00000000000000110010101111111110
00011001010010000101101111110010
00000000000001110111011011111100
11010111010001101110011011101010
00000000011010010010111011000001
01111101010110111001101100101111
00000000010001001111111001010010
10111011000000000100011000101001
00000000000001000000101100000100
11010110001101000110101000001100
00000000010001110110101000111111
11011010011010001011000110011001
00000000011011001100110100111111
10111001001001001001111010101000
00000000000100011010000011110101
00010011011110100101000110111010
00000000000110100111101100011001
11011111100111100011000110101110
00000000000000000100011001100010
10100011100110011010101000011011
00000000001010100111100101010100
10000000001010001011000101110101
00000000011100111001001100000001
00101011110010010000001010100000
00001110010001100111001000010100
10101111110001100110000001110000
00000000000110101010010001100011
10110001000010100100110000111110
00000000000010000001100111001111
11011110010001111100101111101101
00000000011010101111101100111101
01011110000010101011110101111111
00000000000000111001011000011100
11111111010111010011100000010011
00000000010111001101111111100111
10010101001111110001000101010110
00000000000110111111000011011001
11010101101101101010011000100000
00000000001010001011111000000111
10100100000001110111101101011100
00000000011000001110010011001100
10011100100000000001011000010000
00000000010110011101011000100010
11000011010010011110011100010100
00000000000000011011001100110011
01101110010110011111000010110010
00000000000000000001010101011000
00101001010000001111000001110101
00000000000011000110101100010010
11101010111001011110100110001100
00000000001111100110011111011110
01110010011100001100001110001101
00000000010000101111111010010100
01011101111100011011100010111101
00000000000001100011000011000000
01011001101001111010010111110000
00000000000000111011110011111100
01110010011111010001010010100101
00000000010011010110100111110111
00100100110101111101000111011000
00000000001101101111010011101010
00000011111100111000110011100110
00000000010011110101100000001011
11101111100110110110111010100011
00000000000000111000101000100101
01111100001010010010111010111110
00000000000111010100010100000011
01010000011011001000011111111010
00000000000001110111110101111110
11110110100001001011001011111100
00000000001111010110000011100101
11000110001110000110000101111011
00000000011010100011111100110011
10110111111010111011110011011000
00000000010110001100111001010110
11101000010101010101110001010001
00000000001110011010000101000000
00000000000001111101010100100011
00000000011100110011100110101000
01000000000111110101010111101011
00000000001101101100000111001111
00011010110010000110011110100110
00000000001011000100001010010110
11100010111100111100011000110011
00000000001100111011111101100101
10010001001110110011100110001001
00000000011010011111101000000110
00000101101100000111111000110010
00000000000000000000000000000110
00000000000000000000000000000000
00000000011101000000000111110010
11100010111100000110110111111000
00000000011010010011111001000000
00100001000000101111100000110101
00000000010111110110110111111110
11001011000100000110110110111101
00000000000000000000000000000000
11101010111000101001011011000100
00000000000110000111000000011011
10011111110100101011001010010001
00000000000111101101001011001000
00000111011000111110010110111011
00000000001100001100110111011100
10000010111101111011111011101111
00000000000010101010111110100101
00000000000000000001111100000000
00000000000000000000000000000000
11000101010111100110000010100100
00000000000010110000100001110010
10100000011111111101010000001111
00000000011111011001110101111100
01001000010101010010111011000101
00000000011110101001011111111010
00000000000010101010111110100101
00000000000000000000000000000000
01110101011111001000000000110100
00000000010011011010110011100100
00011000001000011101000101011001
00000000000000000001011111110100
01110101000011000101100000010110
00000000000101110010001011110100
01101111010011011110111001010000
00000000000111011110001101000101
00110011001110110000010000001000
00000000001110111001011110010111
00011101011010100100111101001110
00000000010000111001001000011011
00101111111000111010000000100011
00000000001111011001101111101110
00100101101100110001010101001101
00000000000110011110010101110100
00110101111011100010111000100011
11110111110001100110000100001100
01110011110101110001110010001011
00000000010110010001111010011001
01000000111011000001110101101110
00000000000000000000000000000001
01110101010111001110010101111011
00000000010101100000011110001011
11011011101100010011101111101111
00000000001111101010000110001101
11001011101100001000010011001011
00000000000101111101101011111101
00001110010001100111001000010100
00000000000000101011010111111010
10110100001110010011001011011100
00000000000000000001111111101100
01100100111110001001011001011110
00000000000010100110110111111110
00000000010001000101011111000100
00000000010000010010011111010001
00000000000000000000000000000001
00000000000010111100100111000110
10100111100101111101101011000010
00000000011010111101001100001010
00101000101010011000100000111111
00000000000011010101111001010011
10011111001111110111100100100010
00000000000101011001111001001010
00000000101101010010010011111101
00000000010110110000010010101100
10000001101000110010000110111100
00000000000000101001000011001001
00101001000001100011101110010001
00000000011011101111101011010011
01110000101110001000100111011010
00000000000110000001110100110001
10101110010101010001001111111100
00000000001100000111110100101100
11001011000000010111111110001100
00000000000001111000100111111011
00111100100110011111000101110001
00000000011111110011110111110000
00110111011010000101100001001101
00000000001011110001101001110110
11100011011000111011100111010100
10000000000100011000111010000001
10111101011100000001011101000101
00000000000100010011111001010011
10101001111111011000111111111010
00000000010100000110011000101000
01100110000100001001111101000011
00000000000010011111000000101001
10000010001010110111010011000000
00000000011010000100100101011111
10101000001101010011001100000110
00000000001101101100011101010011
01011011101010011100001001000010
00000000000101010011111100011000
11111001010001010011100001011000
00000000001110100110011100001101
10000010110011000110111101101111
00000000011010110001100011101111
11010111011111011011010011000111
00000000000001101111100010010011
10110111101011001101010110101010
00000000000000000000000000000000
00100010001100000000010000010010
00000000011111000001000001011001
00010101010011010110100001111010
00000000000110001010010011101001
01100001100100100001000000100101
00000000001111111100110100100101
00101111101001101011010101110011
00000000000101110110011011001100
11000011011010100101011100000100
00000000011101000101100011010001
10001000100000001100011010000111
00000000011000010001100001110001
01110010101010101111010110110011
00000000001101111100011001000010
10000100001001100001100011000001
00000000000000100100001111011101
11001000001101000011101100010000
00000000001111101100111000010110
00000000000000000000000000000100
00000000001111100011111100000011
10101001101111010110011110111110
00000000000001001111011101011111
11101101010110110111010011011000
00000000011001000000010110111011
01001100010100101010110101111011
00000000001011000110101011011101
01100001111010000110111110011010
00000000000000000000000000000000
01110101110011000001101011110000
00000000010010100101101110011111
10010000000001111101101100011110
00000000001000111111110000100110
10001011010010011001101100110100
00000000000000111101110111011100
01111010100001100000011110100001
00000000011001001010111100011110
11101100001110111010000111011100
00000000011110000010111001001100
11010000001011110001100111111101
00000000001000110001100111101111
00110101110101000010000110111010
00000000010110101110111000000011
11101001110001111000110001010001
00000000001101010101011110101110
10001010110011100110100010011110
00000000000000000001011001010100
10100110100011111000100100110100
00000000000100101101011101011111
00011111101111110101010000101010
00000000011011100101001100100111
00000000010010001110011100101000
00000000001111000111110000100101
11100110111000101100010001011101
00000000000000000000000000000000
01010101001000100011001111111000
00000000001111000010111110101001
11001100010000110000001100111011
00000000000111000000111011000100
10111010000001011011111111111111
00000000010100000100101011101100
00100110001110100100110000111111
00000000011110111011000111010100
00101101111100001000101101010111
00000000011110100001111110010110
11000001001110001010010111100010
00000000010110111010100110111011
01011100100100100011000101111110
00000000011000001101011011000100
11101000000111110010000111010001
00000000010010100011010100001000
11000011100101011110110000011011
00000000001110100001101111100001
00001011011000000111010010101011
00000000010010001000111001000100
01110011101101101011101011111100
00000000000000000000000000000001
10011011100011000001010100101011
00000000000000101010111101001100
00000000000010101010111110100100
00000000011011010111111111111101
01011000010011100110011010100000
00000000011011001100100101111010
01001001101011101000111000101110
00000000010001010111000101011100
00000000000000000001011010001100
00000000011101001010111010110000
00000000000010101010111110100101
00000000100101001011011100111110
01001001110000101111111011110100
00000000000000000000000000000001
11011011111111111111011001101000
00000000010010100101101110011111
01110111000111100000011010011111
00000000010001010001011110011011
00000000011100101001110010101110
00000000000101000111001010001011
11100001000111100110011110110111
00000000010100000010100100000010
10111111000111110101111001000111
00000000010001100000100110000110
01011001110011111101100010000011
00000000011001110001000000010110
01110000111001111100011111010111
00000000001111000111110000100101
01101011100000100110100011100111
00000000010110000001111000111111
00001110010001100111001000010100
00000000010101010010110101101100
11101000000111110010000111010001
00000000000111100011101011010111
11011110111111010001011110111000
00000000011101100011110000010110
01111011111100101010101111000010
00000000001011001011111011001100
00111000111011001110110111011110
00000000011110110110000110010111
11011011100010110111110111001011
