01111111110000000000000000010011
01111111110000000000000000010011
01111111110000000000000000010011
11100000000010110000010111010011
00000000110100001010100000110011
11011101110000000000101000010011
00000010110000000010110110000011
11110110000100000010000000100011
11000010011100000010001000100011
00000001010001011001011110110011
11001010111000000010111000100011
00001001100100010000100001010011
01001000110100000010111000100111
00000000110010101000100011010011
00000001110100101000001100110011
10111110110000000010111110000011
00000000111101110000100110110011
00001000010100101000110101010011
11010001101100000010100000100111
01110110101100000010111000100011
00001001001001011000110011010011
00000000101010110000101000110011
00000000100101010000011110110011
00000000001111110101011110110011
10000100100000000010010000100011
10100000110101011001000111010011
00000001000100110000101101010011
01011011110000000010100000000111
00011100101100000010100000100011
00000000011100111000100000110011
10100000101001010001101011010011
11100100101100000010100000100011
00001001010100011000001011010011
00000001110101011101100100110011
10001101110000000000000010010011
00000001010101001010100010110011
00000001010100100010110000110011
11100000000010011000110111010011
01000000011101110000111110110011
00000000000010110001111100110011
00010110100000000000001000010011
00000001001100011001110100110011
01000111110100000010011000100111
01000000110000000010001000100011
00000001101001111000101000110011
00001001101111111000010001010011
10100000001011000001111101010011
00001001010111100000001111010011
11110100010000000010101000100111
01110100000000000010111010000011
11100000000000010000111101010011
00001000100000011000100001010011
10100000010110100001111101010011
00000000000000111000100011010011
01010100110100000010100000100011
01101011010000000000100000010011
01100111000000000010101000100111
01110000100000000010001000100111
11000110110000000010111110000111
00000001001111001000100100110011
00101011010000000010101110000111
00000001111110111000010101010011
00001000100100010000011011010011
00000001010001111000010100110011
11001110000000000010111100000011
00001001010011000000001101010011
00010101000000000000101100010011
10100000110100100001111001010011
00000000110001000001110000110011
01000000001000110000111000110011
00000001110001000101101010110011
11100000000011100000000011010011
00000000000011000101100100110011
00000000110000110000100000110011
01010011011100000010110000100111
10100001001000111001110111010011
00000000000100101001001000110011
00000000011100111001010000110011
11011000001000000010001000100111
00000000001000110001001110110011
00111010110000000000101100010011
11100000000000001000100011010011
00000001010010001010001110110011
10001010010100000010111000100011
00000001101110100000000111010011
00100010110000000000111010010011
00000001000001111101101010110011
00110011010000000000011100010011
00000001011111101101011010110011
01000001010101010000110000110011
00000001100010110010010100110011
00000001001000110101111100110011
00010110001000000010010000100111
00000001011111010101101000110011
00000001101011110000010011010011
01101100110100000010101000100011
00000001100110000000000010110011
11100000000000000000110011010011
00000001100101110101011010110011
00000001011010001101100000110011
01111101100000000010010110000111
00100010110000000010110000000111
11100000000010001000011001010011
01000000010101110000100010110011
11101100100000000000010100010011
11110111011000000010000000100111
00000000111011000010111110110011
00000000011111001000111001010011
10100001111000100001111111010011
11001001110000000000110010010011
01101011111000000010110000100011
01001000010000000000111100010011
00000001101101011000011101010011
00001001011011111000101111010011
00011000100000000010000000100111
00000000010001100010100000110011
00000001011000101010110110110011
00000000101101111000001011010011
00000001111001001000101101010011
00100010110100000010001000100011
01101110110000000010100100000111
00000000101011110101011010110011
00111111111100000010011000100011
01000001011100100000001100110011
00001001000001000000101111010011
11010111000000000010010110000111
10100000101001101001011111010011
00000000011111100000100000110011
01000000011010011000000010110011
00000001001101000010000110110011
00000000100111001000000101010011
00000001101011011000110111010011
00000001110101001000010100110011
00011100000000000010100000000111
00000000010001010001011000110011
01000001111111101000001100110011
00001000101001000000011001010011
01011010011100000010100000100111
11010011011100000010111000100111
10100001001010101001110001010011
00000001110111100010110010110011
01000000000110101000001000110011
00000000010110001000000010110011
00001001100010011000010101010011
11010111100000000010010010000011
00000001110011001000111100110011
00000000100000110000111101010011
10100001111001111001011011010011
01000001110010001000010000110011
01100110010000000010111110000111
00000001001101100010100110110011
00000000100000001010111100110011
00000000001011110101010010110011
01001011100000000010001000000111
11100000000011111000010111010011
00011110000100000010101000100111
01000001011101000000101110110011
00000001111101101010001110110011
11011001000000000010110110000011
00000010010100000010011000100011
11011111000000000000101000010011
00111011101100000010111000100011
00000000111100011010010100110011
00000001011111001000000010110011
11100100100000000010011000000111
00000001011101111010011010110011
10001001100000000010010000000011
00001001000001010000101101010011
00000001110100000001100000110011
00000000101000010001001110110011
00000000111111100000010111010011
10100000101100110001101001010011
10100011101100000010010000100011
00000000010101001010111110110011
00000001010011101101111010110011
00000001000110010101111110110011
00110111111000000010110000100111
00000000111100110001100110110011
10100001101000011001111011010011
00000001000110110000110110110011
01000000101110010000101000110011
00011111100000000000110110010011
00000000010101001010000010110011
01000001110100011000101000110011
10011010000000000000111000010011
11000001000000000000000100010011
11010100011000000010011000100011
11100000000001010000001001010011
11111001101100000010111000100011
10101110110000000010110010000111
00000001000110000000101001010011
00001001000111111000111011010011
00000101001100000010001000100111
11100000000001010000010001010011
00000000000011011001100100110011
01000000100101111000001000110011
10100001001101101001010101010011
01110001101000000010101000100111
10100001110101000001111101010011
01000001001101010000000110110011
00000001100111011010101100110011
11110110010000000000001100010011
11111001000000000000001100010011
00000000001011110010100110110011
01000000111011010000101110110011
00110011101000000010010000100111
00000001000001000000011101010011
10111101110000000010001010000011
00000000110100001101110010110011
01111001110100000010111000100011
00001000011100111000010011010011
00001001111100001000111101010011
10101001000000000000101010010011
00000000011111000000000100110011
10100000100000100001110001010011
10100000001100001001110001010011
01101011010000000010010000000011
10011000010000000010100110000011
01001110000100000010110000100011
00000001101110011101100110110011
01000001010111111000100100110011
00110100110000000010100010000111
00001111010000000010101100000011
01000000111110101000110100110011
11100011000000000000110010010011
11001011001100000010100000100011
00000000011100111000111100110011
00000000010111100001001110110011
00000001100111001000111111010011
00110110010000000000110100010011
00001000110010001000011011010011
00000001001011101000000111010011
01000001101101111000111110110011
00000001010111000101010000110011
10111101100000000010100100000111
00001001100011111000111011010011
00000000110010110001011100110011
01010110010000000010100010000011
00001011001000000010010000100011
00000001100010110000001010110011
00000001110100010010110010110011
00000000110011010000110010110011
00000001010111101010101100110011
10100000010010001001001011010011
01101001000000000010110010000011
01100100100100000010010000100111
01000001000010111000001000110011
00000001111100011010100000110011
11101000010000000000101000010011
00000000011110000000010110110011
11100000000001101000100001010011
00010011010000000010011010000111
10101010010000000010011010000011
11011111100000000010001000000011
00011000100000000000110000010011
00000000011000110000110010110011
00000001101111001001011110110011
00001000011100001000001001010011
01000001110001111000010110110011
00000001110101100101000100110011
10100001111111111001000011010011
10100001011001110001010011010011
11001111010000000010010100000111
00001000110101000000110101010011
10100000110111000001011001010011
11100000000011101000101101010011
00000000100111011001001010110011
00000000101010011000101111010011
00000000011110010000110110110011
00000000101100101000100011010011
00000000111001100001101110110011
11101101111100000010101000100111
00000000111111000001001000110011
01001110011100000010100000100011
00000001110000010000001100110011
11001101010000000010011110000011
10000011101000000010001000100111
00001001100000001000111101010011
11110101000000000010110010000111
00000001000010110101100010110011
01000001011100101000000110110011
11110110010100000010100000100111
00000001100011001001110100110011
10100001111110011001010101010011
00001000100010010000011111010011
11100000000010100000100001010011
00001000000011110000100101010011
00000001111101001101111010110011
11001110000000000010010000000011
00000000010010001010010100110011
00000000010101100000001101010011
10011110101100000010001000100111
00111001010100000010101000100011
00010110010000000010001100000111
10100101110000000000001010010011
00000001101111100000010101010011
00100111000000000010010110000111
01000000001011011000110010110011
01110110110000000010100010000011
11001101110000000000101100010011
00000001110011000010010010110011
00000001000110011001101000110011
01000001000000000010111000000011
11100000000010111000010011010011
00000001000000111000100101010011
01000001011011101000111110110011
00001000110110011000011101010011
11010010001000000010100000100111
11100000000010010000000111010011
01111110110000000010100110000111
01001001100100000010101000100011
11000101010000000000100010010011
00000000100011110000011110110011
10100000110011100001101111010011
10011100110000000010111100000011
00000001000100110000111000110011
01010110100100000010001000100011
01000001110001000000011110110011
01100110110100000010101000100111
00000001111111100001101010110011
11001101110000000010111000000111
00000001001111001101101110110011
11100000000010001000011101010011
00110110001100000010000000100111
11100000000001011000000111010011
11100000000000011000000111010011
10101001110100000010001000100111
11100000000010101000110011010011
00001001111110010000011011010011
01011000000000000010111000100011
11100000000001100000001001010011
10001010100000000000011000010011
00001000110000000010011000100111
11101010101000000010001000100011
00000001110111111001010110110011
00000000111100011000010111010011
11100100101000000010110000100111
10001100010000000000011000010011
10111100100100000010100000100111
00110111100000000010111100000011
01000001111001110000001100110011
10100001010001001001110111010011
00000001100111111001100010110011
00110101110000000010000100000111
00001100010000000000010010010011
01100100110000000000110100010011
00000001010101000010110110110011
11100000000001101000100101010011
00000001000001001000011001010011
11100000000011010000000111010011
00000000010000110001101110110011
10100000110111110001000011010011
10100001000000000000110010010011
01000000110011100000110010110011
11100000000000101000111101010011
00100101000000000010000110000111
11110000100000000010000110000011
11101000010100000010010000100111
11100000000011011000010011010011
00001000000100001000111001010011
11100010000000000010011000000011
00000111110000000000010010010011
11100000000001100000011111010011
00101100010000000010011010000011
01000000101100100000101110110011
10011001010000000000111010010011
00110000010000000000101010010011
00000111101000000010001000100011
11101001011000000010110000100011
00001001011110101000100001010011
11100000000000101000011111010011
11010101100000000010011000100111
10011010100000000010100010000011
00000010100000000000100010010011
00000000111001100000101100110011
01010010000100000010110000100111
01000001001100001000101110110011
11101011110000000000001110010011
01000001111101111000011110110011
10100000010101010001011111010011
00001001100110001000011001010011
00000000110100111001111100110011
01000001100101001000111000110011
11100000000001100000111001010011
00001000010010001000111101010011
00001110000100000010111000100011
00011110010000000010000010000011
00000001101001101000111100110011
10100001101100101001100011010011
00000000010111010010001000110011
00000001000101110000000100110011
11110100100000000010101110000111
10100000001000100001101101010011
00010010100000000000001000010011
00000000001011111000001111010011
00000001011000100000000110110011
00000001001010111000000101010011
00000000001001011000010001010011
10001101010000000010011100000011
00001001000010111000111011010011
11100000000011001000101101010011
01000001100101011000001000110011
11011100010100000010010000100111
00000001110100010101101010110011
11001101110000000010111000000111
11100000000000101000011011010011
01101000110000000000100010010011
10111110101000000010110000100111
00001001110111010000011111010011
00000001000101010010011110110011
00110111100000000010000110000111
00000001000100000000011110110011
11100000000001101000101101010011
00000001010111001101010110110011
00000001010101001101101110110011
01000000100110001000011100110011
00000001000001001001101100110011
11100000000010111000011101010011
01100100100000000010011000000111
00000000110111011000111010110011
01000001001011101000100010110011
00000001101110101010000100110011
00000001000111100000100010110011
10010000101000000010010000100111
00001100100000000010100000000111
00000000101110111000100011010011
00000000001010111000011010110011
00000001000000001000111101010011
01001101000000000010011010000111
00000001001010010000011001010011
11100001000000000000111100010011
00110110110000000000111000010011
00000001000111101101111100110011
00000000111001000101001110110011
00000001111100000001000100110011
00000000110111111000000010110011
00001001110101100000001001010011
00000000100000110000100111010011
00000001100101000001101100110011
00001000000101111000101011010011
10111011000000000010001000000111
00000001100111110010001100110011
00000001100011101001110000110011
00000110110000000010011110000011
11110110100000000010010000100111
00000000011011010101001100110011
00001001101111010000101001010011
00100000000000000010100100000011
00000001111101011101101000110011
00000001111111001001111010110011
00000001011000100000111111010011
11100000100000000010101110000111
00001001001011011000011101010011
00000001011001011001100010110011
00000000011000101101101000110011
01000001100000111000101000110011
10100001100100000001111011010011
00000000110111110000101111010011
11100111010000000010010000100111
00000001111000001101001010110011
01000001011011000000110110110011
11011110110000000000000110010011
11110110100000000010000110000011
11011100110000000010111100000011
00100001100000000010101000000111
00001001110110011000010011010011
00000001010110000010101110110011
11001101100000000010110010000111
01001010101000000010000000100111
01000001010000000010000010000011
01000101000000000010011000100011
00011111010000000010111000000011
10011001000000000010110100000111
00000000010000100001101010110011
00000000101101010000111111010011
00000001100111010000111111010011
00000000111110101101110000110011
00000000010110010001111010110011
00001001100001101000000101010011
00001001010100010000010111010011
00001000110011010000111001010011
00000001110000110000000100110011
00000000110010111010011100110011
00001000000010010000110111010011
00100101110100000010100000100011
10100000110011000001110011010011
01101110001100000010011000100111
01000010111100000010111000100111
01101000100000000010000000100011
01001011110000000010110000000111
11000011101000000010101000100111
00001110010000000000011000010011
10101111110100000010001000100011
00000001110111001000101110110011
10011110010000000010000000100111
01110100110000000010010000100111
01110010110000000010110000100111
10100001000010110001000111010011
00000000101100000001110110110011
00000000100100000010011000100111
11100000000011010000001011010011
00001000101110001000101001010011
00000000011110101000010011010011
00000001111000000000100101010011
00000001111111110010111010110011
10100001011111111001000011010011
01000001010101010000100100110011
00000001010000111101111100110011
01000001100000000010100010000011
00000000010110001001110110110011
00000000011110000001101100110011
00000000101000111001100000110011
11100000000011011000000101010011
11100000000011110000011111010011
11100000000000011000100011010011
11100000000001100000111011010011
00000001011110110101010110110011
00101001110000000010101000000011
00000000000111011001110110110011
00001001101000001000001111010011
10100000111100110001001101010011
11100000000010001000001111010011
10010110100000000010101000000011
01000001000100111000010010110011
00000000100101010101100010110011
11100000000001110000000011010011
01000000110000000000111000110011
00000000100101101000100100110011
00000001001010011101010010110011
01111000000000000010010110000011
10010100000000000010110000000111
01000010101000000010101000100011
11101111110000000000100100010011
11111100100000000010110000000111
10110010010000000010101000000111
11100000000011110000011011010011
01100001000000000010010110000111
00000000001010101010111000110011
00000000001010110101001010110011
00001000001101010000100011010011
00000000110010111101010000110011
00001000001111101000100001010011
10101111110000000010000000100111
00000000010010100000110111010011
10100000111101111001110111010011
00000001000100000000111111010011
00000000110010010000101110110011
10000010000000000010000100000111
00000001001010010000001001010011
00010010100000000010100100000111
00001000001000011000000111010011
00000001110001010101010000110011
01000001000100110000110010110011
00000001000111000010101110110011
11100001101100000010000000100011
00000000101110110000001101010011
00011100010000000010011000100011
10111100010000000010011010000011
00000010010000000010000110000011
10000001100000000010101110000111
00001001100010110000011101010011
00000001000101111000110101010011
01000000111100110000110110110011
10100001110101011001001011010011
00001011100000000010000110000111
01000001110000000000011000110011
10100001100100110001000111010011
00000001100110001000001110110011
00110011000000000010100110000011
00000000001001011000110011010011
10100000000101000001111011010011
01101000010000000010101110000111
00010110110000000000000110010011
00000000101001100010101100110011
00000001010101010001001110110011
00111110110000000010111000100111
00000000011110111101100110110011
01011000001100000010001000100111
00000000111111001101010110110011
11110101110100000010111000100011
01000001100110011000111110110011
10100000110011001001001001010011
00001000001110110000110001010011
00000001110110100000111100110011
11101000000000000010110110000011
10100000011000111001110001010011
01000000110011111000101110110011
11100010100000000010010110000111
00000001111010111000011011010011
10101111010000000010010100000011
00000000010001010000001111010011
00000000000110011101000010110011
00101010001100000010000000100111
00000000001110111000100110110011
00000001011011111001111010110011
00001000001110011000010111010011
11100101110000000000000010010011
11001111100000000000001110010011
10100000100000000001011001010011
00000001111110100000110110110011
00000001011001111101101110110011
00000000011101101001000100110011
00001110010000000010100000000011
10010101100000000010111000000111
00000001111010100000111001010011
00000000000011000000110000110011
11111111010000000010111000000011
10100001010000111001011011010011
00000000111011110000100011010011
00000000000110000101100110110011
00000001011010000010011110110011
01000000000101110000101100110011
01000000001111100000110100110011
00111000000000000010111110000011
11000100100000000010101110000111
10111110111100000010000000100011
11100000000001001000111101010011
01001101010000000010110110000111
00000000110011011000101110110011
00000001101111001000011011010011
00000000100010110010000100110011
00000000111111110000010100110011
01111100100000000010110100000111
11001010001000000010111000100011
11100000000000001000001101010011
10111111001100000010111000100011
00000000100011001000100001010011
00000000101101010000101011010011
00001010100000000010011100000011
00001000110010001000010011010011
00000001111011101000110100110011
01000000010100101000100000110011
10100001001011010001111001010011
00000000100011011010111110110011
01000001001110000000001000110011
11100000000010010000101111010011
01110011010000000010011010000011
00001000000011000000100001010011
00001000100010101000101011010011
10001110000100000010010000100011
00101111010000000000101010010011
00000000001110100101011110110011
01000001011011111000010000110011
00000000011111100001101000110011
00000001010110001101111110110011
00000001010011010000001011010011
10100001000110010001000111010011
00000001000010101000101011010011
00000001001010100000011110110011
10010100010000000010111000000111
00000001110110100000001000110011
00000001010010100000010011010011
00000000011000011101100100110011
11100000000011110000010101010011
11100000000000110000000101010011
00110100010000000010110000000111
10001100101100000010001000100111
00000001101101000010110010110011
00000001111011111001101110110011
00000001110110101000111001010011
01000000001110011000110100110011
11100000000010010000110001010011
11001101110100000010000000100011
11001111010000000010111000000111
00000000011011001000101101010011
01000001111010100000100100110011
10100001011101010001101001010011
00001000100000000000001011010011
00000000101111111101101110110011
10100000011101010001101001010011
11110010011100000010000000100111
01110011110000000010011000100011
01111010010000000010110110000011
00110100110000000010010000100011
00000000010001111000011001010011
00000000010011010010101000110011
10001000010000000000011010010011
01000001110101001000010010110011
10100001111101010001011011010011
00000001010101110000101101010011
00000000100110101010100000110011
11110101000000000010011010000011
00000001110101110101001100110011
00000000100111011000100010110011
11100000000010110000110011010011
00000000010010010001001110110011
00000000100111100101100100110011
11100000000000100000110111010011
10100110010000000000001010010011
00000000011011000001001000110011
10010011001100000010000000100111
10100001000000001001111111010011
00000000110101111001010100110011
00000001100110111101010100110011
00000001011010100101101010110011
01100110000000000010010010000111
00000000010001110010100000110011
00001000000000110000010101010011
00010011111000000010001000100011
10100001101111110001001001010011
00000001110000000010000100000111
00000001110110110001000110110011
11010100000000000010100100000011
10010101101000000010010000100111
10100000111101111001101001010011
00000001011101110001110110110011
10100001101110001001011111010011
01000001100110100000000100110011
00000000001001001010111000110011
00011101110000000010101100000111
00010001111000000010100000100011
10100001001000111001001011010011
00001001100010101000011101010011
01000001111001000000010100110011
00000001011100101000001000110011
01010010000000000000011100010011
00000000010111100000000010110011
00000001111011010010111000110011
01010111001100000010010000100011
11100111000000000010111100000011
10101100101100000010101000100011
00000000011000110000011011010011
10110100110000000010100010000011
00000001100010111010110000110011
00000001000100001001101000110011
00001000110011101000100111010011
10111110110000000000111010010011
00001000111011111000101101010011
11100000000011101000000101010011
00000001001000111001110000110011
10010101100000000010110000100011
11100100000000000000101000010011
00000001111000101010111100110011
00111101000000000010000010000011
11000110100000000010100000000111
11010100100000000010001000000111
00000000110010101101010000110011
00001000111110001000101011010011
00000000011110100000110101010011
11111011110000000010100000100011
10100001010101110001001111010011
00000000100111100000110100110011
00000000011010111101110010110011
01000000001101001000101000110011
00000000110100111001110000110011
00000001101010011101101010110011
00000000111001011001101110110011
01000000110001111000100010110011
01001010000000000000000010010011
10001100110100000010111000100011
00000000001110010010001010110011
01001001100000000000011010010011
00000000000101011000011100110011
10110110111000000010001000100011
11100011010000000000011100010011
00000000001011010000111010110011
00000001100100110001100000110011
11001011110000000010011100000011
00000000001111001000110100110011
00110011110000000010110110000111
00000000001101101000010100110011
00000000100100001101010110110011
01101111000000000010100100000111
00000001110000001010001110110011
00001001001101001000111101010011
00000001000100100101111000110011
01100011100000000010011100000011
10111101000000000010110010000011
00000001011110110000101000110011
00001001000000100000111111010011
10100000100000000010111000000111
10000010010000000010001110000011
00000000011010001101011000110011
00000001111111011000001010110011
00001111010000000010101010000011
00000000101100101000001000110011
01101010000000000010010000000011
11111010100000000000011110010011
00000000101111111000001010110011
00000000110000000010111010110011
10001001101000000010110000100011
11100000000010011000111101010011
00000000101101110010101100110011
00110000010000000000001010010011
00001001000000000010010100000011
00001000011111111000110001010011
10000011010000000010000100000011
00010000110000000010011000000111
00000000001110100000101010110011
00011111010100000010111000100111
10100000011101101001001101010011
11100000000010011000111101010011
00100000101000000010110000100111
00000001001011001001111010110011
11010011000000000010111100000111
01001110110000000000101010010011
11100000000011101000010111010011
00000001110101001000100001010011
10110101100000000010010000100011
10110000011100000010100000100111
10011110110000000010001000000011
00000000100100011001010010110011
01001000111100000010011000100111
10000011110000000000101100010011
10100011100100000010001000100111
11100100110000000010011100000111
00000000100011000001101000110011
00000001000010111000001111010011
01100100100000000010100110000111
00000000000001101000001111010011
00000000001110111101010110110011
10100001001110111001001111010011
01000000000010111000010000110011
00000001001101001001010110110011
11101000010100000010110000100011
01010100001000000010001000100011
11011011010000000010111110000011
00000000100111111010111010110011
00001001110000100000111111010011
10100001110111111001000101010011
10100001111010110001010001010011
00000000011110010000110001010011
11100000000000011000000111010011
00000000110011111001110110110011
01111100100000000000101110010011
00000000111001011001100010110011
11100000000001110000100111010011
00011001110000000000101110010011
00000000111100110101010110110011
00001000111001101000100011010011
11010110110000000010111000100011
00101101000000000010010010000011
00000000011001100010000010110011
11101011100000000000101000010011
11011001001000000010111000100111
00000001101110110101010010110011
00000000100010100000001110110011
11100000000000110000110111010011
00000000101100101000101001010011
01100110000100000010010000100111
11110110010000000010010100000111
00000001110110101001101000110011
10011111000000000000100110010011
00001000011101100000000111010011
00000000110101100010010010110011
00000000001100111010101000110011
11100000000011001000101011010011
01000001010010101000100110110011
01001001100000000000101110010011
00000001111100111000010001010011
00000001100101001101100110110011
00000000110101110000010110110011
00001001000011011000100011010011
00000001000010100010111100110011
00000001111101011000101011010011
10110110010000000010111100000011
00000001001110111101110110110011
00000000000001000010101000110011
10100000101001001001101111010011
01000000100001101000101110110011
00000001000100101101100100110011
11100000000010010000111001010011
10101011110000000000010110010011
01101011000000000010001000000111
00000000011010100010010100110011
10100110000000000000001110010011
10100000000001101001001011010011
00001000111101110000111101010011
00000001010100101001101110110011
00000000101001111101011100110011
10100001100001100001110101010011
00001000011010000000111101010011
00010000000000000010101000000111
00111111100000000000000100010011
10010100000000000010101100000111
10010010000000000010000010000111
11100000000001110000100011010011
00000001011101001101100010110011
00000110100000000010110100000011
11100000000010100000110001010011
11100000000011110000100011010011
10011100101000000010001000100011
00000000000110100101011100110011
00000001010101100010010000110011
00000000000111110000101111010011
10001110010000000010110000000011
01001100000000000010000100000111
11111101011000000010010000100111
00000001100001110000000011010011
00110100110000000010111010000111
10100001111000001001011101010011
10000101110000000010011110000011
00000000001000001001000010110011
01000001001101101000011100110011
00000001010001110001100110110011
11100000000011010000100001010011
10100000000101001001110111010011
00000001000000111000110000110011
00001001110101010000110111010011
11100000000011110000110001010011
00000000001100010010001000110011
00001000100001101000010111010011
00001001110110011000001101010011
01000001110101101000011110110011
00000000000101100000000101010011
00000001101110110101111110110011
01000000011101100000000100110011
00000000011111111000101010110011
00000001000111111000110011010011
10100000101110001001100111010011
00000001001101011101110010110011
10100001011010110001101001010011
00000000000111110010000010110011
00000000101110011000101101010011
10100001110001011001111011010011
00001001110011101000011001010011
01000000011010000000001010110011
00010001000000000010000110000011
00000001000001100101110100110011
11111110100000000010000000100111
10110001000000000010100000000111
00000000000000101010101100110011
00000000100010100000111010110011
00110100010000000010100010000011
01000000010110100000111000110011
00000001000100100000110001010011
00000000010111110001000010110011
00000110011100000010011000100011
10100001100101110001111101010011
10100001100100000010100000100111
10101001101000000010101000100111
00000001011001101101110010110011
11100000000000111000010001010011
11100000000000011000001111010011
00000000110111001001001110110011
10100001110011110001101111010011
00000001010010100001101110110011
11100000000001101000100101010011
10110001010000000010110010000111
00000000101100010000110111010011
00000001000101110010111110110011
01000000101101101000001000110011
00001001110100001000011101010011
01000000111101100000010000110011
01000000011101111000001000110011
00001001101100000010100000100011
01110111000000000000110100010011
10100000110011001001101101010011
00000001111111000001110110110011
00000000000101110000010000110011
01111000111000000010000000100011
00000000011110010000010110110011
00001000010100111000100101010011
00000000111010100010011110110011
00101010110000000010111110000011
10100000101110011001011111010011
00000001010110110000101110110011
10100001100101010001011011010011
00000001011100010010000100110011
00000001110010110000000100110011
01001100001100000010101000100111
11000101000000000010001010000111
11001001000100000010001000100011
11100000000001000000110011010011
10100001000111111001001111010011
00001001110110110000011011010011
00000000010001110000000101010011
01000000110100110000011000110011
11100000000001000000101011010011
01111111000000000010010000100011
11100000000010010000110001010011
00000000111011000010010100110011
10100001011001111001001001010011
00000000101010101000100101010011
00000000110111011101110100110011
01111011000000000010011000000011
11100000000000000000011011010011
00000000000100100001001100110011
11001000000000000000010000010011
00000001010101010000111110110011
10100001111001110001000101010011
00001000011010000000001111010011
00001001010000000000101100010011
00000001100100010000101100110011
11100000000010000000100101010011
00000000001001111101010110110011
00000000011000101000111110110011
00000001110000011000010111010011
00000001111111011101000110110011
01000101100000000010000100000111
10100000100000000001001011010011
01101111000000000010011010000011
11001101000000000010001010000111
11000001100000000010100010000011
10111001100000000010111110000111
00001000110010001000000011010011
00010011101000000010001000100111
00000001010010000000111001010011
00000000100001101001010000110011
11100011010000000010110100000111
00000001000011100001001000110011
01000101110000000010001000100011
01000000010101011000111110110011
00000001011111101010111110110011
00001001100001001000100001010011
00000001100101100000101101010011
10001001100000000000001000010011
10011101100000000010010110000111
11101000100000000010111110000111
01000000010100001000111000110011
10100000100011101001011101010011
00000000010001010000110011010011
00000001111001001101001110110011
00000001011101101001101100110011
11100000000011010000110001010011
00000001101001011101011010110011
01000000001110110000001100110011
01000000011000100000010000110011
10101010100000000010101010000011
01000000010010001000001000110011
00000000111001001010101010110011
11100000000011110000010101010011
11111011100000000010101100000111
00000000000000000000000001110011
00000000000111111110101100010110
01010010011000100110001011100110
00000000001000111110000100000010
11101010000000001111011110101011
00000000010110000001001111111000
00111010100101001101000101101111
00000000011101111101111001001111
10000001111111101000010101011011
00000000011010111010101011110100
00111111110101101101011011000111
00000000001011111011001010000011
00001011001101000010001011111010
00000000001111010100101111110100
00010101011001000010110001000011
00000000011110011000011011110000
00010110000000111100010100001001
00000000000111110101111100011001
10111101011010011001110010000110
00000000011100000010111011011011
11100111011000110110011100100010
00000000011010010100101010010110
00101011110001101111000110011011
00000000010101010100101011101011
01000100100101000010101001001001
00000000011011000001100011110111
11101101000111100001111101110110
00000000000001110101011111100111
01111010001100010110100000000110
00000000001111111111001111111011
10110100010111011111010111100110
00000000000000011001001101010001
00101000111010110001011101000101
00000000011100001000001111010111
01011011001010111110110001010101
00000000001010000000100011101001
11001101100111100001101100100011
00000000000110101111111010000010
01001110001100000111000001010011
00000000000101011110010010100100
01110100011100000101011001001110
00000000001001101010110101101111
00111000000111001100000101100000
00000000000000010010011010101111
01010001010101101110000011010010
00000000000100100100101001110110
00000001101000011001001010101001
00000000001100111010110011101011
00100001111011100011001111000011
00000000011101011011010111010111
11010001101100101111001111101100
00000000000101101010110010001101
10110100011100010100111101001111
00000000000011101011101101011011
00110001001010110111110111010111
00000000001011101101110000101001
01000110001111101111010011000011
00000000001011100101101010100110
10101110011000001110001111101000
00000000010010011101011110010011
01100010101100010001101111101111
00000000010111010001111010001010
11111100100010001000011011000001
00000000010111001100101011000101
11111001100100101110101110101000
00000000001011110000111010000110
10000100101010101000000011000100
00000000000010000000011101100001
00011001111010000110001100111001
00000000010010001010001110000111
01011100100110010011101100011100
00000000011011010010001101011111
11001111010010101011101011011110
00000000000000101111110110101101
10110101111100111001101110000100
00000000001111011000100100110011
01010111010000010101000111000110
00000000000000010000110011000100
11111100111111110010110110000001
00000000010110001000000001000110
01000110001001000011011000011110
00000000001111010000100100111010
00101100111101000110111100010011
00000000010011010011110100001010
11001110010111101010110010111100
00000000011010110010100101010011
11000100110001000010000000100010
00000000011011011100000011111001
01011001101110001101001011001001
00000000010101111011110110011011
00110100001111111101101001111111
00000000011000101011000100100010
00000000101101101111001100110001
00000000000001110110110110000000
11100000000011001001111100000111
00000000010011010010100001110000
11010101000101001101101011011100
00000000000001111110011010101101
10110001001011100001101111010011
00000000010000001001001110110000
11000100101001001111010011110011
00000000000001100100010100011000
10000100001010010101111110000011
00000000010100001010100101001101
01100010100001010100100100101111
00000000001000110110101101000001
10100100110111111000001010001100
00000000000111111101011001010110
10110001111001110000110111011000
00000000001001111101101101101101
00110110011111010010010010010111
00000000000101000100010101000011
01100110110100000100101100010010
00000000000111010000010101011000
01110001101000100000000000101101
00000000010100000110111110110101
01101011100010000110010110101110
00000000000011100110010100101011
10100000110101101100011100100111
00000000001101100011011000000100
10100111100011100111001101010111
00000000001010011000110110010111
11011110111000011011010110111111
00000000010011000000100011010110
11000110000111011001011011101010
00000000010100010100000100111100
11101110011001000111110110110011
00000000000111100001100111000111
00010001010111011011010011001101
00000000001010111010111010101010
00011111100001110101001110001100
00000000000000111000010110111111
11010111000010010011001001000000
00000000000100100110011001101110
00110110101000101001100100111010
00000000000001011010110100101101
01100011111001110011110110100111
00000000001111001100101100001101
01000011101111101101001011111011
00000000000000100001110111001011
10101101101110000100010111011100
00000000000100110110011010000001
01011011111111010101010001001001
00000000001111011101101000011011
11100000011011111011110111101110
00000000001101010111001111101110
11010001010010000000000101101001
00000000011110100010000000101000
01001101111010100100001111010011
00000000001000011111011000101101
11001011010011110101011000111111
00000000001001011000011010100010
00110100011110010110111100100111
00000000000101110011001011111001
01100100011000100010010011110001
00000000001101001011001111101110
10000100010100101100011111111100
00000000010001010000001101001100
00001000110010110010001011000001
00000000001000101011001110111111
10010000010000010101001010001000
00000000011010111110101011100001
00000101011000101110100000111001
00000000001010000010110101001110
00110011010101101011110010010011
00000000011110011101100000111000
01000011101111011011011101101010
00000000010100010000101101110110
10011001110110101011001011100011
00000000001010010101100101011000
00011110000101100100101101010001
00000000001111101010011011110101
10111011011110000100000000110000
00000000000011100111001110010101
10110011010101001110000101101110
00000000010101101101000111011010
00011001000010111001111001100001
00000000001010010110100100000110
01011111111101100000001000001010
00000000001010111101011011111100
01010110000000011101111000111110
00000000000000110011110111111111
00100001010101011100111111000110
00000000001110111011000000101111
01110001111100100111001100111110
00000000001101001000110101111101
01111000111111110101111001110111
00000000000010101001010101100000
10100100001111110101100000011111
00000000010010000011111110111001
11100001101100110000010000101011
00000000001110111000100111000010
00011101010110011101001110011101
00000000001001101100011011011010
00010010110010111000111111011011
00000000011111010110110001111011
00111110001001100100110110010011
00000000000100001101100101110100
11000010000010011110000100101000
00000000011010100000110010000100
10010101001011100000001001001001
00000000000101010101010110001111
00100110000110001010110100011101
00000000011110100001010010010111
11111110000010100000110100011111
00000000000110111100100010110010
01100001011000000001011000010010
00000000010100100010010001111001
01001100000000001110111010111010
00000000000101001101011000010110
11010001001110100100100001111110
00000000001100101111100101100001
10010111111000010101100001000111
00000000000111001111001001110101
10001110101111011001100111101001
00000000011000101010101010010110
01110000111000111000101011000011
00000000001011000111111010110010
10000001011111110011110000100110
00000000000111111111101101010011
10111111000010000111010110000111
00000000010110010110110111000100
10001000111101011111000010110011
00000000001001100111010111110011
11001001110101111000010010110001
00000000010111011001101111011100
01111010011011010111100001110100
00000000000100101010001000000001
11110110110010110100101110010000
00000000011000101001100101111100
01110010010001001111000001010000
00000000010101000111001110010011
10011111000101100110110001010001
00000000010010110110110111000101
10000101000000001101010010100111
00000000011111101001100101101000
00000010110001101110100001000111
00000000000011000011011101101101
11000110011011011110001000010100
00000000010011101111100000100010
10111111101001111111110000010100
00000000010001001011001100010100
01001011001101100010000011100101
00000000000010101001000011111000
00001011011001010000110011011101
00000000001000110101101000100111
10101101010101000110001000100001
00000000011011100100110110100000
00100001011101010010001010011001
00000000001101110110011110000010
10000100110011011010010101111001
00000000000110001111100110101010
10010000011111000001100001110011
00000000011110111001111101000110
10101111111110011111110011101000
00000000010010110001111001110011
01111101110011000110101010100111
00000000000010011100100000001010
00010110100100001010001111001111
00000000000011100110111111100011
01000101000100110001101111101010
00000000011000010001111100010011
11101000010100011111111101101001
00000000010101101101000011010101
10110111010010101010011010110100
00000000001100011100110010001010
00011110111010011011101111100010
00000000000001001111011000111100
10001000000001010110001011001101
00000000000100101101001011101101
00101111100111101000010100000010
00000000001111011111001011010100
00001101111111111110000100101011
00000000001011001101010000011000
01111000110010100011010100100100
00000000011101111010000011000111
00000110100011001011110110010011
00000000001110011110101000001010
10101000001110101011001001000100
00000000011100110001000000110001
01110110110001011000001001100001
00000000011111000111001100010111
11011000110101010011001001010110
00000000000011011010111001111100
01010111100000000010100111011111
00000000011011001101011111111000
10001100000000011111001100001011
00000000010001011010011010011001
00110101001001111101100110010100
00000000001011001101001111000110
11011111110010110110100011111111
00000000000111010111001110110001
11111101011110100000101011010101
00000000000111000010101011011101
01111110101100000101010111100010
00000000001010110101110100010000
00111000100111001101100110000100
00000000001011000011000100010011
00001000101010101110110000111001
00000000010001110011110011100110
10111110000010000100100001110000
00000000010011111010000110100000
11001000100110111000001100001001
00000000011111100111101110110011
10100101001101101100111010010100
00000000011110100000001101011011
00000111011011001111100001100100
00000000000111110101110011010101
10000000101101111110000110000100
00000000001111011111110011011100
01110000001010110011111011010000
00000000000000101110011110001110
01011101011001100100000110011100
00000000010001110100001111010010
01100011000101110100001100000001
00000000001010000001111000110100
01101000011011111000001001010110
00000000011100000000000011111000
10100111111101111010010101001001
00000000010011010000000100111001
01001111100011111101011101011111
00000000000100111110001101101100
01101000011010101100111100011000
00000000001101100000110111011111
00010000100011110010110111101100
00000000010100110111010000001001
01000110111011101011110100100111
00000000000101001110001101111111
11111010011100001111010010010011
00000000010101001100111110101110
10011010111010111010001111010100
00000000011011001011001011110101
01000100101100100010100001100111
00000000011111000010000110010111
00001110111000011111010000010110
00000000011100001110101000011010
10100110100000010001011100110101
00000000011001111010011011100010
10011001001110101000001111000110
00000000011011010100101100000110
00100010110011011010101000001110
00000000000100000011010001010001
11110000000101110100111010110100
00000000001111110100001101010101
00111001010010111000001000001100
00000000001001100011010000000111
01011110010010100111000011011011
00000000001111101000101000010011
11100100011111010110011111000001
00000000011100100110000010010110
10011110011111101100111101101110
00000000011100010010011000111110
10001110100010001100101110101000
00000000011000111111011011011010
01110111011010001011101001001010
00000000010000110101011000001010
10111111010000000100011110100011
00000000011011000010011111110001
00101011010000101100010111001110
00000000001010010111111111100101
11111001011100000101010000110111
00000000010110101011111001011001
11010111010001011110101011110100
00000000001110100010001101010110
00111101101101010110110101010110
00000000011010010001000010101111
10001100011001001001110101100111
00000000000010110011000010000011
11000010101110100100001011111001
00000000011110110011110000111101
10010100011111011100111010011111
00000000010110010111011111111111
01011111110001011111001110100000
00000000000001100100111110011110
01101010111000001001110101101101
00000000011111100010100010010001
11111010001100110111111111000001
00000000001111111010010100000111
00001100100111000100110000111100
00000000010110001100110011001100
11110001000010001000101111110101
00000000011001001001000101100001
00000110100001010011111000000111
00000000011100101011001001001010
00111000100010011101011010100100
00000000011001000000111000000111
11000011100011111100011010001000
00000000000101100100111001001100
10101110011111100000010101111010
00000000010011010000101110100110
11101101000100000010101110100001
00000000011111100111111111000101
10111110100011001000000010100111
00000000001100101111110110100011
00100011011010101000110010010100
00000000010100110011101010011001
01000011011001100100011000111001
00000000010110001111001000001101
01010100011011000110010011010011
00000000000110111011110110001001
00101111101011110000111010110111
00000000011010110001100000010101
10100100000001111001111001010000
00000000010011100101001110110001
10000011100011011110001111001010
00000000010111101001110100000001
11111110000001101101111100111111
00000000000011001001110000101010
00110011100011011111110101000000
00000000011000101110111000010101
01011100011010010111000101000010
00000000000101110101000000010101
00100111001011110110011000101011
00000000000100110000010001110010
01111001110110011110100101100100
00000000001010100010010010011111
01011100111011011101101111101011
00000000011001101111001101101010
11000110110001001000101110101011
00000000011011000111010100011110
10110111111010011100001011100111
00000000011000011000010100011110
01100001101001010100011100111100
00000000001101001101110000000000
10100110111010100000010011010100
00000000001000001011010010111001
01001100001110010010111101100011
00000000010000110110100011010000
01110100110011011111010000011001
00000000000111100011101010001010
01010111010100000011010011111100
00000000001101010011011010000011
01000101010110100011101001010000
00000000000001000111000111011010
01111000111101010111000101011101
00000000010010101000100010001010
10010010011011111110101101111011
00000000011000000111111011101100
11100111100001110001111110111111
00000000010000111001010010011010
11011100001110010011110101001000
00000000000110110001100100001111
01011000010100100101110011100000
00000000001110011001000101110001
10101000001001010111100001111000
00000000001110101111000111101110
01101001111101111101110111011001
00000000011101011010100110101101
01010101011100011101011110011010
00000000000111100111000001101000
10000011111000011010100011100101
00000000001100001000111001001100
00001011001111001101111111001000
00000000001010100101001110101010
11010000101101110010111111101010
00000000010010110001111101101010
01110010010101100000111100000011
00000000000011001001000100100110
01100000010001010010011000101011
00000000011100111101001001100111
00001001000000101000000101011000
00000000010110101111111111111001
10111111100010110110000110100010
00000000001100010000111111101100
01001111110001111100100110101000
00000000000110101111101100010010
11010001101000110111011101100110
00000000011101001000010000011101
11100111000011111100101101110000
00000000011111100010101100101111
01010011111110110000110000101100
00000000000001010001001011001110
01001111100101011110011011000111
00000000010000010011010110101011
10000011010101101000001110001110
00000000011010000001101011001101
10001000010001000010110000011001
00000000001100111000000011101001
00100010001110100111011011100101
00000000011110111001111001100010
10010110101010101101001011000101
00000000011010100001101010001100
10100111001111000101011010110001
00000000010111010100000011100011
00010101000111001110101000010010
00000000001001000001110101111011
10010110111100011111001100011001
00000000000000011100110110001011
00110010011000001110011001001000
00000000000000001110100010000000
01001100100110000100100110001111
00000000011001001100010011001111
11000011001101110101010000111010
00000000011100111101001101110010
10000010110010110111111001011110
00000000001010001100011101010100
10110001100101000011000011011011
00000000001101110100011111001101
11001001001101110011000001000011
00000000000110110110100111000011
11000011101101101001001100010100
00000000000001001010011000100111
10100001000011000110101110010001
00000000000011101001011101010011
11011110010010010001000100010000
00000000000000000000110000100001
10011100000001110110001000101000
00000000011100010110011011111001
00110101000101101000000100110001
00000000000011100001011001111000
10100001100010010011100000101000
00000000001010000001010100101010
00010011010010010011101101100100
00000000000001010000010110101010
11110111100000111001110010101100
00000000000001100010111010100100
00100011100010011110111101110110
00000000001110101110100100000101
00111001000001101011010000011001
00000000010110001001010101011101
01111100101100111011111001111011
00000000011101000110110100001111
00000100110100011111001111001001
00000000011101101100010100000100
10110010111101110110111111000011
00000000011001101101101011010100
10011110101010100010101110110100
00000000011010010100101011100001
11110110001110100010111101101010
00000000000000011000101100011010
10101111000000001110111101100010
00000000010101010000001110011000
11100010100010100110110101110111
00000000000001111111100011000001
00001001011101101000010011000110
00000000000110110111010011111111
01011011010001111101010001111000
00000000010010011110001000010101
11001011101101110011010001111010
00000000001110110010110110000100
01101011000101010101001001111010
00000000011000001110101001001010
00100101010011011111100011100000
00000000001011110011001100110011
11001101010110110110111000011010
00000000011000100000011101010001
01011001010001011110111111001011
00000000000101000000100110110011
10010001000101000000110110100011
00000000001110001100101111110101
10110101010000010001100111101001
00000000010111110001100010110011
00011110100010011111001011000010
00000000001010000001011000111011
00000101001101010000101011001001
00000000010010101110000101111111
11001110100000110101111111100111
00000000000101001111101001101000
10010111010100111110001011011111
00000000011010100001011010000110
00101110011000010111011110111110
00000000010101100010000101001100
01001010010011011101111100100101
00000000000101011110100001111100
01001100000100100000000010110010
00000000011111101011011000011111
10001100101010111001101010101011
00000000000101001100101010111011
10110100110010100110000000010010
00000000010110110010010110001100
11101000011010011100111101000000
00000000000110111110001011000111
00110110001111101011010000110100
00000000010010011111001010110100
01000110100010111111011111100110
00000000001001110110101101010011
10100010101000001100111111101001
00000000010111011100001001100010
10010011111110011101111110010010
00000000011011011110010100110110
10001101010010010110010011010010
00000000001001110000011101001010
01110001010101100001100010110100
00000000000100001001111010010110
10111011010010011001100111100101
00000000001011110100111111100011
00101000110011001001011001101011
00000000000111010000101000100101
10010010011000101001110100110100
00000000000011101110011001100011
01101011111111011010000000110000
00000000010110110110110010001010
11100000010011011010101010000010
00000000011001111101100101101000
11110110011010111010001100111111
00000000001011110111101011010001
10011101101110010110111100101111
00000000000001100001100111000011
01000110001010011110011111100110
00000000011100000101000111111010
11010110101011110101110000001101
00000000010100001100011110100101
01101001100100001111000011100011
00000000010111000010011111110001
10110000010101110010000000001011
00000000000010010010011011010100
11001010100111001100101110111001
00000000011101011110101010001111
00111011100001010011010111000101
00000000001001001110110101101111
11110011001011111011101010001010
00000000011001100000001010101011
00000101000100000001100110110101
00000000010100010111001111001001
00101001001011011001000111111110
00000000010110111001010001101111
11110110000011100110000000111000
00000000001101010110110111011011
11011100010000001000100010010111
00000000001110101110001101110010
00110111100010001111011101101110
00000000001010101111001010111000
00110111010110110001110101111001
00000000000101100000101111100010
10101001011010110110000010110010
00000000000101100101100101100100
01111000100100110000001100111011
00000000010100011101100111011111
11110111111001101101111001010001
00000000001100110011101111000111
10010001010000101110010100000000
00000000000110100101100011101101
01100001011100001001001010000101
00000000011011110000011101011011
00000010100111011110101001001111
00000000011101001110110001000000
00000110011010010111010011101000
00000000001101000011111000110100
11110101110110011010100001011100
00000000011001011100010010000000
00110010111110101010110100000111
00000000010001011111000101110001
00011010101101010101101010101001
00000000010100100100000101001001
00000110110101110010000010101011
00000000011000111000100011010101
10001100101001000111011111111000
00000000010011100010000010000011
00000010101101000111101100111001
00000000001100100111100010001101
10101110010110001101010110001000
00000000001001100000000010100100
10010111101100111001001110101110
00000000010000001010111010100111
00000100110100000101001000110010
00000000001010001000101010100111
01010110100000000110101011000101
00000000000101010010011011011110
01110100100000001001000110000011
00000000011101111110110010001010
11010000111101100001111001011100
00000000011000010100111110100110
10110111111000011001101001010100
00000000010000011000001000110011
01111010001001100001110011010100
00000000000011001111001111011000
11100010010010100011010000110111
00000000001110100000100010011111
01000011101111110000010011000100
00000000000000110001000011010001
01111100011101001101110111000101
00000000010101011101110011101101
11101100010011111010011101111011
00000000001110101111010100110111
00001011011101110011011001001101
00000000010111001101011111001101
00111100011110100101001000100000
00000000000111011101000001100011
10100100101000011100110110111110
00000000001000110011101100000011
01101100001001000100110001111101
00000000010001110001100110011100
11101011111010000001110011010110
00000000011001001011101100101111
10001000000111101010100111001111
00000000000110000011111001010110
01011000011101000010011001001001
00000000001000010110011101001010
00111001101010110011101100001101
00000000000000101111101001011001
00001001101001000010110000110111
00000000001001010011110101011101
11011011011110100011010111111110
00000000001000000001010111111000
11010100101110101101110101100010
00000000000101001100000101000001
00110100011110000101110111001010
00000000010011110110011100111101
01001100000111011000111011000111
00000000001110000011101010111001
01100100110100101101111010010001
00000000001011011000011001011010
00110011111000001000100010101011
00000000011111010000000001110001
10101111110110000000100111100111
00000000011110101010101100010000
01100011101010100001110100111001
00000000000110000101101011100001
11001010010100110111010011001000
00000000000100111111011000001100
11100111110001001101000000111111
00000000000001100000010110000110
11100111001100100111101001000000
00000000001011000111000101011100
10001010011111101000111010111111
00000000011101111010010101000001
10110000011010000111000111010111
00000000000101001000001011101111
10101101111110000101000010011110
00000000000001110111011100110001
11101110100000010001111001011100
00000000011110111110011101000000
10110110111010111011110101000011
00000000001111010000111011110101
01110100010001000110100111101111
00000000001111010011010010011100
00100000100000010110000100000001
00000000001010010110010110110101
11100100010100001100011001011010
00000000011011011000011101001111
00000100011000110101010001100110
00000000011101000001001000011010
00100110000100110111010111011001
00000000001011011111001101001110
11001101111111011000111001011101
00000000011001011101110010010011
01111010101101100000100011011111
00000000011001110100110011001111
01001101101010011000100101011001
00000000011101011010001111111001
01101011111110110110000101111011
00000000001000000100110111111010
01110010100010000110100010101110
00000000010111101110111100011001
01110101010001100100110011000110
00000000010111110011011110100101
11001100000110011101011011111001
00000000010110001101100011001101
00001000000010001011110001111000
00000000001010100000000101100010
00101011111110010111111011110111
00000000011010010010100000100101
11110111110001001110100000000011
00000000011101010101011111011110
01001100010110110000000001111001
00000000001000101011110001111000
10111001010101110000101011111110
00000000011101100010011000111101
00100000111111100011011010011000
00000000010011001100101010011010
00111000000101110101000101000001
00000000001011010001001010010101
11000110111011011001111101110101
00000000010001100100010101010010
11111000101011010100011110010111
00000000001010111011111111000100
11111000010010110110101000000010
00000000010001001001011000100111
00000110011000101100110001110000
00000000010101010111111100111100
00010010011011110001011111011011
00000000010000100111000111101010
10111001000111100110100000011000
00000000000001001111100000100000
10100010100101101111111101111001
00000000011011011101100110001100
00010111001110100001000001110110
00000000001000100110111011111101
01110011111010101011001000110010
00000000011010011100101000011111
10001100011000010101011000001100
00000000000111101111010000111001
10000110010010110010011110010101
00000000000011011110001001000011
11000011011100000010100100111011
00000000010100100100000100011101
11110011000101101110111110000000
00000000000011111001010011100011
11010011111110011001010001101101
00000000001111010101110010111111
01111011111001110001100100001010
00000000000111110101100110101101
01011100100011011100001001011000
00000000011011100011010000110000
00001100111111111001110111111010
00000000000101101011001111000000
11001010011010100110011001111001
00000000010111010010001011111111
00000011101010100011111100100101
00000000000100001011010111010000
00011110011110010010111011010000
00000000010011011001010100111100
11011110000100010110110010100001
00000000011010100000111110111110
11101001011100100110101110100110
00000000000001011110010111101110
00110100001000110001001100100101
00000000010101100001110110111001
01000010101111010000100101100111
00000000010000010101101100000110
10000011000001111000111001100100
00000000010000101000110000110000
10001101101110111001000011011011
00000000000110110010001000110100
01000100100000101111100000011110
00000000010101011100110010101111
00100110001001100110011111101000
00000000001110101101111001111111
00110110000110101011100011000001
00000000010110011001011101001111
11101100011000001001000111100001
00000000011000100011011001001110
00010111100011110010000101011101
00000000001001100010101111001111
01100010010010000100010111000000
00000000010111111010101110000111
11000001010001010001000011110000
00000000010100000010000100000100
11110010111010011010111111010101
00000000010010111100011111101110
11000000111001011110101000110111
00000000010001000010001011011111
10010100001011101110110001001100
00000000000101101101001001101011
10000000101011000011011110101001
00000000000011010100100011100111
00010000110100111111011111101100
00000000000111010110111001101111
00100110000010011111000111101101
00000000011011001010000100011001
11010100011010000111011101010100
00000000011100011011110001101010
10111110010100101100111000011000
00000000010110101100101001110100
11001001001101110110111101111101
00000000000101000001001110011010
00100101000110011010001111001100
00000000011001001100000111101010
01010101111011001011111000101011
00000000011010011101111001101011
01101110111010000111001110010110
00000000011010010001111111011100
01100110101110110010001000011010
00000000011001100110100000001011
11000010100110001011100011011010
00000000010011000100011111100100
01111101111011010110111101001101
00000000011101110001110010110111
10010011001101101000000000111110
00000000001010100111110001101100
11000111110000010110000000011011
00000000011011000110000010101010
11000001001001101010100010000001
00000000001010100111100100111110
10010000110100011011110011110110
00000000011101101000000110011111
10101011111001010101110111110001
00000000011110111101011010001001
10001000110110000000111111000101
00000000011010110001100011010001
00000100111110101000101101010010
00000000011000000001011000111011
01101111111100001001010100001011
00000000001110011100100001001101
10010101011101101001110111110011
00000000010101111100111010001001
01101110111010011001001000111010
00000000011101111001001111001111
10110001010010010101110111110011
00000000000001001010001000100010
01111100000101010011110001001111
00000000011110001000100001101010
10011001010010010100001100001111
00000000001011101010010101011011
01110011001001011011010101000010
00000000011111110100010000011010
11010110100111011011111101100000
00000000011110111111110111110001
01010011011001010010100000000000
00000000001010010110110111011110
10100100001111000100100100011010
00000000001111110001001011101011
01110111101100001010011110100011
00000000011000001000110000110110
11110010110001100100110101010111
00000000011100111010111110110110
01011010000001100010101001010110
00000000010110010000010101011100
01101001101001101111011010101001
00000000000101000010011011010111
00000110110001110010101101011100
00000000001010011011010001101110
10110000100001101011111111111101
00000000011000101011000101110010
01101001110100100111110100101101
00000000001010110010000000001111
01110101111011111110110111100001
00000000000110010101100001111000
01110110000011001110100100110100
00000000011111111010101111001010
10011000110101100110010000110000
00000000001010100100110010000011
10010011000110010010001101011101
00000000001100011011001010001011
10000101100000010100010001100101
00000000000011010010011010100110
01000010001001101111110100101110
00000000011101011111001001010010
01111000110011111001001011100110
00000000011001100000101001011110
01101101110101101011000011010100
00000000001100110000111000000011
00111100100110011011111001001110
00000000011011010010111011000000
11111110001111110000100100000000
00000000001011011010100010010010
00011011001101100110100100000011
00000000010001011100010010000110
11011100001010001111010010111100
00000000000100111001101100110001
00111110001011010001011000101110
00000000001111100110111101110000
11100010100100110110100010011100
00000000011110011111010100001100
10110000001011001010110001011111
00000000010010010010010110010111
00101110111111100000101010100000
00000000001001010111101001101100
00110100111000010111111010000001
00000000010100011011100011100100
00110101010001110111110001011111
00000000010000010110001101000001
11100001011011111110000100001101
00000000010000011010101011111000
00101101100110111101100100001110
00000000010010011011001011000010
11110001101011000110000110101110
00000000010010010111111000100101
11110111000110001001000001111110
00000000001000011110101001100000
10001100010001000111011110001111
00000000000000001110101000100110
00110111100101101101010111001000
00000000000010000100010010110010
11100110100101001100100100011001
00000000000110111101011000100001
00000000100101101000000111101110
00000000000100000100111010001110
11101010100010111111110001010011
00000000010001010110111111111100
10110000000010111000111101010110
00000000000001001010111110001010
11001000100100110101010110000010
00000000001110010010110001011011
11101000001100100111000100111010
00000000011001011000011110111100
00011100101111001110011011110001
00000000000111111101100011000000
10011111011101101101001100111011
00000000001101100011100111100110
00101101111111110010100000111100
00000000010100001001010110000000
01110000010101101110001011101011
00000000001011001101001110011111
10101101000011010000111101111011
00000000001001000111110011001010
01011110100100100001100001000110
00000000011101100011111110000001
00110110000001111000101101010110
00000000011110011000101010011101
11110110110011111010011101101010
00000000010111010011101000100100
11101011111111011011101111110011
00000000011001011110101000000001
01110001110110011101101101101001
00000000001100001111001110010110
11001010101111000101001101001001
00000000000110001000100111000101
11110001010111110100100101011000
00000000000100000000101101111010
11000011110100001001001001101111
00000000011001011011011000000001
00010111010111001000111010001100
00000000000100100101100100111001
10101110110101001101010011100001
00000000011010101110100111010101
11010011000010111100110010001110
00000000010000000101101100100010
11100110110110110111110001111111
00000000000111110000010111011110
10111011101100100101011001010010
00000000000011011001000010011111
11011100010100100000010111010011
00000000011110001101110010011001
11011010101001011010010100111010
00000000011010011010100101100101
11101100010110010101011100010101
00000000001110100111011000001010
10001110101110100001000011010000
00000000000111111000111100010010
00011101000010001010110101100110
00000000011110111000000100010010
01000001101100010111001001100010
00000000010110001010111011100000
10000010111001111101100011110001
00000000010000100101100001011001
11101100001000011010100010111011
00000000011011101110110001000010
10110111110010100000100011110101
00000000001100111110001100100010
00100011101100010111110011100111
00000000010000110100110100101000
10000110010011000100101000000100
00000000011111110110110110101111
00111101000011101110011100100100
