01111111110000000000000000010011
01111111110000000000000000010011
01111111110000000000000000010011
00001001101010010000111101010011
00000001010111100000010111010011
00000000011111000000011111010011
00010000100000000010110000100111
01000011000000000010100000100111
11111100100100000010100000100111
00001001011000101000000101010011
01100110110000000010110100000111
11100001001100000010001000100111
00001000111000010000011101010011
00000000111000100000000011010011
00000000110100111000001111010011
10111001110000000010101000100111
00001001111111010000111111010011
00001001111001010000110011010011
00000001101010001000011101010011
00001000101100011000111111010011
10011010101000000010010000100111
01101000000000000010011100000111
00000000110000100000011111010011
00000000000000101000100001010011
00000000000000111000101101010011
10011101001000000010100000100111
10100100000000000010010000100111
00001000111100011000010011010011
01011101110000000010100110000111
00001010100000000010000010000111
00000000010110000000011101010011
00000001111111000000110111010011
00000000110101110000100111010011
01011010110100000010110000100111
00001001010011110000100011010011
11100111010000000010110110000111
11010100000000000010111110000111
00100000110000000010011110000111
00001000110110101000001111010011
00001000111110001000000111010011
10001100010000000010011110000111
11111010110100000010010000100111
01010101110000000010110110000111
10010111100000000010011010000111
00000001100100000000011111010011
00000001110100000010000000100111
01001010010000000010011010000111
00000000100010001000110101010011
00000000111100001000111011010011
00000001001001111000010111010011
00001000000010100000010011010011
11001000000000000010111110000111
11010011110000000010001110000111
01101110010000000010010110000111
00001000111000011000110001010011
00000000001001010000111001010011
00000001110010011000101001010011
00111110011100000010100000100111
11010110100100000010000000100111
00000000011110101000111101010011
01110100110000000010111000100111
11100111100100000010111000100111
01110000000100000010010000100111
00001001110001011000010001010011
00001001110011001000001101010011
00000000110011000000001111010011
00000001000101110000011101010011
00000001010111011000100001010011
11101110100000000010011110000111
00001000010111101000011101010011
00000100011100000010011000100111
10100100100100000010100000100111
10100101010100000010001000100111
11110010000000000010101110000111
00111111010000000010011000000111
11010101100000000010111000100111
00001001001001001000010011010011
11101001100100000010011000100111
00001000000100000000010111010011
00000001110111001000011101010011
01010110000000000010011000000111
11010001110100000010110000100111
11001010000000000010000100000111
00000000111111000000100101010011
11011000001000000010011000100111
00001000001000100000100011010011
01111110100000000010001000000111
00000000011110000000110011010011
00011110100000000010001010000111
01000000001000000010100000100111
00001001011100110000101011010011
00001000010101011000111101010011
00001001100001111000101101010011
10000011110000000010011000100111
00001000100101000000010111010011
11111010010100000010101000100111
01100000110000000010100000000111
00001001001111111000101111010011
01011111001100000010110000100111
00001001101001101000110011010011
00001000000010001000100011010011
01000100010000000010101010000111
00000000011101011000100001010011
00001000000101011000101111010011
11110000000000000010000100000111
00001000100010111000001001010011
10001011100000000010101010000111
00100001000000000010001110000111
10110101100100000010110000100111
00000001110110001000010001010011
00001001111100101000000101010011
10111000000000000010111000000111
00001001100001001000110111010011
00000001000011100000010111010011
00001001110000000010110000100111
01110110010000000010001000000111
10000100010000000010001100000111
00000001100111111000001101010011
10101101001100000010111000100111
00000001010111100000001001010011
00110101110000000010011010000111
00001001111001100000011011010011
01011111000000000010101010000111
00000000100001010000000101010011
00000001001111011000000111010011
00000000101111001000001111010011
00001000010111100000111011010011
11101000111100000010011000100111
10111001100000000010010000000111
00001000111011110000111101010011
11010001000000000010000110000111
00000000101011011000000101010011
11111001101000000010110000100111
00000000111001000000010111010011
00001001001111110000101101010011
01101111100100000010000000100111
00000001110110110000010101010011
00010100111100000010110000100111
00000000110101010000000011010011
00000001101100011000011001010011
11011110100100000010101000100111
00110110000000000010011100000111
11111111100100000010010000100111
01000011010000000010110110000111
00000000000100100000110111010011
01000110011000000010100000100111
01110010101100000010011000100111
01010101011000000010001000100111
00001011001100000010110000100111
00111010101000000010101000100111
10001000100000000010111000100111
00000001100000010000010011010011
00000000111011000000100101010011
01010000101000000010110000100111
00001001000110010000110001010011
11110110010000000010101000100111
11001011111000000010111000100111
10110101010000000010000110000111
00001000110011010000100011010011
00001000011011100000101001010011
00000001101001101000001101010011
10110101000000000010001000000111
10010000001000000010011000100111
00000001110001110000011101010011
00011010000000000010110110000111
00001000111110100000011101010011
00000000011010011000101101010011
10111001110000000010000010000111
11101101000000000010000110000111
00111000100000000010010100000111
11111000100000000010101100000111
00001001110010111000001101010011
10100011100000000010001100000111
11010011100000000010101110000111
10101000010000000010111010000111
10100110010000000010010000100111
00000000101111011000001111010011
01011011000000000010001100000111
10011101100000000010100000100111
00000000110111001000001001010011
00001000100011101000110111010011
00000000011101000000011111010011
01110000110000000010100100000111
10010001010000000010111000100111
00000001011010011000101001010011
00000000000101000000100011010011
00001001110001001000101111010011
00000001010000111000000011010011
00001000100001110000111101010011
00000001000010001000010111010011
01100011010000000010111110000111
00001000010100000010000000100111
00101111000000000010010100000111
00000001111000110000011001010011
00001000101000011000010101010011
00001001100111000000001111010011
00001001110110001000100011010011
10011001100000000010010100000111
11111110000000000010001110000111
00000001001110000000111001010011
10001100100000000010111100000111
00000001100001101000100001010011
01110101100100000010001000100111
00000001101011100000000011010011
00001001011011110000111001010011
01100000001100000010100000100111
10001111101000000010110000100111
11001011100000000010010100000111
11000010110000000010000000100111
00000000000001111000110001010011
00001001101101010000010011010011
00000001111110100000100011010011
00111010110000000010111010000111
00001000001110011000101101010011
00000111100000000010001000000111
11101000100000000010011000100111
00000000001100000010111000100111
00110110100000000010111010000111
00000001110100111000010001010011
10001100010000000010101100000111
00001000000001111000000011010011
00000000100110101000001001010011
00000000001111101000110111010011
00001001101000000000000011010011
00000001001010000000100011010011
00000001000000101000111011010011
01101111100000000010111110000111
00000001010101111000011111010011
10100001100000000010010000000111
01000011110000000010001100000111
11000000010000000010110000000111
01011000000100000010011000100111
00001001001011001000000101010011
01011101000000000010001100000111
00010001010000000010100000000111
01110111111000000010011000100111
00011001110100000010100000100111
00000001110001011000001011010011
11111010011000000010011000100111
00001001010000111000010111010011
00001001100100110000001101010011
11101101011100000010101000100111
11110111010000000010110110000111
00010111000000000010101010000111
11111111110000000010011110000111
00100100100000000010010110000111
00000100101100000010010000100111
00001001001000111000110101010011
00000001100110010000110101010011
00000001111011101000000011010011
11011110100000000010000000100111
10000010001000000010100000100111
11110011100000000010000000100111
00101011101100000010110000100111
00000001011000101000010001010011
00001001000011101000111101010011
00111010110000000010110110000111
00000001011100101000110101010011
10001001110000000010100110000111
00001001111010011000101001010011
00000000101110110000000101010011
01111100000000000010011000000111
00010011011100000010100000100111
00001001100000110000111001010011
00001000011001101000111111010011
00000000111100011000010011010011
00001000111011011000111011010011
00011000000000000010100110000111
00000001101011111000000111010011
00001000001111011000110111010011
00101101000100000010010000100111
10101111000000000010100110000111
01101000011000000010111000100111
00000001100100111000011111010011
01001111000000000010111000000111
00000001101100011000000101010011
00000000001001101000110111010011
00001000100010101000000011010011
00001001110101000000100101010011
10100001110000000010101110000111
00000001100111111000011001010011
00000000111100100000001001010011
11100100001000000010110000100111
01000000000000000010111100000111
10011110001100000010000000100111
00000000101001101000111001010011
01010010100000000010000010000111
11000100101100000010100000100111
01000000011100000010000000100111
00001000010111001000110011010011
00001001000001101000101101010011
00001001101001001000100101010011
00001000110111111000001101010011
01010101000000000010000010000111
00000001100101111000110111010011
00111011001000000010110000100111
00001000101100011000111011010011
10010101010000000010000110000111
00000001010101011000001101010011
00000001010000111000010111010011
00000101000000000010011110000111
00000001111000111000101111010011
01000100010000000010111110000111
00001000000011010000101011010011
11000110111100000010111000100111
10000011111100000010010000100111
01101101110100000010000000100111
00000000101100110000001011010011
00000000111001100000101101010011
00001000100100100000000011010011
00000000101110010000111011010011
00000000100000001000111111010011
00000000000110101000011001010011
00001000111000011000011011010011
11101100000000000010010110000111
00000000001000101000010101010011
00001000111101111000011111010011
10111000010000000010111100000111
11010100010000000010010000000111
00010011000000000010011000000111
00001000010000111000001001010011
00001000001001101000101101010011
00001000011100010000010001010011
00000000110111101000101001010011
00001000110000011000010101010011
00111011001000000010010000100111
00000000100001011000000011010011
11111011111100000010100000100111
11100000111000000010000000100111
01101001010000000010110000100111
01111000000100000010000000100111
01011100110000000010011110000111
00001001010001101000101001010011
00001000111010000000101011010011
00001000011100001000110011010011
00000001101001000000111101010011
11000101110100000010111000100111
01111111011100000010010000100111
11010100011000000010010000100111
00000000101101100000010011010011
00110111101100000010100000100111
10100010000000000010111000000111
00000001100011100000110101010011
00001000101010101000111111010011
00000001111101010000011001010011
10100000110100000010100000100111
00000001000011101000100001010011
01110100010000000010110010000111
00011010000000000010000010000111
00001000111011101000100111010011
00001001000010100000010101010011
11001100001100000010001000100111
11001001110100000010001000100111
00001000111000100000110111010011
01010100110000000010010100000111
01101010110000000010111000000111
11001100110100000010011000100111
11011101110000000010010100000111
11110100000000000010111010000111
11000111011100000010000000100111
11011011010100000010110000100111
01000101001000000010110000100111
01010100000000000010011010000111
00000001110111000000110111010011
00000000111010101000100111010011
00001000011001000000101001010011
00100000000000000010110100000111
11010001100000000010101000100111
11001011010000000010001100000111
00000001111111110000101001010011
00001000010111001000000011010011
00000000110000011000100011010011
00000010110000000010100110000111
00001000101100110000110101010011
11110100101100000010101000100111
00000000001000000000010001010011
00001001111100001000010101010011
00001000101001010000010001010011
00000110000000000010010000000111
10010011101100000010111000100111
00111011000000000010000110000111
11111011110000000010010100000111
01100010000000000010000010000111
11011111110000000010111110000111
01100000110000000010110100000111
01001111011000000010000000100111
00001000000000110000100011010011
01100000001000000010000000100111
00001001100011111000110101010011
00001001011001010000100001010011
11011010101000000010110000100111
00000001000001101000010011010011
00000000111101010000111011010011
00111110010000000010101110000111
11111010111100000010110000100111
01000011100000000010010110000111
00000000011100101000100101010011
11010000100100000010101000100111
10000101001100000010111000100111
00100100000000000010001000000111
01001110001000000010011000100111
00001000010010111000001001010011
00000001111010001000101111010011
01111000000000000010100110000111
01100110101000000010110000100111
00000000110110001000000111010011
00110010100000000010001000100111
00001001101101101000111111010011
00001000100011000000111101010011
10010010000100000010011000100111
11100111010000000010101000100111
10111010000000000010101000000111
00001001100011101000101101010011
00001001011111010000010101010011
10111110000000000010001010000111
00000000110001011000101011010011
00001001000101100000101001010011
00000001001110001000100111010011
00010101001100000010110000100111
00100111010000000010000110000111
00001000001110111000010011010011
00001001011000111000110011010011
00001000110110010000010011010011
00001000100001011000010001010011
11010010110000000010000110000111
00001100011000000010101000100111
10010110111100000010111000100111
10011001000000000010101100000111
00001001111001000000010101010011
01011110010000000010110110000111
00001001000101111000001011010011
00001111110000000010111010000111
00001000111100111000111011010011
10101101111000000010000000100111
11001000010000000010100100000111
00001000001101000000011111010011
00110101001100000010011000100111
00001000111011000000010111010011
11101101000000000010010000100111
10110100101100000010101000100111
00110100110100000010110000100111
10101010010000000010000110000111
00000000101010001000000111010011
11100001010000000010100110000111
00000001001110011000011011010011
11011111110000000010110100000111
00010011100000000010000100000111
01101111011000000010010000100111
00000001010000101000001101010011
00000000110001110000010111010011
00000001111010100000101101010011
00001000010100110000001101010011
00001001000010011000110001010011
11001101101100000010110000100111
10000001110000000010101010000111
00001001001110100000010101010011
00000000001101111000100001010011
00000001001100100000101011010011
10100000011100000010100000100111
11111110000000000010100000000111
00001000000001011000111101010011
00000001011000000010110000100111
00100101101100000010101000100111
00001000010011111000110111010011
00001000011010101000101001010011
00000001111101100000110101010011
01110011010000000010000010000111
00001000100111111000111011010011
00000001001101011000010001010011
01000111111000000010111000100111
00000001110000101000100001010011
00000000001101110000110001010011
01101110110000000010100110000111
00001001110011101000011111010011
11010001110000000010010000100111
10101111110100000010011000100111
00000001000001011000011011010011
00001000111000000010111000100111
10111110001000000010110000100111
00001000111011100000100001010011
01011001001100000010110000100111
00000001011000111000010111010011
11001000000000000010110100000111
00000000011011001000100101010011
00110100110100000010001000100111
11101100100000000010100000000111
10110111010000000010010110000111
00011001100000000010110000100111
00110100110000000010100000100111
00000001001011111000001001010011
00000001110110000000001011010011
00000000110000000010111000000111
00000000101100001000011011010011
11110101010100000010101000100111
01100000100000000010001000100111
11010001100100000010001000100111
00000001000000000000111001010011
10111001110000000010100000100111
10010000101100000010111000100111
00001001000100110000101101010011
00000000001010101000100001010011
00000000010000100000001101010011
00110001110000000010100000000111
01000111100000000010110100000111
00000000001100101000000111010011
00001000001101011000111101010011
00000001010110010000010001010011
01001100010000000010001000100111
00000000010001000000100001010011
00100011000000000010000000100111
00101011100100000010100000100111
01000110001100000010001000100111
00000001111000000000111011010011
00001000000100100000101011010011
00110011010000000010001000100111
11110101001100000010100000100111
00000000111010101000100001010011
00000001001101011000110101010011
00001001100010001000001001010011
01110100001100000010011000100111
10100001111000000010001000100111
00000001001010101000111001010011
10000001100000000010011100000111
00000001111000000000110011010011
00000000111000001000101011010011
10001000110000000010011000000111
00000000001100101000010001010011
00000001001011000000010001010011
10110100110000000010011000100111
01110011010000000010011000000111
10000101100000000010011000100111
01000001000000000010110000100111
11011010110000000010010100000111
11010100110000000010110000100111
00000001000010110000001001010011
00001000000100101000110101010011
10101001100000000010100110000111
00101111101100000010000000100111
00000000111110000000010011010011
00100001000000000010111100000111
01000110010000000010110110000111
00000000000011110000111011010011
00000001010001011000010111010011
00111111000000000010110000000111
11100001100100000010110000100111
00101000001000000010101000100111
10011010001000000010011000100111
00001000100010001000001011010011
00001000111100110000100101010011
00000001000110111000111011010011
01111000110000000010011110000111
10011111000000000010001000100111
00000001000111111000010101010011
00000001000111011000101001010011
00001000001100110000100001010011
00111010000100000010011000100111
00000000100101100000001101010011
01110000001000000010010000100111
00000001010110110000010011010011
00000001110011100000101101010011
01000000100000000010100000000111
01110010100000000010010000000111
00001000111110110000101011010011
01000111010000000010100000000111
00001000111101000000110111010011
00001000011000011000011111010011
00011111010000000010111000100111
00001000101001001000110011010011
11000110000000000010101000100111
00011010111100000010001000100111
10101001011000000010001000100111
11100111010000000010000010000111
11101001110000000010000100000111
00001000010100001000001101010011
00001001101100110000100101010011
00000000110001000000111111010011
00000001111111111000011001010011
00001001110101011000110111010011
10111000010000000010010000100111
00001100100000000010111000100111
00000000000111011000000101010011
11010111100000000010111110000111
00001000000000010000001111010011
00001000010010000000010111010011
00000001000101010000111001010011
11101101100100000010110000100111
00000000101000000000011011010011
11101000100100000010100000100111
00101110010000000010010110000111
00001001001001111000110111010011
00010010110000000010111100000111
00000001100100001000100101010011
00000000000001100000111001010011
00000000001100011000000011010011
10100110100000000010110110000111
00001001110101001000111101010011
00000111111000000010101000100111
00001001101001010000011001010011
00000000101011100000110111010011
10011010011000000010110000100111
11011100001100000010011000100111
00000001110101100000010111010011
00000001011111110000101111010011
00000001000010010000001001010011
00000000100111000000010101010011
01110011110000000010111110000111
00101000000000000010111000100111
10100110001100000010110000100111
00000000000010111000101111010011
00001000010101110000110101010011
00100110010000000010010010000111
00111010101100000010101000100111
00001000100110101000011101010011
00001001000011011000011111010011
01111101001000000010111000100111
10001110101000000010100000100111
11000000110000000010110010000111
00000000010001101000101101010011
00001111101000000010111000100111
01100010000000000010001010000111
00000001110100000000010101010011
00000001110001000000110101010011
00000000100111110000100011010011
00001001110111000000100001010011
00000000100011110000001111010011
01011001000000000010110100000111
00000000110100000000111101010011
00001000001001001000100111010011
00001000101000001000100101010011
00000000101110010000100101010011
00001000110111111000110011010011
00010011101100000010000000100111
01110000101000000010101000100111
00110101101100000010001000100111
00011100001100000010001000100111
00000000101100110000111011010011
00111110110000000010010000000111
00001001000111111000110001010011
11101101010000000010001010000111
01111101010000000010011000100111
00001001011111110000110011010011
00001000011100101000111101010011
10111110010000000010100000100111
10110111100000000010010110000111
00000000100101101000101111010011
00001001001001111000101101010011
01000010010000000010111010000111
00000000010001011000010001010011
00001000100111110000100011010011
00000000001110100000111111010011
10110101010000000010111110000111
10001110100000000010010000100111
00000000111100001000101001010011
01110100100000000010100110000111
10111100010000000010111100000111
01011111100000000010100110000111
00000000111010110000111111010011
00001001010001011000111101010011
11101001110000000010101100000111
00001000100100110000010001010011
00000000111101001000001001010011
00010100100000000010000100000111
00001000000110001000100101010011
00001001011010011000001011010011
00001000001111101000010001010011
10100110000100000010101000100111
11110010100000000010100100000111
00110101110000000010010110000111
00101111010000000010011010000111
11000011000100000010010000100111
00000001100111101000011001010011
10000100000000000010000010000111
00111110100000000010110000100111
00000001001000100000000111010011
11110010110100000010110000100111
00001000101111100000010011010011
00001001001011010000100111010011
00000000011110100000011011010011
00000000110011100000101011010011
00001000101110100000101001010011
00000000001010011000100011010011
00001000101001110000100101010011
00001000110011000000111011010011
00000001011111100000100111010011
00001001001001110000100111010011
00000011010000000010111010000111
00000001010010111000100011010011
00000001100110010000111111010011
11011001010100000010001000100111
00001001001011001000110101010011
00100100000000000010100100000111
01101010111100000010100000100111
00001000101011101000010011010011
00000001011111000000110101010011
11011100110000000010101000000111
10100101000000000010001000100111
00001000011111011000110011010011
10011010000000000010100100000111
00000000010101001000000011010011
00101110000000000010110110000111
00000000111011010000111001010011
00000000000000001000100011010011
10110110000100000010000000100111
00001000001000000000010101010011
01100011010000000010111110000111
00001001011100001000011101010011
00001001000000000000000011010011
00001000110110100000110111010011
10000101100100000010101000100111
00001000001101001000010101010011
01000100110000000010001100000111
10011110100000000010001000000111
10011010100100000010011000100111
00000000001110001000011101010011
01110010100000000010011000100111
10010001110100000010100000100111
11111011000000000010101100000111
01100010010000000010110100000111
00001001100010010000001001010011
00000000011011011000010111010011
00001001001000110000011011010011
00101011001100000010001000100111
00101011101000000010110000100111
00001000110000000010001010000111
11010001111000000010100000100111
00001001111011100000100101010011
00001110001100000010000000100111
10111111101100000010101000100111
00001000110100000000001111010011
00001000001100100000110011010011
00000000111011011000101101010011
00001001000111101000001111010011
00000000011001111000001001010011
00001000010100100000111011010011
10001100000000000010010000100111
00001000011100101000111011010011
10010110010000000010100100000111
01111011001000000010101000100111
00000000010101001000011011010011
00001000010011101000010011010011
00000001000000001000110001010011
00000000110111011000100001010011
00000001001110010000110111010011
00111010100000000010100010000111
00000001000110100000111001010011
00010101011100000010100000100111
00000001011101000000111101010011
00001010110000000010000000100111
10111000001100000010011000100111
00101000101000000010000000100111
00000000110110001000001011010011
11001101010000000010111110000111
00000001011011110000000111010011
00001000100111000000010001010011
10011110100000000010110000000111
00000000111011111000101111010011
00000001111101010000111011010011
11001101010000000010000110000111
11010100110000000010010000100111
00000001010001001000000011010011
00100001110000000010100000000111
11000001111100000010010000100111
00000000110010011000000111010011
00011111000100000010111000100111
11010111110000000010100110000111
10111111110000000010001010000111
00000001010101101000010101010011
10110011110000000010011000100111
00000001100101110000010011010011
00001101011000000010110000100111
00001001110110011000001111010011
00000000000010110000001001010011
00001001000000111000110011010011
01011001110000000010110010000111
11000011110000000010001100000111
00001001011001111000101111010011
10000110010000000010111100000111
00001000010110000000001101010011
01111100100000000010001000100111
01111111100000000010100000000111
01111000000000000010110110000111
00001001101100011000111011010011
00001000101000011000111001010011
10100110100000000010111000000111
00001001010001010000010001010011
00000001111100001000110111010011
00000001001100010000011001010011
00000000111000010000000111010011
00000000001000010000100111010011
11011011000000000010000100000111
01011011010000000010101010000111
00000011100100000010110000100111
10000110010000000010111000100111
11001010100000000010110100000111
01101000010000000010011000100111
10111011100000000010111100000111
00000000001100110000111111010011
00001001101010001000010011010011
10101111100000000010100110000111
11110001111000000010100000100111
11001111010000000010100000000111
00001000010101000000100101010011
10000110110000000010000000100111
00001001000010001000110111010011
01101010001000000010001000100111
00001001101100100000011101010011
00001000001001010000000111010011
11101100000000000010001000000111
00010101101100000010110000100111
00000001000011110000110011010011
00001000101111001000001011010011
00000000011100100000100011010011
00000001110001101000010001010011
10000010100000000010101000000111
01110111001100000010111000100111
00001000110101000000010101010011
11001100100100000010001000100111
00000000101101100000000101010011
00001000100101010000111001010011
00000001110011111000010101010011
11000000111000000010011000100111
00000000101100010000100101010011
10010100010000000010111000000111
00001001111111111000011011010011
00010111101000000010010000100111
11000000110100000010010000100111
11000010110100000010010000100111
01111011010000000010111000000111
11011011011000000010111000100111
00000000110111101000010011010011
00000001100000001000100011010011
10100001011100000010011000100111
00100000100000000010000010000111
00000000101010001000110011010011
00001001100101000000111011010011
10001100101100000010110000100111
00000001101110000000110001010011
00001000000000100000010011010011
00001001101010011000110011010011
00001001101101000000111111010011
00001000011000001000111111010011
00000000001111010000101011010011
00001001000101011000111111010011
00001001101100011000001101010011
00001000010011011000001011010011
11000001101100000010011000100111
10100011010000000010001000000111
00000001011110101000100111010011
00000000011000001000100011010011
00001000010010011000101001010011
00000000000000000010011110000111
01010011000000000010100000100111
00000001000001010000100011010011
00001001010011110000010101010011
11011100110000000010011000000111
10101101010100000010101000100111
11100101110000000010011100000111
00000000011001010000110101010011
00001001111100001000011101010011
01001110100100000010111000100111
00000000010001011000111001010011
00000101010000000010011110000111
00000000111101101000000011010011
00000000111100110000110011010011
00000001001000100000111101010011
10011011100000000010101000000111
11001000110000000010110100000111
00000001111110101000100101010011
10110001100000000010101100000111
00000000001000010000111111010011
11011010111100000010011000100111
00000001101000110000001101010011
00010110100000000010110110000111
00000001110000010000001001010011
00000000011001011000010001010011
01100110110100000010100000100111
00111011110000000010010110000111
00000000011000100000101111010011
00001000101000101000010011010011
00000001000111001000001101010011
00000001000111000000101101010011
00000000001010101000010011010011
00000001000000001000100101010011
00001001010011011000111101010011
00000001000100110000010101010011
00001110010000000010001110000111
10001010000000000010010010000111
11010011001000000010111000100111
10000111010000000010111010000111
00001000101110110000111011010011
00001001110111110000110001010011
00001001011100100000110111010011
10001010110000000010101100000111
01111110110000000010000010000111
00000001011111111000011011010011
00100100000000000010111000100111
00001001100010011000101011010011
00000000000010011000101011010011
00001000010010001000010101010011
01110101100000000010110110000111
01110110110000000010011110000111
00000000111001100000010001010011
00001000001111011000100111010011
11010100000000000010100000000111
00000000101010001000001011010011
00000001111110001000111101010011
01000101000000000010010000100111
00110111110000000010001110000111
10010000011100000010000000100111
00101011010000000010110100000111
00000000110010011000100111010011
00001001111111101000100101010011
00000001101000000000101011010011
00001001100011001000110001010011
11000101100000000010101100000111
00001001100110111000001111010011
00001000011101111000111001010011
10010100100000000010101000100111
10001111110100000010011000100111
10101011101000000010001000100111
11101111011000000010001000100111
00000001101001111000001101010011
00001000000011010000000111010011
00000001011110000000101101010011
11100100100100000010101000100111
00000000110000000010110000100111
00000001100011101000101101010011
00000001010011000000001111010011
00001001001001011000000101010011
01111100010000000010000010000111
00011011001100000010100000100111
00000001010101100000110101010011
11010001001100000010100000100111
00001000101110010000010111010011
00001000001100101000111111010011
01110111010000000010100000100111
00000000100010001000010111010011
00111110101000000010100000100111
00000000011100001000111001010011
00000001100110010000100101010011
00000001101101001000101011010011
00111010100000000010010110000111
00000001010110000000111001010011
00000000100000101000011001010011
00001001011110101000011111010011
01001100111100000010001000100111
11001011100000000010111100000111
01001011100000000010100000000111
00001001001101110000001011010011
00000000010010010000111111010011
00000000110010100000111011010011
00001000010101001000101101010011
00000000001010010000001111010011
10011101010100000010101000100111
00000001110010100000110011010011
11001010010000000010100010000111
00000001000000000000110111010011
00000000101011011000010111010011
00011100010000000010001100000111
00000001101010100000010001010011
10000001010000000010101010000111
01111110010100000010011000100111
00000000001011010000101111010011
00000001011010110000001101010011
11100010100000000010100000000111
10001101000000000010111000000111
00001001101001110000000111010011
01011010010000000010100100000111
00000001001000000000010011010011
00001000001000100000111001010011
00000000000010000000111111010011
00110111100000000010000110000111
01011111000000000010101100000111
00000001110000000010010000100111
00001000110100100000011111010011
01101010110000000010101000100111
11110010110000000010010000000111
00001001110111100000011111010011
00001001100101101000010101010011
11111001110000000010001110000111
00001001111111001000010001010011
00100110010100000010101000100111
00001001010101010000010011010011
01100001001000000010010000100111
11011000100000000010001100000111
01111110001100000010010000100111
00110111110000000010111110000111
00000000011110111000110011010011
00100001000000000010101000100111
00001000001100110000001111010011
00000001011111001000001101010011
00001000110001101000010001010011
00000000111011001000010001010011
11100010000000000010001100000111
00011001000100000010010000100111
00001001001000101000110011010011
00000001111101001000101001010011
01011111000000000010010010000111
00000001000100000000000011010011
00000000011001110000010101010011
00001001110100100000100101010011
00000001011101001000101011010011
00001000011111000000100011010011
00101111010000000010011000100111
00001001100101010000110011010011
01111011100000000010001000000111
00000000000011001000110101010011
11100100110000000010000010000111
11100011100000000010110110000111
01001101000000000010100000000111
01001011101100000010001000100111
10101001100100000010000000100111
00000000100010001000001101010011
11111100000000000010101110000111
01000000100000000010101010000111
01110100001100000010111000100111
10010010110000000010011000000111
00001001111010001000100101010011
00001001010100100000001111010011
00001001011011001000110011010011
00000001000111101000110101010011
00110001101000000010110000100111
00001000011111011000000101010011
00000000000000000000000001110011
00000000010101010001010111001111
01110001110011110110000100001011
00000000011101011010010100011010
11111001111000100110110100010001
00000000011000000011011101101010
00010001011010100010101110011011
00000000000001100001111010100110
00011000001011000000010001101000
00000000010111011001110101110011
10110101011111110100111011010011
00000000001011111110001101010111
11010100110111101011111111110000
00000000000100001100111010011100
10100011011010010110011011100111
00000000010111111011101110000111
00101110000011011000001001100011
00000000010001010001000011111011
10000010001100111010001101101001
00000000001010000101110011110011
01000100110010111001011011000010
00000000010000101011000110100000
10000110101010101111011010111011
00000000011001010100101111110111
00000110101001100001001010101101
00000000000001010011111100100000
10100100111010011101111100111000
00000000010010000100010110100011
10001110011111001100111101011000
00000000001001001111011010000001
00110100010101101001011011101111
00000000001101110101000001101110
11100001101011011101110011100100
00000000010001110000001100100111
00000100011010010000011010000010
00000000001010010011000111101111
11010010111101101100010010001100
00000000001100011011111101011111
11010000010101111001001100001100
00000000000100010111101110011001
00011110101010110000011111010100
00000000001011100001001101101010
01101000100001011000100111100101
00000000001110001110100000011100
10000001111010001110001100000111
00000000011101000111001011110110
10101011100000001101100111001101
00000000001011010101010101011100
10000110011000101010000000010000
00000000011010111100000001100111
00101011100011011010100001011101
00000000010111011000111010010101
00011011011100011010100011001111
00000000000101001100100110011001
01010001111000001110110101011010
00000000011100100110100110011101
00101110010011111001011011011011
00000000001000110100110101011000
11100010100101110011000100001101
00000000010100010110111100110010
11100101111101011010001110011100
00000000001111001111110110010111
01011001011110100010111110101111
00000000000011100100010111011001
01100100010000010111001000110011
00000000001001011001110110000100
10111100111100011011101111000110
00000000011001010111111100101101
11100101011111001100100000001100
00000000001100001010110010011000
00011001100000110011011001011100
00000000011010011011101100010000
00000100111000011011101011010000
00000000010000111001111100000010
00111100010100100011011010110001
00000000001010001111001000011101
00001100001011001100100111011100
00000000010010100010001100000110
11000000011001110111000100001001
00000000000100101011010011001001
01100000010000101100011001010110
00000000001100111100001110010110
01101111001111100101011100101001
00000000001111001110100111000101
00001101110100011010010100110001
00000000000101010101100101011110
00000010101010011110001101100011
00000000001010001001100001001111
01001011110000111110111011111100
00000000011110001001101010001100
11111001101100110110111000101110
00000000001001100101001010001001
00100101000001101111111011101001
00000000000101101100010011011101
00010010000000011111101010010101
00000000000100110110001010001111
00101101101010110110011011101111
00000000010110010011010011001000
11101100001000000001010100001110
00000000010111100010110000001100
01111101011111010100000110100101
00000000011001100110110111101111
01000110111110001000110010011011
00000000000001001010111000100011
11110011001110011100000110011111
00000000000000000010110100111100
10101011110101110101000001111110
00000000000100001010100010100000
11101000000010100100010010000110
00000000000110010110011010100000
11111101001000010100111010110110
00000000011110010001101110100110
11110101100100011011010101110100
00000000001100111000100011011100
11111011010111011011101000001011
00000000001111001011100110001101
00011010011011110100010101111111
00000000001110010111110100110110
00011011010001101001110010010001
00000000010110011110010000100101
10010101011000010101110011010011
00000000001101011100001000010001
11001001001010001111111011010111
00000000001111101001010111010111
10100110100110101010111101111001
00000000011101100011111010101111
11111111010010111110001010111111
00000000010100011110110101011011
01111010101100010000011000110010
00000000011011111101011010111010
00111101100101100000100001110011
00000000011000100011010101001110
11101011010100000100010010101101
00000000011000110100000001001001
01000001010001001010110110100001
00000000001001001001001010000001
01101011101111001101001101001001
00000000010010011010000010101010
01010100100010001111000001011001
00000000000100101111010001101000
11111011101011010100100001000110
00000000001010111010100100010000
11000111011000111101001110010010
00000000001010110011001111010001
11000010000010100001011110010010
00000000011010110100100011011000
11010010001010010001100011000001
00000000011000111101010011001101
11111000011010010111111001000001
00000000001101010101011101100111
01110111001110001111110111011101
00000000001010110101101011111101
01111110001011001000010010111111
00000000010010100101101011111000
10010110011011011111100011111010
00000000010111011000110100101100
11111110100001010011000111101100
00000000010011100110111100100100
10100001110110010110101100111111
00000000000001010110111110110011
10110011101111111100100011010000
00000000010111000010010010101000
10000001111001011010010111100110
00000000011100111101000111100001
11001001110101101110111101000110
00000000011111100101111100010010
00000011111110101110000101110010
00000000010101000111011011110001
10100010000100001001111000111110
00000000000010000000001001100011
00100101110100101011110100110011
00000000000011110010100100011000
10010000001100011010010001101111
00000000011010111010101110001101
11011101001101010101011001100100
00000000010010110011001111000000
00011001000000111001000011110111
00000000011000011100110010001101
10100001011011000110110000010000
00000000000011110101110101011100
10010100100001101011101101001101
00000000011001010000011110101001
00000010010000011110000110111101
00000000001000101110110011111110
11100000101010111111110000011110
00000000000100000110101101101111
11000010100110010001101000010110
00000000011100100001011111001011
11011000111011010110011111010110
00000000000010010111001111100110
11001111001010101101010000000001
00000000001001100100000110010100
11010111110001001010100001101110
00000000010111100110001110101110
00000010110011001100011011010101
00000000010000001010000000110010
11010110010101110000010110110000
00000000010100101001011001111100
00100010110111110110010011010000
00000000011100010010111101101001
10111110000000110110000101001000
00000000001100101110100010010001
00111001010100001111010010100101
00000000010101011100110010010011
01000010000100100000101110100101
00000000011010111010001111110001
11110111010000011111001010000010
00000000011001110100101011111011
11100110110001111010010111110011
00000000011011001111101100001010
00001000111011011010101110001010
00000000000101001111101011110110
01111000100110111101110100100010
00000000011010011001001100011000
01001100010110001111110001100111
00000000010000000101100110010101
01110010000010111111100001000000
00000000010010110101001000000101
10100111111011001111101100001110
00000000011110011010010000010011
10111011010000100110011100011010
00000000010101010100011001100110
00110011111100111110000101101000
00000000001100001100011010101001
00111010000110000100110100101010
00000000010101110001111111111111
11110111100101100101111010101110
00000000010111001011111100100110
00101011100000000111011110110011
00000000001110101100000101101010
01110011010011111111101110100110
00000000001011101011101111001001
01100000110110100001011010001011
00000000011111011100110101010100
10011010010011000011011001000000
00000000011110100101101010000000
10110001010011100001101011000010
00000000011010001111011001100110
11101110010010110000110000011100
00000000011011011100000100100111
10000100001001000001101101110011
00000000010011101111000000010111
00010000010101001000110101011001
00000000010101011100111110000101
01110001101100110011000001100101
00000000001110100001110101100101
01111010011111000010100110010101
00000000011001100010111010111111
11001001100110011111110011011000
00000000001001110110000010100110
01010001101010111010011010110000
00000000010100001011010011111010
00001101011100111101011011110001
00000000010000011110011100111110
01101010101100101011110100001100
00000000011010101011111011101110
10001110010011011101110010010000
00000000011000110010100001010001
00010000111100100111101011011010
00000000001010011010001011010101
01010000100111011101100001101100
00000000001111010110101011000011
10001000011101011001000001110100
00000000001000001100111001111100
00010001110111111011010100001100
00000000001111010011010101100001
10011000101111101110000101010100
00000000001101010110001110011100
10100001110101110101111011001111
00000000000100100110101001001110
01110011000111000001101001011101
00000000011101101000100000010000
11111110000111011001001100001101
00000000010011001011100000101001
01000100000011011011000001111001
00000000010000000101011100001010
10001001100100110001100000010110
00000000001101001010101110010110
10001110111011000011111011100100
00000000011110001000000011111110
10101100010011100001000101000001
00000000011111011011110010111111
00110010001100001111100111101010
00000000010010111110111001111001
11001111101100010011011110100000
00000000000101011000000111100011
11011010010110000000000001000010
00000000000010000101111011101100
01010001001110110001010000000010
00000000001110110110001000000000
11111101110111011011111101010001
00000000000101110100101101001100
01010101101111000111110100100101
00000000000011110101010001000011
00011110110111111110111001101110
00000000000011101001110010010010
01111001010111000011101101001011
00000000011010011100101100101010
11000010110000010110110010000101
00000000011110100111110001011101
01100011010010100101010110110110
00000000011111101001101000110010
00000101001001101010100010011101
00000000000110011010110000101100
00010001010110000101010000100000
00000000000011100001001101001100
01011000111111000110110110001010
00000000011100100010101000101110
11100001010010000101010101100000
00000000001100110001001001100011
10011011011001001100011101010001
00000000010100001100100100011101
00101000010011100001001111000000
00000000010110011000111011100110
00001100000101010101111001001010
00000000000111000100110000100101
01100001100111111111110001010101
00000000001010111000111100010001
01110111110111100011010110011100
00000000001000011001010100111101
01010110100011011001101000001011
00000000001010011100100110001001
01100100110011010101010001011001
00000000010110000101100010100101
01110101101110111101111101011000
00000000001111000110001001110110
01101111000000011101100000011101
00000000000101101110101010000011
01100101100110110100101110001110
00000000011110011100111000011010
00100111010001111000111100101100
00000000011101111000011111000001
11000110110110110111011001010111
00000000010001010011100101000110
00000110010011100110000111100100
00000000011011000101010010101101
01011101101100001100100110011001
00000000001101011011101101100101
01111110101101000001011101110000
00000000001010010011011100001001
10011111010111100100000100010111
00000000001000111110011111100011
10011100010010100010101111010100
00000000011001110100001100100111
01001100101111101111010100011010
00000000010110100100010011111111
10101111100010011001110100101110
00000000000101000001010110001101
00010001011010100010011110011001
00000000000111110110001101010100
01111000010000011010110010001101
00000000011101100011010000111011
00110001101110100100110101111000
00000000010111010111110110101001
01001101111100110010101011111110
00000000000001001010111001100010
10010000001010001010100101100001
00000000010001110111101010111011
11101111110101001011001001010010
00000000001100101110100000010101
00100100001111001011011100111101
00000000000010001010001110101101
00111011000111110011000010100110
00000000011100010101001011010000
10111111100001000000000011011011
00000000011111110110101000011100
01000010100010001110000111110111
00000000001101011011100010011011
01100111011100001101010011110101
00000000010001001100011000011100
01000101101111010000111110101101
00000000001111110000101000111101
01010011100010100010010001101111
00000000000001101100110111001000
10011001111001010000101000010000
00000000000101110111101110101000
11010110101101011110000100100111
00000000011110101100101111100001
11000101000101011101111001100010
00000000001100011010000110000010
01000100101000000101000100011100
00000000000100100000110000110001
11000010010101100111001011001000
00000000011000110000110100010101
11010111100110110011000110011011
00000000000001100010111000011100
10010001010010010010001000101010
00000000001100001111111110111110
11011100100011010101001010101111
00000000000001010111111000001010
11111110101100010001110010101011
00000000001000100111100100110000
00010010000111010010010010011100
00000000010001011000101011100101
10010110111100110001110001100101
00000000010100011111111010011011
00000010111100100010100111110100
00000000010101011100011000011110
01111010001100010100010010111101
00000000010011010111011010111011
10011110001000100010111100101011
00000000001010011000011000101110
01010100001000001000000011101011
00000000000010111101011001100001
00010011010001100110010110100101
00000000001010011101011100100011
10100101001100010000011010000100
00000000000100010101101011011001
00001010100010011001010101101011
00000000010001010100000011011010
11111111011010000011001101101110
00000000010111001100011010101110
10001100100010101100000000101011
00000000011001110110010000101011
10010110010000101011001001011111
00000000001001000100111011111100
00110000010110011010001100111000
00000000001010110111001110101010
01101110000001011111001000111001
00000000000100011010010100001101
01011011011110010000101010110100
00000000001101000110100010011100
10111111001000010110010000010100
00000000011010001110101011001011
01110000101111011111000100101000
00000000000110101111101101001111
11111100111100100110100000000000
00000000010001110100100100011110
10010100001100000001010011011110
00000000001001101010100010011110
01000001001111010010010101011111
00000000000100101101000011110010
10110101011011011101110100001100
00000000000001100001100101100110
10110000001000010001100101010111
00000000000101011010111010001111
10010100111001011111000011100110
00000000010000001100100111111111
00010101110010001001001110101110
00000000001000111110101100101010
11000110001111111101001101010000
00000000011111111001110010100011
11111100111011101000101001101110
00000000011000100100011011100100
01101001011000001011001110010001
00000000011101001000010111110000
01100101110010100011110101011011
00000000001011100110010110001010
10010101100011010100010001001100
00000000001010000010010100001100
01000001010000110111000000001110
00000000010101101111101011010001
01001001100101011000011001010011
00000000011111010000110010001110
00101000000001101000100011111100
00000000000010010010011010111111
11111001001001000011000011100001
00000000010001100011011000111011
00001011100101011000011110111110
00000000010000000110000011010100
11000110011100011011010110111000
00000000010010010110010101100000
11001110011000000010001101100111
00000000010111010001110110100110
00000100001111101100110111110111
00000000000101000100110100111011
10110111000110111110101100011011
00000000000011101010110101011010
11111110110100100010101100011011
00000000001101010000000001110110
11010000101001101011110100010011
00000000001001100010011010011111
11111000100110000110010010010111
00000000001110111000110101011111
00001011110100000101001111100110
00000000001100110001000110001110
11100001111101011111011110001111
00000000000010111011001000010100
01101100110011000101001101110111
00000000010000010010001110110111
11101001010011010000011011111001
00000000010000110011101101011111
01011100111011001100010010110100
00000000001011110001011100110101
00010101001001100010110110011110
00000000001100101101011011011011
10011100011001000010110101101101
00000000011000101000100010010000
00011100000110010100011000101100
00000000000000001001001000001000
11010010101110100000010101001111
00000000001101110110000110001101
11001110101001111110110010111100
00000000001010000100000100010100
11001001001101101000010010000110
00000000000111010011101010111011
00010101110010101111011110110011
00000000011001000010111011010101
10011101101101101000010000010001
00000000010011010100001111100001
10000110100010001110000010111011
00000000011010000111111110000111
00110010001000111110001000100100
00000000000011101100100101101011
00011100010101001000000101000001
00000000001011111000011001100100
10100011111100100011110010111011
00000000000000110001101101111011
01010111101011101111011110001110
00000000001111000110001111111000
01001001000101111100000011000111
00000000011010111100110101010110
11100001100001101011011110101100
00000000011010000101110101001100
00110101000111100011101100101011
00000000001010000000100101110000
11101110101110111011000101111011
00000000000001011100000110100101
00001011111000110101101001000111
00000000011100011100001100111001
10010111100001000100010001101011
00000000000101100011101101000111
11010101110101011001111100010000
00000000011111100110011011000110
01000110010011011010000001011110
00000000000000111010100000011110
10011001110010011011010110000011
00000000001110000100001110000101
10101010100111001111011101101010
00000000010100001010100011100111
00000111011010111101111011101101
00000000011111010100001010111010
11101111111011001101111101100010
00000000011000010111101111110001
10011101110110100011110000000111
00000000010000101000010110100101
10101010101101000001001111101010
00000000010001011001010011011110
11100001111100000001101111111010
00000000000101100001101101100110
11000101100111010001010100100100
00000000001100100011111101011100
11101111011010100011101000011010
00000000001000001111011011011000
11110001001101001101001110111101
00000000011111001011111111000110
01001000001001011100010110000111
00000000001101011110010000111100
00101110000011001010010101001011
00000000000010101011110011011000
11001100010110001101100010100100
00000000001000011010101100111110
10100001011000101001001100000010
00000000000111000010011000110100
11011000010011010011011011110100
00000000011010001100111110000000
00011001001000011101001001001000
00000000011010101100010010000000
11100100111000110011001001111010
00000000011100000000001101011001
10001011010010101100010111010011
00000000001110110111100100100010
11001101111101111101011111000011
00000000000101101001110100011111
10000111110011011011010011111010
00000000010110100000011100110000
01000000001100110010010110001000
00000000000001100111110101001110
11101101011001100011011000000110
00000000010110010100110001111000
00100000101100100100011111110110
00000000001010001110100110010011
11011110001110100001010111110101
00000000000010100111111010011011
10000000101011100011011111001111
00000000010010001111101000111001
11001011110111110000111001100000
00000000010100000110101100000110
10001110110111110100001011011111
00000000011100011110000111000100
10101111001000111001010011011001
00000000010010101010101000111000
00011001001110010100101010000000
00000000011000110001111101010100
11000100011110001110110011101100
00000000000111011110101000111010
10110100111010000100111100111010
00000000011110000100101110111110
10100111100101000100011111110000
00000000001100100111101001110100
01000101101101110011000110110110
00000000000010101000100001101100
10100000110111010110010001000011
00000000000110011001011000111110
11100100010010011101011110001001
00000000011011110010001011101000
10101110110000111011101000100001
00000000011001000011001110000110
11110011000000110110011000110101
00000000001011110101110000010111
00111101111000110000111010111110
00000000010101011111101101000011
11101000001011011111000110001011
00000000000001000001111100011001
00010001111010000011010100100011
00000000000110010000111100101100
10001110011110010000101111110101
00000000000101011111110111000000
11000011000101110111000111111001
00000000000000110100001000001110
01010100010110111100000101100011
00000000011101011001111101011100
11000101011000000001110111011100
00000000010010011011011001001100
01110110111000011000101010001110
00000000011001110111101011000111
00101100110110111110011010110010
00000000010111010000010100111000
10001001000010001111101111000110
00000000000010010100101111101100
01010000000111101011110110100011
00000000001111100001110010001101
01100110110100100101010001111111
00000000000100100001001101111111
00101111001010010000000110001010
00000000011010101000011000111101
11011110111000110000010101000100
00000000011110100011100001011101
10101111111100110001100101100011
00000000011010111010111101111000
10100101011000100001011110100010
00000000000100000101111010011001
01001100000010000101011110100010
00000000010111111000111000111000
01011111101111101011001111100111
00000000000111110111011110110100
11010001111010001001000100111010
00000000010100110010000110111110
00010111011010000101101000001101
00000000001111100100000100100100
10010001011100110111101000001100
00000000010111100010001101101101
00011010001001011110011010001101
00000000010111100101100101101101
11100010100011000000110110001011
00000000010110000100101111111111
00111100001101111101001111101101
00000000001100000011110010100101
00001011111110011001011010011100
00000000000111100101111101011001
11101100111111111100101001011101
00000000010100101100010110100011
10111001111000000110000111111110
00000000010101110011111000010001
01000011011001100111011011111101
00000000010001001000000000011101
10101100010101001100001011111010
00000000001001100110101000001011
01001000111111100110011000100100
00000000001101011010100001011110
10010111110100001001101110010111
00000000001101101011111111111000
10000101000000001100001011011100
00000000000010010010000101110111
10010001001011010101100010001001
00000000001001101010011100111110
10001001100010010111101101100110
00000000010011010100111010110001
10001101000110010111001000001100
00000000001101000000110000001011
10000011000001111011010000110111
00000000000010011001101100100101
11000001010110100111001111011010
00000000010000000101000011001100
11111101001101001011111100111100
00000000001001100000100001111110
00010011111111101011101110110010
00000000000000001001000101010101
11010000111011100001100000100010
00000000011011110011100000010111
11001001111000000100101110110011
00000000000100001010001001000111
10110111011111000011110111101100
00000000010011111111110111010000
11000011100001010001010010011100
00000000001101000100010000000000
10001011000100111001110100001000
00000000001001010000111000100111
00010000111111001000001011110000
00000000000100010100111110001011
00011011111010010000010111110110
00000000000010110011011111001011
10110100111110001101111110001100
00000000000101101010100000010101
01100100111010101011000101111000
00000000001011111110110100010011
00001100000011000100100011110001
00000000001110011000001101010110
10101111011111111011000011111011
00000000010111100110001000011111
01100011001111111010000011010101
00000000000100000110011101110001
10000110011110011001010010010011
00000000001101011010100101000110
10101001011001011110000011111100
00000000010010101000011101001001
11000111111110110110111001100011
00000000000001111000011110100110
01010010111100110010001111100100
00000000000000001001100110010000
01101101000010000110110000001111
00000000010001000111011111111110
10000000101000000001011101101000
00000000000010011110110001000001
10011111100111001000011101111010
00000000001010000101010101001100
11001100001101111001001110000010
00000000010110001010111010111111
01101011101100000010011101000000
00000000001111011010000101101011
11101111001001010111011001011010
00000000001000100111111101100100
10001100010110111010100100110010
00000000001011001110010010011001
11011001111111111100010000010011
00000000010000001111110111100001
11001010010110111101100011011100
00000000000010110000000101011001
01111010101011000100100001101010
00000000000100101000100010111001
01010000110111110100110111110111
00000000000010001011101011001001
10111100010110101001110011000100
00000000010011000001100001010011
01001110111000101110011100111011
00000000011011101010001100011100
00000110010101100100101010010101
00000000000111011111001001011000
01110000001010010101011000000011
00000000010100001010111111010111
01011110000111110011001110100100
00000000001001110000111100010010
11001001001110010111010001010000
00000000010011101101111000010101
10001000110011011011101110000111
00000000011110111011100000010010
01110000100001110000010010011101
00000000000110011111110101101111
10000001110100010010101011000010
00000000001001001001101001000111
00000111011011110101010101000101
00000000010010110111010000000011
01010010000000111101100101110010
00000000010110011100110100110010
10011011101100010000011011111110
00000000000110111010011000011000
00101011010100010111110100011101
00000000010111110000101011001010
10111101100110110011011010010100
00000000001111011011100101000110
01100101100010111101000111010011
00000000001100001000011000000011
00001001110110110101001111011101
00000000000001010110101111100010
00010011011100011000110111101100
00000000000110100101001110000000
10000000101100101011010010110111
00000000011111010010100010010010
11101000010100111001010100111010
00000000010111110101001011101101
01110101011011010000110001010100
00000000000101011111111001101111
11011000011111001001001101010101
00000000001111100101100001111111
00001110011011001010010000001000
00000000000001111100010110001001
00001100101101000111100111100110
00000000010011110110110100111010
10000001001001111011110111100010
00000000001000011010101110110110
01101001000011111100101101000100
00000000000000010111101111110011
11001110000101110011100010100010
00000000011111101011011001001101
11101100010011111001010011011000
00000000011000110100110100110010
10111111110100000010000100111010
00000000010110101000110001010010
00101000000111111110010011100001
00000000010000101010111001001110
11001111010110100100011101000000
00000000001010110011010001111000
01001001110110010110001001101101
00000000001111001010000111001010
00110000110011011011011011111100
00000000001100001000110010011110
10100011011101000010111010000010
00000000010110101110000000001001
00000000001010100010111000011101
00000000000111000111011100110001
11101011011110111000010000111101
00000000011111100011100010111100
11000001010110001010011011101011
00000000010011011011001110110100
11000010100100010000011100000010
00000000011100001011110000111111
01101010010000001111111001001101
00000000011110101001001000010011
00011000100001100001111100011011
00000000001110001011001000001101
01110111010101011100111010101010
00000000000000011010111010111100
10010000000111100111110000000100
00000000010000101011100110110010
01010100111011010000101010000011
00000000010111101011110001010111
10001111011010011010010101111110
00000000010101011011100001101001
01111100011000011111111111000110
00000000011111100101010110011100
01111100111011100000111111110111
00000000000111011100101011101001
10111010100011001010001100010110
00000000010110111000111100011011
01100110001001001001110001011000
00000000000000101111010010000001
11100100011110000110000100011111
00000000000101110011110111100100
10111011011111010101101000011001
00000000000111010111001101011010
10001101000111001010010010000110
00000000000111100100101011100001
00111100011000100000010010011100
00000000011110100101011111010000
01111010010100000010001101110100
00000000000100111011000010110001
11011010110101011101110111001011
00000000001110100110101111101011
10110011101110110010111101100011
00000000010001001101101011111010
01110101000100100010000111001001
00000000000010010010100010111000
11010001111111110110011111100011
00000000010001111010111001000100
01111101100001010110011111010011
00000000011011111100100001010110
11101010001110101000110111110110
00000000001101001101100010001100
10100011001010101011111000111101
00000000000001001010011001110100
10011110110010011010100001101110
00000000001011100100010110110111
01011000100000011110001100111011
00000000000011101010010101010100
00000101101101111000100100010111
00000000010011110010001001011001
00010111111001011100100001110001
00000000000010110001001010000110
11100111001000111010011000010100
00000000011001001010010110101010
11101111101111110101010000000001
00000000010010011111001110110110
10100000110111101110110101011100
00000000011000111011110010010111
00100011011110000000111111110100
00000000011010000010011000110010
01000110001010000111001000110000
00000000001001101000001111100010
00000110101010010111000011110001
00000000011100110101110110000000
10011000010101110101010010110000
00000000011001010011010110101100
01001011011111000000010100100100
00000000010101111110001111010010
10101001111010000001000110000000
00000000011100101111011101100100
00010100110110110111110110101010
00000000010110110011100000111001
00001000011111110101110010011111
00000000000110000111101100110000
00000010100110011000110000000001
00000000011111011011101101111100
11011110010001111001010011001000
00000000001101001010100101101000
11000001100110010111010010110100
00000000010000111000110000111000
00000001100010010001000111001101
00000000000101001101111011000101
11101110111111011000101101110110
00000000010000100100000000111001
01000001110010011111101110000101
00000000000100100100101101111111
10111101101101100001101001000111
00000000011100001101001000011101
11010111000111010111110011011100
00000000001111101111010011000011
11010111110110001011101101101101
00000000000101000111011000010101
11110001100111011100011111100000
00000000000010100001001100010001
10100010010100110101001011000001
00000000001010010001100101001010
01011011100110101010000110011100
00000000010000111101001111110111
01011000011010000111111111100000
00000000000101100100110100000100
10101010101010000110111000010111
00000000000100100000000000000000
10000010000000100010000011010100
00000000011011010001001000001111
10001101010001000111001111101101
00000000011001111100011110110010
00011000000111111110010001101111
00000000000101111101100110011001
11001110011111010001001001111101
00000000001110111101111010010001
11111111000100011100110001000111
00000000011010011011011101000011
01001111011110001100011000100110
00000000011001011010001001011001
10000001010111110001000000111101
00000000000001101000101001000101
01110011000000000000100111110011
00000000000110101011100101000101
10111101101111011011110110011111
00000000010010010110111111000000
00011101111100000100101100111000
00000000011110010100010001010111
01110010110101110110010110100101
00000000011110101111011101000010
10110110100001111000000100100110
00000000000110110101011011010100
10000000110110101011001101101111
00000000001000010010011010110111
10001000110000100010000001101101
00000000010100101100111001100110
10111001001000111111111000011011
00000000010111000011000100101011
00101111110011100100000101010000
00000000001100110010101000100000
01111110111111101110011011011101
00000000011010000010100101111111
01001000010101111100011101100110
00000000011101110000100110001111
11011010010110010100111011010110
00000000001111110110010000001101
01101101011010110110000001110000
00000000011101110100001100000011
01000111111011110010110101010100
00000000010110110100101110010000
00111101010110001010010010001100
00000000001001110000001001101100
10100101101111001111101010111101
00000000001011101000011011111001
11101001100000101100001000100000
00000000010010011110001111011001
01011001101100101101111001010011
00000000011000111001010100101011
11100010110101100111110011100100
00000000001001111100001001011110
10100010000001011001001000111001
00000000010100100110101111100100
00100001101010110100010100011101
00000000000100101110000110110111
11011110101001000001010100111101
00000000011001011100011110000111
00000101111110100110001011101010
00000000010110010010101110101110
01110101101100010111111000101010
00000000001110010000111001110101
01110010001100011011001000100111
00000000011010110100000110110101
01010011100101100001100111011110
00000000000011100110001100010100
11000000111010101000101101001001
00000000010000010111110001000010
11011000011100011000101010011000
00000000011101010101101111011000
01111000010111110000011001110110
00000000000101001101100001011001
01001110010101001111101000111001
00000000000110001011000111010010
01101000011110011110010000000000
00000000000010001000000001001011
10000101010010001101000101010010
00000000001010111011100100111000
11111110111000011001111001010001
00000000010100011011111100010100
11100100001101010001011111110001
00000000011010011000000101101001
10010110110010101000100000111001
00000000000110000100011011101010
00101110011000010111111001011110
00000000010110001110100100100111
11011111111111111010011111110011
00000000000000100111011010110001
11000101101101001110000000101111
00000000010010111111001101010001
01010101111101100001111110110011
00000000011011010000110011101101
11110010010010000010100111111110
00000000011000111011011001000001
11010100111110101011001000010100
00000000000111101011110101110101
11011100101110100000111011001110
00000000000010100011010001110011
11110010111000000000011110000101
00000000001111101001000101110101
10100000110100111101100111110111
00000000011111100101110001011110
11111111011110100101100111100010
00000000000101011001000000101100
00001001100100001000011010010010
00000000010111110101010111101010
10101110011001010001000000110101
00000000011101001111010011000000
10100000111010100011000111011101
00000000000011010011111011001001
11110111101000011101101010000101
00000000000111000100110001110001
01100000110101001101011011010111
00000000011100011000100000101000
11010000011100011000001100111111
00000000011101111101101110001010
11100111010101100001010101001101
