01111111110000000000000000010011
01111111110000000000000000010011
01111111110000000000000000010011
00000000111000111000000110110011
00000000011011001001100110110011
00001001010001110000011101010011
00000000011001111001100010110011
01010010001000000010001000100111
00101000000000000000011010010011
00000000111010101000011100110011
11010000100000000000100000010011
01000000001011100000101010110011
11010010110000000010111010000011
10100001110101001001110101010011
11100000000000011000001001010011
00000000111010011001111110110011
00001001000001011000010001010011
00000001101111111010100010110011
00000000100100011000011010110011
10100001101001110001011111010011
00011100110000000010110010000111
00000000001011000010110110110011
00000001001001010000000110110011
00000001001001100000000100110011
00000001101100100000100101010011
00000000110111011000100010110011
10001101000000000010010010000011
11111011010000000010100000100011
00000000100110011101100110110011
00000000111001011001000110110011
00000000001101111000111111010011
00000000110101100001101010110011
00000001100100001000110001010011
01100110110000000010110010000011
01000001111010001000111000110011
11011110000000000010101110000111
01010110010000000010101100000111
11100000000010110000011001010011
00000001101101000000110100110011
00000000110000111000001110110011
00001001000011111000101101010011
00000000010011110010110110110011
00001001000010100000101111010011
11110010011100000010100000100111
11100000000000000000001101010011
00010010100000000000000010010011
00000001101010101010100010110011
01000001111111011000010110110011
01000010001100000010010000100011
11100000000001000000010111010011
00000011000000000010111110000011
10100000100011111001101011010011
10100000010010111001011111010011
00001001111100110000101111010011
11100000000010001000011111010011
00000001101000100010000010110011
00000001100010011101010110110011
00011100100000000010100000100011
00000000010111000001110010110011
11110101100000000010100000000011
00001001111101110000011001010011
00000000011001101101011000110011
00000000101111001101001000110011
00000001011001010000100000110011
00000000001010000010011100110011
10100001010111100001111101010011
00000000101110111000010111010011
01000001000101010000101010110011
10110000101000000010110000100011
00000001011010100001000110110011
11100000000011100000011101010011
01000001001111001000111000110011
11000011100000000010110000100111
10100000100111101001111101010011
11100010110000000000010000010011
00000000111100111101001010110011
00000001001110101010111000110011
11000000110000000010001000000011
11011001010100000010010000100011
00000001001110111000010011010011
01000001101101000000110100110011
00000000011100011001001110110011
00111000010000000000010100010011
11100000000000010000011111010011
00000001111011010101100010110011
01000000111010011000110100110011
10111111000000000000010110010011
11010011000000000000001110010011
00111101100100000010111000100111
00000000110100110000011001010011
01010101000100000010110000100111
00001000010001010000110101010011
00000001001100011010111010110011
10001011101100000010001000100111
11100000000010001000110001010011
00001001100100000010000000100011
01000001001111011000010010110011
10100000111010000001010111010011
00000000101010110010010010110011
00000001011101000010010110110011
11010100000000000010101100000011
00000000011011101000111010110011
00001001010100000000001001010011
00001001100011101000100101010011
00000001101011101001011000110011
11010110110000000000110110010011
00000000000001011000000101010011
00000001001001011000110001010011
01000000011001011000111100110011
01001110010000000000001100010011
00000000111000010000010000110011
00000001111110100000101010110011
01001011100000000010110010000111
01000100101000000010011000100111
01101010000000000000110010010011
00100110010000000010010110000111
11010101000000000010011010000011
00000000101000000010000110110011
00000000100000001010000100110011
00000001101010001010010100110011
00001001100110001000010011010011
01000001101111001000001110110011
00011110010000000010100100000011
00000001100110111010110000110011
11100000000011111000101001010011
00001100000000000000111110010011
00000000111001100000111011010011
00101100110000000000010000010011
00000001110010100000011001010011
11100000000011100000010011010011
00001000111011111000111101010011
10111001110000000000010010010011
01010010110000000010101100000011
11101100000000000010110010000011
00000001010001011000011111010011
00100001100000000000001110010011
00000000110110000010101100110011
00000000101011000001010110110011
01110000110000000010100010000111
00000000100010000000001100110011
00000001011000011101100100110011
00000001001101101001111000110011
11100101101000000010111000100111
00010011000000000010000110000111
00000000000111101000001111010011
00000001111101011000011111010011
10100000101111010001000111010011
00000001110000000010110000100011
11100000000011001000100111010011
00000000111011010000110111010011
01000001011110101000110100110011
11001100111100000010101000100111
00001000101000010000101111010011
00000001111000110101100100110011
00001101000100000010101000100111
11111001010100000010001000100011
00000000110111011010100110110011
00010001101100000010110000100111
11100000000011000000001001010011
10000110110000000010000000100111
10000011100000000010001000000111
00000001111110100000011001010011
00000000111100100010001010110011
00001001000110100000110001010011
00001001110110010000111011010011
00101101111000000010000000100111
00000000111010110010001110110011
00000000110010000000110000110011
00001100100000000010000100000011
00001000010100101000110011010011
00111001110000000010011000100011
00000001100101010001011010110011
10100000100101100001001001010011
11100000000000101000100111010011
10101001100000000010100010000011
00000000111011001000111100110011
10100001011000001001111111010011
00001000110100100000000101010011
01101000010000000010101000100111
00000001001110010000001110110011
00001001111111010000000101010011
10100000111100001001101001010011
01000110001000000010000000100111
10100001000010011001101111010011
10100001010101011001010001010011
00001001000010010000101011010011
00000001101010101101011100110011
11100000000000001000010011010011
00000000001011110101010000110011
11100000000011100000111011010011
00000000100011110010011110110011
10100110100000000010110100000011
00010000110000000010000010000011
10011011011100000010000000100011
00001001101010011000001001010011
00000000000001110010101000110011
10100000001100110001001101010011
00000000111001110000010000110011
10001100011000000010100000100011
00000000001101110101001000110011
00000000011110110000011111010011
01000000001100100000111110110011
00100010100100000010010000100111
01100111110000000000101000010011
00000001111110000001010000110011
00000000100101110101111010110011
00000001110111011010100010110011
00000001000101001000111100110011
10011001000000000000111010010011
10100001110011010001111001010011
00000001001001111001001000110011
00100101100100000010111000100011
00000000111111000010100000110011
11100000000000100000010001010011
00001111010000000010110000100111
01000000000001010000100100110011
10010101110000000000100010010011
01000001000001011000111000110011
10100001001010110001111111010011
11010001000000000010110010000011
10111001100000000010101110000011
10111010001100000010101000100111
00100011100000000010001110000011
00000001101110111000010010110011
00000001100011010001101000110011
00000001001100100000101000110011
01000000010110111000110000110011
10100001001100010001010001010011
00000001101111111001001100110011
11100000000001110000000101010011
11100000000011100000110011010011
01101101100000000010011000100111
01001110010000000010001000100011
01110010100100000010101000100011
00000001101100011000000111010011
00000001101110101010100100110011
01000000001111100000011010110011
01000000011000111000100110110011
00110111010000000010011100000011
00000000001110000000101110110011
11111011100000000010011010000011
00000001101110000101010010110011
00000000011100110000110101010011
10101110110000000010101100000111
11100000000011000000001011010011
10100001111011011001010011010011
00000000101001010001001110110011
00000000111010001000111010110011
10111011011000000010001000100111
00000001001011110101000110110011
01111010010000000010110100000111
10100001100000011001111001010011
01000001110010011000111010110011
01000001010100010000000110110011
00000000011000000001011100110011
11001000010000000000110110010011
00000001011000011001101100110011
01100101010000000000000110010011
11100000000001010000110111010011
00000000000111100001000100110011
01110100000000000000001110010011
01000000110100011000100100110011
10110111110000000000111010010011
00000000101101010010101100110011
11001010100100000010011000100111
01001100001000000010110000100011
01000001000000010000000100110011
00000001101001001000000110110011
11011010011100000010101000100111
01100101100000000010011000100011
00000001101110110001010100110011
01000001001011000000010110110011
01000000110000100000010010110011
01000001100110110000000010110011
00101000001000000010111000100011
00000001001101100000010000110011
00000000011111110000110000110011
00000000001110100000001010110011
11100000000011010000101001010011
00000000111110001101100110110011
00000001100101111010110000110011
00000001100000110001100000110011
00001100110000000000101010010011
00000000110000111000011001010011
00000000111000011001011000110011
01011001110100000010011000100111
01101000001000000010010000100011
11100000000001111000011001010011
01101011100000000000001110010011
00000000110001111000110011010011
10100011010000000000101100010011
00000000011110101000101011010011
01101011100000000010000000100111
00000001011110111010100110110011
11110110110000000010110110000011
11110111010000000000111100010011
00000001011001100101000110110011
00000001000101111000001011010011
10011000100000000010111000000111
00000000101111011000101001010011
11100000000010111000111001010011
10101101111100000010001000100011
10101100101100000010000000100111
11100000000011101000101011010011
00011010000100000010101000100011
01000000011001110000000110110011
01010100111000000010010000100111
00000000110000100000011100110011
01111011100100000010010000100111
11100000000000011000100001010011
11100000000001111000101011010011
00000001110000000001101100110011
00000001000010111000000101010011
00110100001000000010110000100111
01010001110000000000001100010011
00000001011001001001010100110011
00000001000001100000101111010011
11100000000001011000100011010011
00000001111000101101010010110011
10011111011100000010010000100011
10011011010100000010100000100111
11100000000010101000110101010011
00000001011101100000101111010011
10100000111000101001000011010011
00000001101110000101010100110011
10100000111000000001010011010011
01000001100001010000011110110011
10001110101100000010100000100111
00000001111110111001100000110011
00000000100011011000100100110011
00000001010111111000110100110011
01000001001100010000101010110011
10100000111110001001111101010011
00111101010000000010111110000111
00000000111000111001100010110011
11100000000010001000011011010011
00000001010000001000111010110011
10010101010000000010010000100011
00000001110001010001000110110011
00000000001101101010010110110011
01000001010011000000100110110011
11100011100000000010000100000011
01101011010000000000100110010011
01000000000100100000011010110011
10111011000000000010011100000111
01000001000001000000110010110011
10110100000000000010111010000011
11110011110000000010011100000111
00000001010001100000000100110011
10001001010000000010010000100011
11011010000100000010000000100011
10100110110000000010111000100011
01000001111000101000110010110011
00000001001010101000110100110011
00111010100000000010001100000011
00000000110001100001101000110011
00000001011011011101011110110011
00000001000001001101000010110011
01000001100101101000110110110011
00111111000000000010000010000111
00111111100100000010000000100111
01110101110100000010111000100111
11100000000000011000100111010011
00000001010100001000111100110011
10111010011100000010110000100111
00000001101111001010001000110011
11010010110000000010101000000011
11111011011100000010011000100011
11010100100100000010001000100111
10100001010000000000100100010011
00000000100110010010001110110011
10111100110000000010101010000011
11011100101100000010110000100111
10101011010000000010011110000011
10100001110110110001001101010011
00000000010011111101100100110011
00000001110000100000110011010011
00001001010110101000101011010011
00000001100000011000110010110011
00000001101110000010101100110011
00000000001110010010100100110011
01000000010101100000101110110011
01001110111100000010110000100111
00110000010100000010000000100111
10011100000100000010010000100111
00000001001000111000010100110011
00100111000000000010101010000111
10000111011100000010110000100111
01011011000000000010001000100111
01001110000000000000100010010011
00000001111100010000010100110011
00001000011011010000000011010011
11011011000000000010000100000111
00000001010101111001001000110011
10100000101001001001111011010011
00000001100011111000010101010011
01100001110000000010011000100011
00001000110100001000101101010011
11100000000001101000110001010011
00000001111010100010100010110011
01000000111111011000011110110011
00000000001100000010011110110011
00000001011000100000100000110011
00000001101100110000010100110011
00000001001010100000011001010011
00000000001010111000100000110011
00011110101000000010011000100011
00010110101000000010110000100011
00000001010000010000001110110011
00000001110100011101011000110011
10100000000001010001000011010011
00001001101100100000010111010011
00000000111110000000100110110011
00000000001110101010110010110011
00000000001001110000110011010011
01010101110000000010100000000111
00000000100011101000100111010011
01010010010000000010110110000011
10011000100100000010111000100111
00111110101000000010011000100111
01000110000000000000010000010011
00000000000010001000101101010011
00000000001000000010010100110011
00001000001010100000010011010011
11100000000010100000111111010011
00000001100010100000111000110011
00000000001100001010101010110011
10100001001101110001011101010011
10011000110100000010010000100111
01011101010000000000100110010011
00000001011111010000000100110011
00000001010110011010100100110011
00000001011111110001110000110011
00110100010000000000110100010011
00000000001001011101000110110011
01000000010011101000011000110011
11011110111100000010111000100111
00000000010011110010100100110011
11111010010000000010000110000111
10101001110000000010100100000111
11010010000000000010010100000011
00001000111001001000001111010011
00000000010011110000111101010011
11111000010000000010110010000111
11100000000010010000000101010011
11100000000001100000011011010011
01100100110000000010000000100111
01000001110101001000000110110011
11100000000000110000011011010011
00001000010000000010001100000011
00111111010100000010100000100011
11100000000001010000010011010011
00000001010100001010000010110011
00000001010010000000010101010011
10001011010000000010011010000111
00000001010101000101010100110011
00000000010001101101111010110011
00000001000100100001110110110011
00000001010011101101011100110011
00000001000010100001001000110011
00001001110010111000001001010011
00000000100000000000000111010011
00000001011000000101011100110011
00000000010011000000011000110011
00000001111101100010110100110011
01101001010000000000111100010011
10100000100011010001110011010011
00000001001100111101110000110011
00000001100000001101101110110011
00000000010111000001100110110011
00000001010000111000110101010011
11100000000010110000101111010011
11000100010100000010001000100111
10110011110000000000011010010011
00000001101010100101110000110011
11010010000100000010110000100111
00000000011101111000001010110011
11100000000000011000110101010011
00000001000101111010011110110011
00000000100110011000010011010011
01000000110000000000010110010011
00000001110010011001111000110011
10000010110000000010110110000011
11011101000000000010011000100111
10000000110000000010100010000011
00010010010000000000101010010011
11100111010000000010010000000111
10100000011101001001010001010011
10100001101101101001101011010011
01000001000110000000010110110011
00000101100000000010011000000111
10100000101010100001000101010011
00001000000001011000101001010011
10000100000000000010111010000011
01000000110111110000100010110011
11100000000011111000111101010011
00000000100011111000000010110011
00111011100000000000001100010011
01000000000110100000010110110011
00000000100100000010011100110011
00111001010000000010000100000111
00000000101001010000001101010011
00001001100110111000100101010011
11111110100000000010100010000011
11111001011000000010100000100111
11000010010000000010010110000111
11100000000000100000100011010011
10101111000000000010100010000011
11100000000010101000100101010011
00000000011110100000001110110011
10100101000100000010010000100011
10011001101100000010110000100111
00000000100101011000010110110011
00000001000110010001010010110011
00001000111110101000011111010011
00000001101010000010110010110011
01100000100000000010001000100111
00000000001111100001111110110011
00000001100010010101011100110011
10100001111011010001110001010011
10110001110000000010010110000011
00110001110100000010001000100011
00000000001100010001110000110011
00010101100000000010010000000011
00000000110000001000011010110011
00000000110110101101011000110011
10010110000100000010010000100011
00001000010010110000111001010011
00000001010010010000011101010011
10100000001101101001001011010011
00000001011110001000111010110011
00000000010011100010001100110011
11010111110000000010010100000011
00001100111000000010100000100111
00000000101000010010000010110011
00000000110000111001011100110011
01001100010000000000111110010011
00100010010000000000110010010011
00000001000101000000101111010011
01111110001100000010010000100011
00000000110010110010100110110011
00111111100100000010000000100111
01010101110100000010001000100011
00001001101011101000111001010011
10100000110010010001001111010011
00000000101111110010100000110011
00001001110000000000010011010011
00011111011000000010010000100111
11001111100000000010111100000011
11100000000010001000111001010011
00000000101111110101001000110011
00001000000010011000001001010011
00001001000110111000101101010011
10100001101100111001001011010011
10100000101001111001111101010011
00000001101011111000001111010011
10100001100010000001100101010011
10100000011111001001010111010011
00000001010000010101101100110011
00000000100010101000011010110011
00000000011000011101011000110011
01100001011000000010011000100011
00000000110011000101100100110011
00101001010000000010001110000111
00000000010000011000101000110011
10011010010000000000001010010011
00000001110000000000011110010011
00001001110101010000001001010011
10011111011100000010111000100111
00001001001000110000110011010011
00000001011001100010011010110011
10111000000000000010010010000111
00000001110011100000110111010011
11100000000011110000011101010011
11000011011100000010011000100111
10100000100010111001100011010011
10110100011100000010010000100111
00000000101001001101101000110011
10101100000000000010001100000011
00000000111111100000110100110011
00000000101010000000000101010011
11100000000000010000111101010011
11111110011000000010010000100111
00000001100110001001001010110011
01000001100001110000100010110011
00000001111010000101110100110011
00000000100010011000010000110011
01010011110000000000011000010011
00001001001111001000111001010011
11100000000001001000111111010011
00001000101000000000110101010011
01010101100100000010000000100111
00010111101000000010101000100011
01101110010000000010101000100011
11100000000000000000010101010011
11100000000000000000100111010011
00000000111010100001011110110011
00001001111110011000000101010011
00000000000001100001000110110011
01000000100000100000000100110011
00000000010100100000001100110011
10100000111000111001100111010011
10100000001111110001111001010011
00000101000100000010011000100111
01000101001100000010100000100111
10011110001000000010010000100111
00001001100010110000011111010011
11001000000100000010100000100111
11100110010000000010011100000111
01000001001001101000100100110011
10100001010000000010111010000111
11100000000010111000001001010011
00000001101010100101110000110011
00000001110101011000101011010011
00000001011101000101001110110011
00001001000000111000100001010011
00000001110011011000001100110011
01000001000000000010001100000111
01000001101110111000111100110011
10010010110000000010110110000111
01000001011111000000100110110011
00000001100001111101001100110011
01110101111100000010011000100111
00000001000011101001100100110011
00000001000101010010011010110011
01010100101100000010100000100011
11011010000000000010101000100011
00000000110111101000000100110011
01001110000000000000010010010011
00000001110010100000001010110011
01000000000001010000111110110011
11100000000000000000000011010011
01000000011110000000110110110011
01000100010000000000100010010011
00000000111111110101001000110011
01000000011001011000111100110011
00000001101010001001101110110011
00000001100111010101100110110011
11100000000011001000010011010011
00000000100010010000110001010011
11100010001000000010111000100011
01110010000000000010110000100011
10111100000000000000000010010011
01000000111111000000011100110011
00000000010010101010010010110011
00000000010000101000100110110011
01101000100000000010111000100011
11101010010000000000100100010011
10000110100100000010010000100111
00000001110010010010101110110011
11100010110000000010111000100011
00000001001000101000011000110011
11101101010000000000110010010011
10100000010000000010011100000011
00000000101010111000110000110011
11001011110000000010000110000111
00000000001101010001100110110011
00000001100011000010110000110011
00001000111111010000100001010011
00000001001100010101011100110011
11110100000000000010100000000111
01010010100000000010011000100111
10011010010000000010100110000011
11001001010000000010011100000111
11001011110000000000001010010011
01000000101000001000111110110011
01000000001010100000001100110011
00000001001101000010010010110011
10100000100001010001011111010011
00100101110000000010110000100011
01010100110000000010011010000011
00000000000011001001000100110011
00000001110010101010111110110011
00000001001011111101100000110011
01000000101100010000011010110011
10100001001011010001011111010011
10111101000000000000010000010011
01111101101000000010001000100011
01001000000000000010000110000111
00000001011001011001111000110011
00000000111011100001101100110011
11100000000000111000111111010011
00000001001010010010010000110011
00000000001011100000101100110011
00000001111011101001110010110011
10111110000000000010011010000011
00000000000111010101010100110011
10111101011000000010100000100011
00001000100001100000001001010011
01111011001000000010101000100111
00000000111001000000011110110011
00111011000000000000100100010011
00000000110000000010111100000111
11100000000000000000110001010011
00000001100101110000000111010011
01000100011100000010110000100011
00000110100000000000111100010011
00000001110011111001111100110011
00010111010000000000011010010011
11100000000010010000011001010011
00000000000100111000010110110011
00001000110010111000100111010011
00000000110110011010110110110011
10111000000100000010001000100011
10100001001010001001001011010011
00000001001001101101010100110011
00000000000110101001011010110011
10010100100000000000011010010011
00000000100110110000000100110011
10100001011100011001101111010011
01111001000000000010110010000011
11000010110000000010011110000011
00000001010001111000110001010011
11100000000010100000101111010011
00000110110100000010011000100011
00000001110000001000010100110011
11000010010000000000000110010011
00000000011010000000100001010011
11110100100100000010101000100011
00000000001001101001100000110011
01011111100000000010001000000011
00000001001111101000110011010011
00000001100011101010011010110011
00000001101101111101101010110011
00001001110000111000010101010011
00000000101110110000101101010011
00000000100110001101010010110011
00000001000000000010110000000011
10100001110011011001100111010011
10011011110000000010010010000111
00000001100101101000101100110011
11100010010000000010111000100011
10100001101000101001101101010011
10010110010100000010111000100111
10100001100000010001011011010011
01000001101100010000101000110011
00000000011100111000111001010011
00001001110110011000110001010011
10000101000000000000010000010011
01001010110000000010101110000111
01000001100010100000000110110011
01000001111001110000101000110011
10101001001000000010010000100011
00000001110000000010001010110011
00001000100000000010010000000111
01011111011100000010100000100011
11111100000000000010010010000011
00000000010000011001101010110011
10100000110100010001110111010011
00001001000001101000010001010011
00001000011110111000110011010011
00000000001100110101100000110011
10100001000110110001011111010011
00000001001101010001000100110011
01110100110000000010001000100011
00101000110000000010001110000111
00000000100110000001000010110011
00001001111000000010101000100011
01000000000001110000110110110011
00011000110000000010110100000111
00001010110000000010011000000111
00000001100011001000011001010011
00000001000100010010111110110011
00001011010000000010010100000111
10010010000100000010101000100011
11000110011100000010000000100011
10001001100000000010101000000111
00000000000111001000011010110011
01000001111011000000000010110011
01010010010000000000010010010011
00000001010111001000100010110011
01011110110000000010001010000011
10001110101000000010101000100111
10100000000111011001111111010011
01111001010000000010110000100011
01010011000000000000001100010011
01111010010000000010111000100111
00000001100011001001001010110011
01110101000000000010101000000011
10100001001110110001000101010011
01000000101000101000100000110011
10100000101000010001100001010011
00101101000000000010010000000011
00001001001101010000001101010011
00000010000000000010010100000011
10001110010000000010011000000111
00000000000001011000111111010011
11000011110000000010111110000111
00000000111000111000110110110011
00000001010000110101111010110011
00000001000100101001000100110011
00111101100000000010111000100111
00001001101111011000100101010011
00001011100000000000110010010011
01011001000000000010011010000011
00000000111110011000100011010011
00000001111011110010100000110011
00000001010111001010101010110011
00000000000111111101001100110011
00000001010111011001111000110011
00000000110010000101000010110011
00000001001110010101010010110011
01000001100001110000010110110011
01000001100101111000110000110011
10011000010000000010011010000111
10100000101110000001010111010011
00001001010011001000001101010011
00000001011101110101001010110011
00000001010101001010100000110011
10010111110000000010110000000011
00011001100100000010010000100011
00010011010000000010001110000111
10100001000100101001000111010011
00000001101010010101010000110011
00000001111100111000110001010011
00110000010000000000111100010011
01001110001000000010001000100111
00000000101101111101011100110011
00000000110011111000011101010011
11001011010000000010011010000011
10000110010000000010101000100111
00000001011100010000000011010011
00001001001110010000010101010011
00000000100110011101000010110011
00000000110011111101010100110011
10100001110001101001001101010011
01000000011111000000110110110011
01011110010000000010101100000011
00000000111010001010100010110011
01000001001111111000011010110011
10101001100000000000110010010011
00000000011101000010001010110011
01000001100110001000101000110011
11100000000001001000111011010011
00001001100000000010101000100011
01010011010000000000100000010011
11010010111100000010100000100111
10100000101100100001111001010011
00101010000000000010000000100111
11101011100000000010100000100111
00000001110010101101100100110011
00000001110000000010110000110011
01000000111111001000011110110011
00110110110000000010001110000011
00000000101101100001110000110011
01001010111100000010100000100011
00001000000001010000101111010011
00101000111100000010100000100111
01100011110000000010010100000011
00000100110100000010010000100111
11010010110000000010010000000011
10110110000100000010101000100011
10000111110000000010000010000011
10100001010001100001110011010011
00011010010000000010010000100111
00001001100001110000100011010011
11110000010100000010010000100011
00000000001101001101000100110011
10100000001110011001100111010011
00000001110011100000001111010011
01110101000000000010011100000111
00000000011000000010010000100011
01010110110000000010010000100111
00110110001100000010110000100011
00000000111101011010110010110011
11100000000011100000000111010011
00000001100110100000010000110011
00000000111111110101111000110011
00000001110100101000111011010011
10111111110000000010000010000011
11100000000001110000100111010011
00001010000000000010010000000011
00000001111101001000111101010011
10100000110010001001100011010011
00000001010011111101110100110011
00000000111110111000001001010011
00000000001000011101011010110011
01010111110100000010110000100111
00000000100010101010001010110011
01000000111000110000111110110011
10100001100111000001101011010011
00000001110001010010111010110011
00101111110000000000010000010011
10111001110000000000100010010011
00101100011100000010110000100011
00000001011111000010000110110011
10001011010000000000101100010011
00000000001010010101111000110011
01000000101110110000010100110011
01000001001101001000001110110011
10100100111100000010101000100111
00000001011111001000001100110011
00000001011001100000111000110011
00000000100111101101001110110011
01011011000000000010100100000011
00101101110100000010111000100011
01011001110000000010000010000111
00000000010010001000011011010011
00000010010000000010100000000011
01011110100000000000101000010011
01000000110011000000000100110011
10101011110000000010001000100011
00001000000011111000111101010011
00001001110111000000001101010011
01111100100000000010010000100111
01000001110000111000110010110011
00010011110000000010010000000011
11011111101000000010110000100111
01011010111000000010111000100111
11100000000000101000111011010011
00000000000011010001101100110011
00000001101100101010001010110011
11111001010000000010111010000011
00001001011111110000110101010011
10110011010000000000110000010011
00101011010100000010111000100111
01110001010100000010111000100011
00000001110110101001111100110011
10100001001100010001011011010011
00000000101111000010000110110011
00010001100000000010110000100011
01000001111001011000111010110011
10100001011111011001100011010011
10100001110100001001111111010011
00000001000110001001011110110011
00000001101001111101111110110011
01000000100011111000011110110011
00000000111111010000011011010011
00000001111011111001101100110011
11100000000010101000110101010011
00000000101110011010100110110011
00000001111100111010001110110011
01000001001100011000000100110011
00000000000110110000111101010011
00000001000001101010101010110011
00110111000000000000101000010011
11100000000011001000111111010011
00000000001111110101001010110011
00000000011110000010110000110011
00101110000000000010010110000011
10001101010000000010000110000011
11100000000011000000011101010011
00000001011110001101011010110011
00000000010000100000011111010011
10110011010000000010010100000111
11100000000011010000011101010011
00001000110100010000101001010011
00000001110101100010101000110011
11101100100000000000011100010011
00000000000010100101001010110011
11000001100100000010001000100111
00000000110011100000010100110011
01000001110000100000100010110011
10100001001101011001001101010011
00000010000100000010011000100011
10100000101110001001100101010011
00110101110000000000001110010011
01000001000011111000010100110011
00000000111100111010001000110011
00000001011010111010101110110011
00000001000100100010001110110011
01011101010100000010011000100111
00000001011110110000010011010011
00001000110000000000001110010011
00000000101111110010110000110011
00000001111110011010101000110011
00000000001110001010001000110011
00001001010010001000011101010011
00000000000110111010100010110011
00000000001110110000111111010011
11101100010000000010101000100011
00101001100000000000000100010011
11111100010000000010101100000011
00001000000111101000010111010011
00000001111001000101100000110011
00000001001010001101101010110011
00000001101111000101010110110011
00010011110100000010110000100011
00000001000001001000101111010011
00000001000010011001001100110011
10100000111101110001111011010011
00000000101011110101101010110011
00000001001011100101011100110011
11100000000010000000110101010011
10001001111100000010111000100011
00000000011000010001011100110011
01000000000000000000000100010011
00000000011110010010101100110011
11100000000010110000101011010011
10100001101011100001000011010011
11100000000010001000000101010011
01001101010000000010001000000011
00000001110100101000010111010011
01101011110000000010101100000011
01001010000000000010001000000111
10010101110000000000101100010011
11100000000010110000111101010011
10001111010000000010101000100111
00000000100110001000110001010011
11100000000011101000110011010011
00011100100000000010011000100011
10011110100000000000101100010011
00010100010000000010000010000111
11110100010000000010101100000011
00000000100011010000111001010011
11111101110000000010010010000011
00001001110000000000011001010011
01011101110000000000101010010011
10001100110000000010011000000111
00000000001110110000111010110011
01000001001000100000001100110011
00000000011001000000101110110011
00000000100110111101100100110011
00101110000000000010100100000111
11111110001000000010110000100011
01000001010100001000001010110011
10100000011101001001100001010011
00111011100000000010000000100111
10101001010000000000000100010011
00000001101001000101011100110011
00000000101001001000011101010011
01000001101000001000111110110011
10101001101000000010000000100011
00000000000000000000000001110011
00000000001111001000011111010000
11110111011110100010010010100110
00000000001011100001000011110000
01111000010100011101010111011101
00000000001110101101100011110110
11010000110110101000000010000000
00000000010100111110010011100001
10111010001110110100101111111011
00000000001100110001000110101010
01010010011111111110101001010111
00000000001100011011011000110110
11010100010111000001000011100111
00000000001001101011110100101111
00111111001010010100100110100111
00000000000100000111010110111000
11011000101111111000100011110111
00000000000001111110000001001010
10111110111010101000000100011111
00000000001010100001101000111011
11101001001000101100011101011111
00000000001101100110101001001111
00000000000000000000000000000000
00000000010110100100101101111011
01110010000000011011100001101000
00000000010001011110011011000000
11110001001001000111001000000101
10111110100100010110101100110110
00000000000000000000000000000000
00000000010110101001110001101111
10100110101000010111110010010000
00000000001100010001100000000111
00000000000000000000000000000101
00000000001110110111110111111000
11000001000000001000001100001010
00000000010101010111011111111101
10001100000111111001001101101110
00000000000000000000000000000010
11010010110111000010110101000011
00000000000000000000000000000000
11010100011001101011000000001010
00000000000111110000000100110011
11000011100110001011110001010001
00000000001011010000001010110101
01000111011110101110001001000111
00000000010111000111011100111101
10101010110111011110110010010100
00000000010000011100111010110110
00101101010100001011011110101011
00000000000110101111100111001100
00000000000000000000000000000001
00000000000010100111000000100001
11000011011011000011100011110111
00000000010001000100001001101000
01011000110011100011001110101111
00000000010010101111110111001011
10101001101010101011001010000100
00000000000101001000110011101010
00000000001100001000100100111000
10111110100100010110101100110110
00100110000111111000101101000000
00000000001000000111101000001000
10110101011011101101000010000100
00000000000010100001110100101001
00111000010011111110110111011100
00000000010011100010001111110001
10110011111001000101001010110101
00000000000000101101100001010101
10000100000000111110001001101110
00000000010111111100110111001000
11001010111001011110100100101011
00000000001100110010001101110010
10001110101010110100111101010010
00000000000010011011001011101100
10111010101010000001010000011010
00000000000000000000000000000000
11011110101010101010100000101001
00000000010111100011011110001000
01011010111101100101011011010000
00000000000000011001101001111000
00000000000000000000000000000101
00000000000000010001111110000011
01000111100001000110011000010001
00000000000111011001001100110111
01000101101110110011111110011001
00000000010000100101111011000011
01001001011100011101010111011111
00000000010111001001100101011001
00000000000000000000000000000101
00000000011110110110000010001011
10010100111010000011110101100101
00000000000101111000101000101011
00010110110000011011100100100110
00000000000010110001010010110010
00000101111011011101100010000011
00000000011101010110011111110001
00000000000000000000000000000000
00000000010010010111000111010001
10010110100000011100001000011001
00000000001011110100101010010010
00000000000000000000000000000000
01101100010111101011111101010000
00000000000000000000000000000000
00000000011111011001011111011010
10001010101100111100101001100001
00000000000000101100010001100110
10000000011011110011111100001000
00000000000101000000001011111001
00010001101010111001101011001001
00000000010011110100101001101101
00111111110101100011111011010100
00000000011000100101011010110010
10011001111110000100111001000011
00000000011110101010010001000111
00000000101000100100111011101101
00000000011001110011110100010111
11000000011000001001101000111010
00000000010111011011010111011110
10111001110100111010001010110100
00000000010000101000001101011011
10000000110101100101100101010001
00000000011110011011000000111001
10111110101000100000011010001101
00000000010001000010100001000001
00010111010101001011011010011010
00000000010101000001101011100010
01110101001010111100100011010101
00000000000010001110011000001001
00000000001011110101111111111110
00000000000101001001000110000111
01100000110110110110110101111111
00000000000111110001010010001110
11010110110100001100111010001011
00000000010101100011101000010101
11001010110000001011111110100110
00000000011100100110000011000110
10000100100110000110010101110001
00000000001101001011010100001011
01010011111010100111101000010100
00000000000110000011000110110100
11001110101001010101001110011001
00000000010100010011011001010111
10111101010100011100001010111010
00000000011011001001111001011111
00111101111111101011000100111010
00000000000111100111011001111010
10110011000010010001110111110001
00000000010101000001101011100010
01001011001001110011000101001100
00000000000100000100010101100010
01010111001011100111110110100000
00000000010011111111111111001100
11011000101001101011000011110001
00000000010100001101111000011000
11000101101001110011011110010101
00000000010110011010001100011010
00110100011011011010111111010000
00000000000000000000000000000100
00000000000000000000000000000110
00000000000000010100000011110111
00000000000000000001101110100100
00000000010000110101000000101111
00010000010111100000100000001011
00000000000111001011001000000010
00111000111011100001011000111101
00000000011100010111100100000100
11010001000010011001010101000100
00000000000000000001000010101001
11110011101110011101010011010011
00000000000101011111010100110011
10100100110001010000101010100111
00000000001100110011101011000110
11001010001000110011001011110100
00000000000001100001110100110000
00000000001100001000100100111000
00000000000000000000000000000000
11000110010111101011101001101101
00000000000111010001111000010101
11100100000100000010010000110111
00000000010101001000101111000010
10001001110001010000100001110000
00000000001100010001000111011110
10010001010000001001101000110110
00000000011100100000110111100000
01100100001111010001101100110010
00000000000110000011010100010111
00111101111111101011000100111010
00000000000110001111000111100001
00010111101100100100010011110011
00000000000011111100110001100111
10011101111100010111111110111110
00000000010100110011100011000000
10011011011000011110011011010100
00000000000111111111101101000101
00011001100001110010010101000010
00000000010110100100101000110011
00000000000000000000000000000000
00000000000010100111101101100100
11010001000011000100000110111001
00000000001000001000101000101100
00101001111011011100011101010111
00000000001101000100001111011101
00010010101000110111010110000101
00000000000101011111010101101000
01011101011011101111100111010001
00000000011011101011101110100011
00111010101011011100100010110011
00000000000110000101111111111110
00000000010011011010010000010001
00000000010111100110011100111000
10111001101100101100000100110111
00000000010111011111101100111011
01011101010110110011010110001010
00000000000011100101111101010111
01101101011100010111111000111001
00000000010000100010001110000111
01011011000010111010001001010111
00000000010000101011011101100101
00100110010001001011111110011010
00000000000000000000000000000000
10001001110000011101000010000000
00000000000111010000000111101110
01110010000000011011100001101000
00000000000000000001001110110100
11001001001000100101000000100001
00000000001110011011011011101101
01100101100010001111001010010101
00000000010111010110101000011110
01100111101110010010110101011101
00000000001111110001010011111101
10100100010011000101101101100100
00000000000110000011010100010111
10001011110100011100000011111100
00000000010010100010011100001111
10100111010110100001010101000111
00101001001110111001000010111000
00000000000000000000000000000000
00000000001000000000101000101010
00110111001011111000010101001100
00000000000000101110011110111110
11100001111000010110110011010111
00000000001100111010110001111100
00000000000000000000000000000000
00000000000100100111001001110101
01110011100111101111111101110110
00000000010100111100011111010101
10111000011110101100010000010001
00000000010000100000101000000000
01001010100000010100110101101101
00000000001110011010011000010000
01010001011001111111100000000100
00000000011110011111011111110001
11000100000010010111001010100101
00000000001100110011110101100010
10100101100010011001101001010101
10000000010010101010000000000010
11011011011001110110110001111011
00000000000101101010001110010111
11110011111110111000110010001011
00000000010101101011110101001001
00111100100000101111110001110111
00000000000011011100001100011111
01110010011001010011110000001001
00000000011101100111011010000000
10111110111100101101010001001100
00000000010101000001101011100010
11010011101011100001100000110000
00000000001001111011101110110011
00000000011011110011111100001000
00000000010101110101000111100111
00001101110100100011000110110010
00000000000010110001010010110010
01110110110010100000011010010011
00000000010011111100010000111100
01000110110011011001000011100010
00000000010000000000000000100101
00101000100101110110000010000111
00000000010001011101111011000100
00000000111011101000010101101100
00000000000100100011101111011010
10111111001100100111100110001101
00000000000111010001010110001010
01000110000110100011110101100001
00000000010001111110011000011001
00101010001001011010100100011100
00000000001101010001010111001010
10010101101100000001101010011000
00000000001010010011000001111011
00011111111100111000000111100101
00000000000001010110010100101000
00000000000111001100111011011111
00000000011110011001000000011000
01101001000100100000001101101100
00000000001010101011011110100110
10101000001001001100011011010110
00000000000010101100011011111110
01111110111110010101100001010011
01101100010111101011111101010000
01011100000010101111000111010111
00000000010101110010000011010100
00000010010011100100100001011110
00000000011100101001101011100001
00010100010110001010100111001000
00000000001101001000010001011110
10101101101001011110001011000101
00000000010011000101110100111001
11001110011001101000001101000110
00000000001100001000100100111000
01101011110010100111010000110111
00000000011000111100010011000000
00110110111101110000100001111100
00000000011100111111110101010000
01100111100000110100001001011001
00000000011001111100001110000000
01101100100101100011100000110110
00000000010111110000000000011101
00010110101011111011101010100110
00000000010000100010101100000011
10101100111001110000001101000000
00000000000001011001101100000011
11100100100100101000011011000001
00000000011000010100110010110010
10001011110011101110001111101101
00000000010111011101101101111010
10111101110111011001101110000000
00000000000100000110101111010100
10110110111100100111101010011011
00000000010111110110000101100010
11011110111101101101101001001100
00000000000010110001010001101000
00000000010101000001101011100010
00000000001101010010100101100011
00000000000111001100111011011111
00000000001111111110011111010010
01101011010100000000110000101111
01101100010111101011111101010000
00111101110110100010100110111000
00000000000101011011110001001101
11011001000101001110101110110111
00000000001000101101011010110010
00111011011000000011110111100011
00000000010110100001011110000010
10000111000011101111000000100011
00000000010001111010101010100100
01100001110000101111000000011011
00000000001011111000001110101010
00000011101111001100100101111110
00000000000101011111101101100011
11111001100001100011101001101001
00000000001011101011111100000101
01010100001001100110111001000001
00000000000111010011111101110010
00000000000000000000000000000000
00000000000000101110100001111010
00001010110111010010001000101010
00000000010110101011000011000111
00010001000000110010101001000100
00000000000001010100000101110100
00000000000000000000000000000000
00000000011101010101101100010101
01000000010100111011101101010010
00000000000011001000001100010010
00110100101001000101011101100011
00000000000000000001011111110100
10011001100011010101101011111100
00000000000000000101001010101000
00000001000100100110110100110101
00000000001100010111111000001001
10110000001011000110101101001011
00000000001110110111110101110010
10010101001011010110011011110101
00000000010000111001001101010001
00000000001100001000100100111000
00000000000011001111011111010001
11100110010111011011110010010001
00000000000011000001101000110010
00011101000101000000000111011000
00000000000000101001011000000110
00100001110000001100010101110011
00000000001001100111011011010101
00000000011110100010100111110111
00000000000000000000000000000000
10111001100100000011111001011011
00000000011100001011100011110111
10011010000001011011010110111111
00000000010000101000110101100101
11001101100111010100010101101111
00000000010011001110100100110100
01100001000000101101001100010001
00000000001001111111000001011010
00010000000001011110100100000101
00000000000011000100010001001110
10010110010101000000111110011100
00000000011000101011001110111101
11000101010000101111101001010110
00000000011000000001111001110001
01111000101000100110011001100011
00110100100000101101010010000000
00001100100000010100110011110111
00000000001110100100111100010100
11001010110000111000101110000010
00000000001000000110001100001001
11001101011100001011010010110111
00000000001111110001110010110100
10100100111001011101110011100101
00000000000000000000000000000000
10100001110000111010010101000010
00000000001101001110010011100010
10110001100100110111110100100111
00000000001110001011000110100111
11111110101011000100011100001010
00000000010010010000011000110000
01000101101001111001000011011000
00000000010000001101001101110010
10100111111101001001110100010000
00000000000010000111000101000011
01000101011110000011100111010100
00000000001110010101001101011110
00101110000001111101110001001111
00000000000000110010001100001011
01110011000111100100001111010100
00000000001001101011010100000100
00011110010111100101101101100101
00000000010111100101110101001000
11100101000001011111001000001101
00000000001111000011010111001001
00000000010110001000001111110101
00000000000011100000110001111000
01110101101110110010000111001000
00000000011011011001011010001110
11111001101001011011100010010001
00000000000101011111100111100101
11010111111001101001000011110100
00000000010010001100000001110011
01110001101100000100001110100010
00000000000000000000000000000000
11101111000001101010100101111111
00000000010001000001100100010011
01110100101001000111101001010101
00000000011001011010001000100111
11111110011111001111100011001101
00000000000111111100100100111001
11111010001000111000110010010011
00000000010101001000000111101000
11000101101101001000111010100011
00000000001101111101110111010110
00010110001010100010001001011011
00000000001011110011001100101000
00000000000000000000000000000001
00000000010100001010100100011011
10101001100000010100100111100100
00000000000001110000101110001010
11110111101100101110010100111111
00000000000100101000101011110100
11011010001010101001111101011100
00000000011010010100110001101011
11000100010011000000111101011100
00000000001001010111011010011111
00000000000000000000000000000000
00000000011010010011110111101101
00111111111100001011100111100100
00000000010110000010011101000100
01101000010010110100100001011110
00000000000111100100010000100001
01000100100000110010010100001001
00000000001111001111100010101100
01000110111110011011000001110111
00000000000000000000000000000000
11101100011001110010011001100001
00000000001111100000010001001000
01101001100000011101100001011101
00000000011100101010101110010000
11110010000011011110011100100101
00000000010010001001101001101000
10110110101000000010100010110101
00000000010001011010000011101100
00001010111010100100111101010000
00000000000011000101001001101000
10101000011111010111011011011101
01111110101000000001100001011010
11101100101010011110101110011011
00000000010100010010000010101010
00000000000010110001010010110010
00000000011111010100110111001011
10111100100011100010101101101011
00000000001111000110001000100011
11001001101101000110100000001100
00000000011110000010001001110011
10110010010010001000011100110101
00000000000000000000000000000010
00000000000000000000000000000000
00000000000101100010111010110111
11010010010100100010001010110011
00000000011110101110010101000011
10101010001000101010000001011011
00000000001100100011101010110111
00001010000100100101000111001011
00000000011000010010010011110110
10101011100011000011001011000110
00000000001100111100011110110001
01001111111001110011000101010111
00000000000111110101010010111011
00100111000010000011110010110101
00000000000000100001110000000010
00000000110110000000110101010100
00000000010111101001001011110011
00001001100101101101111001011110
00000000000110011001110011001111
00000000000000000000000000000101
00000000011000000111001011001010
01110111111000010010110111010000
00000000011111011111111010110100
00000000000000000000000000000001
00000000010010101110110110110001
11010100110001001000000100110010
00000000010011001010101111010110
11011001000101001110101110110111
00000000011011100011101000011110
10111110001001001100101001100101
00000000011000010111100101100100
00010011000011111111011111010000
00000000001100110011110101100010
01111110101000000001100001011010
00000000010011100001111111011100
01111010110011111001000100110110
00000000000001101011100001011000
10001110010111010111101100001110
00000000001100011101001110010000
00000000011101010110011111110001
00000000000010110001010010110010
10101000011111010001101100001110
00000000000011101001111001010011
10111110100100010110101100110110
00000000010011001110100000010000
11100101111010000010101001101000
00000000011011010100101101100000
00001100111000011111110000101011
00000000000000000001000100111100
01011011100101111010110110110001
00000000011110001110001111110101
01011001000001111101011101110011
00000000011101101100011100011010
00000000000000000000000000000000
00000000000010100001011101111110
10001111101000011101000110011010
00000000011101000100101101011100
10110011000100111001011001000101
00000000000010110001010010110010
10111110111111100010100010100000
00000000010001010000001100110111
01001011110001100001000011000010
00000000011110111011000011000000
01011011101110100101110001011001
00000000000111101011001010001110
01100010101011100011101010100011
00000000011000011111110010110100
11011001000111011111111011101100
00000000010111000111100110000011
10110111101010011101010100100011
00000000001010011001110010000010
00111111000110011010011111001011
00000000011001001100000010111101
11111110101000000001100001011010
00000000000010110001010010110010
10001000110010110111111101100000
00000000000011101011111101010001
10110011110100110101101011100001
00000000010010011101011100010000
11110011100001001111111111100000
00000000000110100111110101111101
01111111000000100011100101001100
00000000010001111000111100011101
00000000000000000000000000000000
00000000001001001110100000001111
10001110101000101001111010111110
00000000010101001001010010010110
01111100110011110011001101001100
00000000011111011001010111011101
00011000011001110011110110111110
00000000010101000001101100100101
00000000000000000001001100101000
00000000001111011001010110011010
11000100111101011111000010101101
00000000000010001110101010101111
10000111110101000000010001001100
00000000010010010111010001011011
00101001001110111001000010111000
00000000000000010011001000001110
00000000000000000000000000000000
00000000000011111101010010111001
00100110000110101001001000100011
00000000011011110010010110000001
11110001001111001111000010010100
00000000001111010011100100010110
11000011101000110010000111000110
00000000011010010000101001100111
00011101110100001010110110010101
00000000000111011111110011000011
00101011000001110101100110001110
00000000010011000011110001000110
11011101111101011011000111011111
00000000011110111000101101010110
11111001101100011010000001011000
00000000000000000000000000000000
00100111010110010100111100001011
00000000000101100100111011111011
11010010100010101111001110001101
00000000001100000100000000011100
00000000000000000001100010101100
00000000011110100010100111110111
00111101110101101011111010010111
00000000001101010001011101110011
11110001101010001101011110100000
00000000011000110011100111110110
00110100001001101000111010001101
00000000011001011100110101111010
10111110100100010110101100110110
00000000011100110001111001010110
10000100000011111001111011011001
11111111111111111111111111111101
00000111010100101110011011111110
00000000001101000011111110000001
01001001100000001110100011100100
00000000000101110101110000000001
01100001100101101110101011001011
00000000000011111101010010111001
00000000000000000000000000000000
00000000000100110000000000010011
00111000001001010100000101001010
00000000001110000011111111010011
01000000000110001010101011111011
00000000011001010111110110100001
00000000000010110001010010110010
00100111010110010100111100001011
10111101001010010001111110011100
00000000011001101100101000000101
01001111110101101100011101010001
00000000011000101000110001100010
01011101111111110111011111000000
00000000000111100001110110110001
01001110111011100101101011111011
00000000011111011011111110001011
00000010101001010011011010101101
00000000001011101010111110001100
11111011101110111000011010011110
00000000011110011101100111101010
10101000010101110011100110111010
00000000001101001110000011111111
01101100010111101011111101010000
00000000011100000101100011110100
01011011001000000010000101010001
00000000001111010000111101101011
00010111000001010011110110000100
00000000010001111000111000111011
10111111101000111001000000100111
00000000000111000000100100100101
00001000010001010011000101001101
00000000010100010101111010111100
01000010000000010101101110101010
00000000000011000100111111011101
00000000000000000000000000000000
11111001101001011011100010010001
01100001100110101010110010111000
00000000001100001000100100111000
00011001110111000101000010111110
00000000011011000101010010001100
00000001111111111001000000010100
00000000001101101011110000000111
01010011001010001101000011100110
00000000010101101000111011010100
00110000100000100111110111000110
00000000010100010010001100001000
10001111000001100001011110011001
00000000000111000011110101110100
00000000010101000001101011100010
00000000010011011010010000010001
10011110110001111100010101100010
11111111111111111111111111111111
00000000000000000000000000000000
00000000000011010110000011110111
00001000000000001011101011110010
00000000001011011101101000001011
10101010001011101101111000111111
00000000000010011010100011010101
01101101010010000111000001000100
00000000100101011000101100001110
00000000000000000000000000000000
00000000011101011111011000001101
01111001100110001100111000101111
00000000000000111011010100111000
11011011100010010111000110011001
00000000000010001101010010010111
00000000001011011000110000111100
00000000000000000000000000000000
01101100000011110001111100011001
00000000011001111101000110111101
01110010010110011100110101011111
00000000001001110000010111100011
00100000101111111100001000000101
00000000000100110100001101111100
00111010100100001101110111000100
00000000011111011110010111010001
00000000000010110001010010110010
00111111001010010100100110100111
11111101100100110001100100010011
00000000011110111100100011111011
01001101101011011100010000110111
00000000001010110010011001110010
10110101010101101000010000100111
00000000001100111101101110100001
00110110111111001110001101101001
00000000000101100010001001101100
10000001101001000011110000111110
00000000001011010001100101000110
01111101001011100001001111010000
00000000011001001100100101111101
01111000111110110101110001100100
00000000011111111011111010000100
01000011111100111111111011100111
00000000011111000010101010100110
01001000000100100111001011010010
00000000011110110011110111100010
10001111000001010001111010100111
00000000001010110010001011010011
00000000000000000000000000000000
00000000011110011101000001101101
01110111010111000000100001001001
00000000010010010000101110110001
01001011101111000011101101110100
00000000001011011000110000111100
00011010110010100010010110000001
00000000010101011110001010111100
00000000000000000000000000000001
00000000010001011100100001110001
01010101011100111010100111111110
00000000001001001011110100110011
01111010111011110011001101011111
11011001000101001110101110110111
01010101010010111111000010011011
00000000000101001011110010011000
10001110000011110101101101101000
00000000010100101011001010101011
10111110100100010110101100110110
00000000011000001101100101000111
10100011101011111101100101101010
00000000001011110000001010110000
10111011101001100001110110010100
00000000001010000110101101110001
00111010101111001000110100101001
00000000001101111110000100101110
01111101110100000111000110010111
00000000001101100010001100110100
01110111001111001010011111001010
00000000011010010010001010101101
10010001111110110011011000001010
00000000011001110001101001001001
10001111100111101111011010011001
00111110100100010110101100110110
01111110101000000001100001011010
00000000001110000101010101100011
10101100111000110010110110101110
00000000010111000000010110010111
00000000000000000000000000000000
00000000010101110101100101010110
00101101110010100011001011110000
00000000011111100001111101010110
11100011010100010111100001001111
00000000010110011000011010000100
01000000101101101110010100100001
00000000010101001011000000110101
01000110000101001000001010110100
00000000001101011000100001101101
11000101101011010001001011101001
00000000011001010010010110101100
10001100111101001001010110010011
00000000000101101110110011110111
00000000000000000000000000000000
00000000001001100010111000100011
00111100100011010010001000011010
00000000010001001100110010000111
11101010110101110100010100111110
00000000010100111100111000010100
10100101011001100110000010111000
00000000011101011111100000000010
01011110001110110011101011010110
00000000000000000000000000000000
10000000011011110011111100001000
00000000001100001110111110010001
00000000111011101000010101101100
00000000010001000110001011100110
00000000000000000000000000000000
00000000010011000110100000000011
00000001100111100000000100011000
00000000010000010111000101100011
01000000111110011010000111100011
00000000010111101100111110101101
11111000100111000111011010100100
00000000010110111011111110010010
01100110001110111100010011111000
00000000010110000001110100110101
00001101101111000101101010010001
00000000001100001010111011101000
11001101000111110011110001100001
00000000000000000111000001010111
11011101110011101000111000100101
00000000011001000001000101111001
10111010110010000001100010101011
00000000001000001011001011011111
01010011000010111000111010011111
00000000000000110000010000001111
00000000000000000001001010001100
00000000000111010101011100011100
11101100010111101011111101010000
00000000011110100110110000110111
11110100100010001000111111111010
00000000001011000011100001001111
10001101111101100010011000011001
00000000001000000101101010010001
00000111010110110011011110011101
00000000010110111000111010111011
00000000000000000000000000000000
00000000000111101101101000010100
11110100010101101011110010011110
10000000110101100101100101010001
11011000011100111100011010010111
00000000000001001101100010111011
10010100000011100011100110100010
00000000011011011101011100001000
00000000000000000000000000000000
00000000000011111000010001100001
10010101101110010000010101100010
00000000010011001100011011000010
10011111011100110110111010001111
00000000000100000000110111011010
00100111010100000001011111110011
00000000001010000010110001110100
00000110111010001101010110010111
00000000000101001001101011001000
00100111011011010110010010010011
00000000000000000000000000000000
11001111101110101001100101011010
00000000010010010000011000110000
00101100001010100101101011011100
00000000000111101010001101001111
10010010000010110101000110001111
00000000010110010110100000110011
01111110101000000001100001011010
00111101111111101011000100111111
00000000000000000000000000000000
00000000001011001111110001110011
00000000000000000000000000000000
00000000011100100111111100001111
00000000000000000000000000000000
00000000001110110111110101110010
10001010100110000110011010110111
00000000010000110110011010101110
00000000010010101111110111001011
00000000010100010000000011001101
00001101001100011010110110000010
00000000001100110000001100001100
00000000001010100010100101000000
00000000000011100000101111011011
01010110110110101111111100101010
00000000010110001000101001000000
11110010110100110101101111000110
10000000011011110011111100001000
10101001010000010111101001010100
00000000000000110011000000101000
11010101011111010111111110001100
00000000011100101000111100100011
01000100011000011110011101000101
00000000000000000000000000000000
00100100101111100001011111111110
00000000000011110110011111010101
10111101111101101110001001111111
00000000010001011110011001110000
00111101001101100001000001111100
00010001101110111001011011101010
11011101010010101110100010010001
00000000010001111100100111100101
11000000010110011101011111110100
00000000100101011000101100001110
10001000101101010010101011100100
00000000011100010000101111101100
01101100111011000010010100001000
00000000010101101111110010101101
01010010001110101100001010011101
00000000010100111100000010010000
10000101101011100111100011101110
00000000000001000001101001011100
00000000000000000000000000000100
00000000001000000111111010011010
00110100100000101101010010000000
00000000000100001000010011001101
10001000101110110101000011011101
00000000010010010000011000110000
11000000100011110011010001100010
00000000000000000000000000000000
11100110011100000011100011101100
00000000000011100110000111011111
10111100010110010001000011001000
00000000010101000001000111011101
00010110011101100101000100110000
00000000000111111001011111101001
00101001110101101100111111010011
00000000011110110001010110100100
11000010101111101111011101111001
00000000010000101010010110100000
00111000110001101011101100100001
00000000010110110110000100000110
10000000001111101011010111010000
00000000010000001001000110001000
10100011001000110001011110001111
01100111101110010010110101011100
01000011100001100111011001001001
00000000011010001100001010010101
11101111101001101011011111010001
00000000010011001110000010111010
11001111000110101111111110010000
00000000000011010010100010001010
10001001000111001000001100111011
00000000010010111111110001100010
01011111101101010011011000101100
00000000000111110110010011001011
00011011001100011000001000100100
00000000001000001011101110000111
01000100010000111000011101100111
00000000001101110111011001011100
11111111111111111111111111111111
00000000000001000001010101100011
10110111101001101100011101111101
11010100010111000001000011100111
01000001010101100100001000010011
00011101110100001010110110010101
10000000000010110001010010110010
00000000010011001110010111011000
11111111011000101110001110110010
00000000000001010100000000001001
01010010000101010011101110111011
00000000011111011000011011010001
10110000011110000111010010010110
00000000001101011100101000011000
01101100101011100111000111110001
00000000001000100001100001001001
01110010001001100110100011100100
10000000000010110001010010110010
10010101110000011011110010010110
00000000010100011011111110011011
00010101101101101001101110000011
00000000000101011110111010001000
11011111110010010011100010000111
00000000010111111001000011111111
11100011100110010011001001011101
00000000000101000100101110100100
10010010011000101000010011011010
00000000000000000000000000000000
01110100010100111101110001100110
00000000000110001111111110100111
01100100011001101111101111010101
00000000000110101111010010001110
11100111111110101111111001000010
00000000000010110001010010110010
11000000000100011100000001110001
00000000000011011011111000100011
00101110010011100110011101010100
00000000000000000000000000000000
11011010000101110101010010111101
00000000000010001011000010001000
00101001111001111011100011110001
00000000011000011101111110100111
01101110111100001111010001101001
01100111101110010100001010111101
00000000000000000001011111110100
00000000010100001000100010010010
11011100001101000111010000110010
00000000000000000000000000000001
10011000011001110000000101101010
00000000011001110001101001001001
00010001101110111001011011101010
00000000010000010100111110100010
10110001000000011110100100110000
10000000011011110011111100001000
00100001111101101110001010101100
00000000000010010110101101110011
11100111100100011101001000000010
00000000000111110101110000110011
01101100110001111001011111011110
00000000011100110001010001011011
11010011110001001011011011100101
00000000010001000000001001000000
11001101010011001111000010100010
00000000011010110010001100010001
00001110010011000001011000111000
00000000010101010111101100110101
11100001101111011011111001010010
00000000011011100110101111011101
00000011110111111110101100001110
00000000010101001011111000110010
11111100111100000010101000100111
00000000000111001100111011011111
00000000000000000000000000000000
00000000011001100001011111010011
00110110011001101000000111111000
11111110101000000001100001011010
10110010010000010000101100001010
10111110100100010110101100110110
11101000011101011000111101010011
00000000000000000000000000000000
11101000010010110100100001011110
00000000011001010011000001101111
01101111010010110101000001100100
00000000001110100000111000011001
01110000000110010010100101111110
00000000010111010011001111111100
11001000000011011101110100110001
00000000011001101001101010101011
00000000000000000000000000000000
00000000000010011000001000100001
00001100000011000000101010011101
00000000011010100111101000001011
10011110110110010000000110010100
00000000000010111110011101010100
11000011100111001110000100100010
00000000010101110101110110101111
01101011111110010111001000110001
