01111111110000000000000000010011
01111111110000000000000000010011
01111111110000000000000000010011
11100000000011011000110011010011
00000000000100101010110010110011
00000001100100111000100101010011
01111110000000000010100110000011
00000000101100010010010000110011
10100100010000000010111000000111
10001011010000000010110000000111
00101000110000000010111000100111
11100000000000000000011000010011
00000001100011101001100010110011
00001001101010101000000101010011
11101011110000000010101100000111
10001010100000000010001100000111
11100000000010010000101001010011
00000001010010001001011010110011
00000001011001011001100110110011
01000000010101001000110010110011
00000000101010010101001110110011
01001000010000000010100100000111
10100001100110110001111011010011
11101111001100000010111000100011
01111000110100000010101000100111
00000001011001111001001010110011
00001000000001001000100001010011
00000000110000000010001010000011
01110100100000000010101000100011
00000000111001010000100110110011
00000000101011010001010000110011
01000000111101101000111100110011
00001001011110101000100001010011
10100111001000000010000000100011
01011011000000000000011110010011
00001000001111101000100011010011
11100000000011101000111111010011
01001101100000000000110110010011
00000001110111000000001000110011
00000000010000101010111000110011
00000001101010101000110000110011
00000001100101001101111010110011
10100000111001101001001001010011
00000000110000001001001010110011
00001101110000000010100100000011
10100000110011100001110111010011
00000001100000101010100010110011
00001001001100000010011000100011
00000000100110010101100000110011
11100100010000000010011100000111
01110111010000000010101000000011
00000001100011001010001000110011
11100000000001110000110001010011
00000000010111001000111101010011
00101001101000000010011000100011
00001101100100000010100000100111
01001010000000000010111100000111
01000001000010000000010100110011
00001000101010111000010011010011
00000000011101010101011100110011
10101011100000000000111110010011
00000001010000111000111111010011
10100000000111010001101001010011
10111110000000000010100110000011
01110101010000000010110000100011
00001000010110101000011101010011
00001000011100100000011111010011
00000000010000001000100100110011
11001000010000000010101000100011
00000001010001011000111111010011
01011001000000000010111010000111
01010111010000000010011110000111
10011001101000000010110000100011
00001001101000101000101011010011
00000001001010010010011000110011
00000001101001000101111000110011
10100001001011111001100011010011
00000000000011001101001100110011
00000000010011001000010011010011
00000001010010010000100101010011
00010110100000000000010000010011
00001001111010011000010011010011
00000000110001011101100110110011
00000001100010100001010000110011
00001001000101011000011101010011
00001010100000000010101000100011
10100000010101110001011011010011
10100000001100010001100011010011
00000001010001100000100000110011
00111001100000000010001010000111
00010001011100000010000000100111
00001001000011001000001011010011
00000000010010010010001110110011
00001000010111010000001101010011
01111100010100000010110000100011
11110000001100000010111000100011
00000001001011000101001110110011
00000000001110101000010000110011
00000001010111111001110100110011
01000000110101011000111100110011
00000000010011011101110110110011
01000001011110000000001100110011
01111011011000000010001000100011
01000010011000000010000000100011
00110001010000000010100010000111
11101011010000000010000100000111
00000001111111011001110110110011
00011111000000000010110000000111
01111110110000000010100100000111
00000001100000000101010110110011
00000000100101101000011010110011
11110010010000000000111100010011
00101111000000000010110010000111
00110011110000000010111100000111
01000001110000100000100010110011
00000001011110000000110000110011
10110110000000000000011000010011
00100101000000000000011000010011
00000000110001100101010000110011
00111000010000000010100100000011
00000000111110110101011010110011
00000000110110001001010010110011
00000001110101000000110001010011
00001000110011111000100001010011
00000000100010001101000100110011
11001111110000000000101110010011
10100101011100000010000000100111
00000000111011100000010101010011
10100000101010000001011101010011
00000000001001001001101100110011
00000000101000110001111010110011
11100000000010010000100111010011
01000000001101011000111010110011
11100000000001111000101001010011
10100000110100111001011101010011
00001000110010101000100001010011
00000000101100100101011000110011
10010010100000000010001100000111
11100000000011010000001101010011
01010000000100000010100000100111
00000001101111011010001100110011
10111011000000000010110000000111
00000001100001001000100001010011
00001001010011000000010011010011
11100000000000101000001101010011
00000001011110111000111110110011
00000000100010000010101010110011
00000001111110010010000110110011
00001001010001001000001111010011
00000001001111001010000100110011
10000001000000000000110110010011
00111100010100000010100000100111
11100000000011110000111001010011
10100000111011000001100101010011
00000000010010110000011000110011
11100000000011011000110011010011
00000001010111100000101000110011
00000000011100100101100110110011
01110001100000000010000100000111
00000000101001110101010100110011
00000000000110111001100110110011
11100000000011111000011001010011
00000000010000110000100101010011
00000101010000000010111110000011
00000000110001011000110110110011
01000000001010001000011110110011
01100011101000000010110000100111
10001001010000000010001000000111
00000000101111111010111000110011
11100000000011111000100111010011
00000000100000110000110101010011
00110111000000000010101010000011
01000001011000111000011010110011
10111010101100000010010000100111
10100000111011011001011111010011
11001001010000000010101100000011
00000000111011100101100110110011
00011101000100000010011000100011
10011001011100000010010000100111
01000001100110001000110110110011
01010011010000000010000110000111
10100000010111100001110101010011
00000000110110001001101010110011
00000001111000011000010001010011
10100000011001010001100111010011
00100011000000000010000000100111
00010100010100000010011000100111
10001000000000000000111100010011
10100000100010001001101101010011
00000001011101001101101110110011
00000000010001010001000110110011
00000001011011111001110000110011
11100000000010111000100001010011
00000001100011000000101000110011
00111101100000000010110110000111
00000000111111001101000100110011
11100011000000000010010100000111
00000001100001001010000010110011
00000001101100111000000101010011
00000000000100000010011000100011
01000001000101101000001010110011
11111000011000000010010000100011
01000000101101111000011100110011
00001000111011100000000011010011
10000101100000000010000110000011
11100000000010000000100101010011
01000001010101111000010100110011
11100000000011011000110011010011
00000001011101111000101111010011
10100000000000101001111101010011
00000001111111011000111010110011
00000001111101010000011010110011
00000001110101100000110010110011
00110011100000000010110110000011
00000001100011011000011001010011
00000000101010100101110000110011
01111010110000000010110100000111
00000000101101101001101000110011
00000000100111110010001010110011
00000001011111001001011000110011
11101100101000000010000000100011
11100000000001000000100101010011
11100000000010011000011101010011
00001001011101010000101111010011
00000001111011010000011010110011
01000100110000000000110100010011
00110101110000000010110000100111
10100001101100111001101011010011
00001000100011100000100101010011
11100000000000110000110111010011
10100001100010100001110001010011
11001100000000000010011000100111
11100000000011101000110111010011
00101010110000000010101000000111
00010101010000000010110000000111
11110110000000000000010010010011
00000001000100101000011010110011
00001000011110111000111111010011
00000001010010110010101100110011
10100001110011010001011111010011
10101001000000000010011110000011
10001011101100000010110000100011
10110001101000000010001000100011
11111111010000000010111000000111
10100001110001011001100101010011
00000001101111011010011110110011
11100000000011101000101001010011
00000001100110110010100110110011
00001000000001001000010011010011
00000001010000000010010110110011
00000001111010101000011100110011
00000001001000001001100100110011
01110111000000000010101000000111
00001001000100000000100101010011
01001000010000000010110010000011
00000001100011000000010100110011
00011110110000000010000000100011
10011010000000000000101000010011
00000001000001101000101000110011
00000000101011101000110010110011
01011101100000000010110110000111
10100001001010101001111001010011
11010010100000000010110110000111
00000001011100010000100101010011
00000000010111111010011110110011
10100000000011111001001111010011
10111110100000000000001000010011
00000000101001101101010110110011
10100000101111001001000011010011
00000000001101001010111000110011
00000000010111110000111110110011
00000001001000100001101000110011
00000000011001001000100000110011
00000000111110010000110011010011
01000110011100000010100000100111
00000001110100010000010100110011
00000000010110101010000010110011
00000000101010101101101100110011
00000001100010000010100110110011
00000001100010111000110100110011
00000000110010011010111010110011
10100001011010110001101001010011
00011011110000000010110000100011
01110111100000000010001010000111
11000110100000000010001110000011
11100000000000000000110001010011
00001001010010110000011111010011
11010100100000000010011100000111
01111010010000000010101110000011
01000111110000000000100000010011
00100111110000000010101000000111
00000001001000010000101100110011
00001001100000000000100111010011
11100000000000010000001101010011
10000110000000000000000010010011
00010000010000000010011000100111
10000101010000000010011010000111
10100000010010000001011001010011
11100000000011110000110111010011
00000000001111001010100000110011
00000001001001011010100010110011
11000101001000000010100000100111
00000001111110001000011101010011
11100000000000101000000011010011
11110100001000000010010000100011
10100001110000010001011001010011
11100010110000000010100110000011
00000001101011001101010100110011
00001000100100010000100001010011
10001111101000000010100000100111
10111101110000000010101000000011
00000000110111000001011110110011
10100000010011011001001001010011
11010101010000000010010010000111
11100000000001100000101101010011
11100000000000111000110111010011
00000001111001001001100100110011
00000000000011110010101110110011
00000000100010001010110000110011
00000001010101100000101000110011
00000000011001010101111010110011
00000000000000000101010110110011
00010110000000000000111010010011
00001000110000001000100101010011
00000001001011100000001111010011
00000001000111001010101100110011
00001000010000000000010011010011
01000000110110111000111000110011
00001001010101010000010101010011
10100000110001010001101101010011
00011000100000000010010000100011
00000001010100000000111101010011
10100000011100101001010101010011
00001011100000000000100110010011
10011101000000000010100100000011
11100000000001011000110111010011
00000001100001011000110101010011
00000000100001111101101100110011
01101010100000000000001110010011
00000001011001111000010111010011
00000001101111110101100010110011
01000001000111000000010010110011
01111110100000000010000000100011
00101101000100000010011000100111
00000001111010110101001100110011
01010100010000000000001110010011
00010111011000000010000000100011
00001000011000010000011111010011
00000000011101000010100000110011
10011011110000000010001000000111
11100000000000000000100101010011
00000000110100110101100100110011
00000001110110010001111010110011
00111001100000000000000110010011
00000000000010011000101100110011
00000001001010010101100110110011
00000001000010001010100100110011
11011110111000000010110000100111
10100001110101111001100011010011
00000001101001000000000100110011
10010111011100000010111000100011
00011010000100000010011000100111
00000001010100010010001110110011
01110011100000000010001110000111
00000000001011011000000010110011
10101011010000000010110100000011
00111100101100000010111000100111
00001101100100000010101000100011
00000000011110100000011101010011
01000111000000000000111100010011
10011111010000000000010000010011
00000101110000000010110110000111
00001001000001110000011001010011
10100001011000001001011111010011
01000000001011010000101100110011
00000000010110111000100101010011
00001001100000101000010001010011
10100001000010101001001011010011
00011100110000000000010000010011
01011000010000000010000010000011
01000000110000011000010010110011
00001001000100000010110000100011
10100001010000010001111001010011
11100000000010001000100011010011
11100000000011010000011011010011
00000001111011011001111000110011
00000000110100010010001000110011
11101111000100000010001000100011
00000001110110010010011000110011
00000001110000111010101000110011
10001111110000000000011100010011
01001110111100000010110000100011
01100001100000000010011110000111
01001110011000000010110000100111
00000001111010000010010000110011
10001000100000000010000100000111
11100101110000000000100010010011
11011010010000000000001110010011
00010111010000000010001000000011
00100001001000000010001000100011
11100000000001010000011001010011
00110101100000000000111010010011
00001000100100011000010101010011
10111111010100000010100000100011
00000001000111001000110110110011
01001100010000000000010010010011
00000000011011000001010000110011
10100000111000110001110011010011
10100001110101000001101011010011
01000001010011111000111000110011
00000000010111000101100000110011
01000000011011110000010010110011
00000000000000101010101000110011
01000001000111010000100110110011
10001011100000000010000110000011
00000000000111111010010010110011
00001111100100000010010000100111
00000000110110000000110011010011
00000000100101110101010110110011
10111111101100000010100000100111
00000000001101011010101010110011
10100001100101101001011001010011
01110110000000000010100010000011
10000111100000000000110010010011
00000000001100110000101100110011
10100001111000100001001101010011
11100000001000000010111000100111
11100000000001111000011101010011
10100111010000000010101010000111
00000001111010111101011110110011
01101000101000000010001000100011
00000000000101100000000101010011
01001101100000000010010000100011
00001001001001000000111111010011
00000000010000000010101000000111
11100000000000110000000101010011
10111011110000000010001100000111
10101101010000000000101110010011
11100011001100000010010000100011
00000001111101011001011000110011
00000001111010101001111010110011
00000000101111101000001100110011
10100001011111001001110011010011
01000001110011001000000010110011
11001011010100000010010000100011
00000001001110010101000010110011
01000001101000101000001000110011
01010011000100000010000000100011
00011100010000000010000110000111
00000001001100100000011110110011
00000000111011000001110010110011
00100001010000000000000010010011
10100001011000111001010101010011
01000000101000110000100100110011
00001000001100111000001111010011
00000001011000000010100100110011
00000000101011011010010000110011
00000001100000100001000110110011
00000001000001110010100010110011
00000000001110101101010000110011
00000001000001100010001010110011
00000001010101100010101000110011
11100000000010000000101101010011
10100001001011010001111001010011
00000001011011100001011000110011
00000000011001100101001100110011
00000000011101000000100001010011
00011000110000000010001100000111
00000001100010100010000110110011
00000000111100010010001000110011
00000001110110100000011110110011
11100000000000011000110001010011
10100000111110000001011011010011
00000000010010000000100011010011
00000000101100001010011100110011
11101000110000000010110100000011
10001011010000000010000100000111
00011001110000000010100000100111
00000001001010110001010100110011
00000001101001101101110110110011
00100101100000000010100010000011
10110000110000000010110010000111
01001010000000000010000010000111
00000000111110001000000100110011
01000000001000100000101000110011
00111110110100000010001000100011
00000001101110000010110100110011
00001001000000000000111110010011
11110111111000000010110000100011
00000001010011000000111111010011
00000000111000110101001000110011
11100111100000000010111000000011
01000000101000101000100110110011
10100000111111111001101101010011
10100001000101001001011011010011
10100000100111111001001011010011
00001000101110010000000011010011
01111010100000000010010010000011
00000001101110101000110100110011
00001001111010011000011011010011
01000000000000000000101000010011
00000001101110111101110010110011
00000000110101001010000010110011
11100000000011100000001011010011
11111000111000000010001000100111
00001100111100000010000000100011
10010000010000000010011110000111
00000000100000000000101000110011
00011110100000000000111010010011
11101001011100000010000000100011
10100001111110011001101011010011
00010101110000000010111000100011
00000001001100100000000010110011
00000001001101010010001110110011
01000000111011111000010000110011
10001100110000000010101010000111
10010100010000000000011010010011
11111000110000000000010110010011
00000001100110010000010011010011
00111001110000000010110000000111
00000000000110000000100010110011
10110100100000000010000010000011
01000001000101100000011100110011
01001111000000000010110000000111
11100000000010101000011111010011
01001000100000000010101110000111
11110110110000000010000110000111
00000001001010000001000100110011
11100000000010011000010101010011
00000000001010110000100111010011
01110010110000000010011100000011
00000000110010111101110000110011
01111000110000000000000010010011
10001101110000000010011010000011
00000000111001101010111010110011
10101110010100000010111000100111
00000001011110110001000100110011
11111100000000000010011100000011
00111101011100000010001000100011
00000000110100010000110100110011
11110000100000000010001000100011
10111011000000000010011110000011
00000000000001000001011100110011
10100001101001001001110101010011
00001001100111001000000101010011
00000000101100111010110010110011
00000001110000011101101110110011
00000001100000100000101011010011
00000001001111101000110011010011
11100000000000010000111001010011
01000001100001110000101110110011
10100110100100000010000000100111
10101101000000000010000100000011
00000000111011111000101100110011
00000001111101110101111100110011
00000000001000111000101011010011
00000001011001100001011100110011
00000000010011110000010000110011
00101100010000000010000010000111
00000001001010010001110010110011
10011010010000000010010000100111
00000001000010011001101110110011
00000000100000101000010111010011
01010000110000000010001110000011
00000001100101111000010000110011
00111100100000000010011000000011
01101100011000000010101000100011
11001110100000000000111010010011
11101100010000000000001000010011
00111110101100000010001000100011
01000000100100100000011010110011
00000000000100101000100101010011
01000101100000000000110000010011
00111001010000000000000010010011
00000000000110000101100100110011
00110110110000000010011110000111
00011001100000000010110100000111
01000000101011000000100010110011
00000001000000011001011100110011
00000000011101100001010000110011
00001000101001110000011111010011
00000001000010001001110110110011
11110111000000000000010110010011
00000001011011111001010100110011
10110011010000000010111110000111
10100001111110100001100001010011
01000000011101001000011010110011
11011100100000000010111000100011
10100001100110000001010101010011
00000000011011010000110010110011
00000001101100011000000100110011
00000000000101011000101000110011
11100000000000011000001001010011
10100101001000000010001000100111
11011111101000000010011000100111
00000000010000011000000100110011
11011111111000000010000000100111
10110110010000000010011100000111
00100001000000000000101110010011
11100000000000101000101011010011
00010000110100000010110000100111
00000000010010001101001110110011
10100000000000111001111111010011
00011010000000000000100100010011
01001011100000000010111000000111
01001010101100000010001000100011
00000001111100101000000011010011
10001100011100000010111000100011
01100100001100000010000000100011
01110111010000000010111000100111
11100000000010111000010011010011
11100001110000000010001000000111
01111000001000000010010000100011
00000000001110100000100010110011
01000000000010100000101000110011
01010100000000000010100110000011
01100110100000000010000010000011
01000000101111100000000010110011
00001000011100000000100001010011
10101111000000000010101110000011
00001000000001001000010101010011
01000001011011110000100000110011
00001001110001001000010011010011
00000000111001010001000100110011
00000001101110100010110110110011
10100001110110100001001011010011
00011011110000000010101000000111
01001101000000000000010110010011
10001111000000000010111000100111
00001000010100011000110101010011
11100000000010010000011001010011
11100000000010001000011111010011
00000000010100011010111110110011
10100001101110001001011011010011
10010100110000000010101110000111
01111001110000000010000000100111
01110011011100000010000000100011
00000000101000011101110100110011
00000000011011000000010110110011
00000001101111001000110101010011
11100000000011000000111111010011
11111110010100000010101000100011
00000000001100011101111100110011
11100000000000110000110011010011
00000000001010110000001010110011
01000001111101010000010100110011
00000001011000011001000110110011
01110110000000000010011110000011
00000000100101100001001100110011
01000001111000110000001010110011
00000001110101101001101100110011
00100111110000000010111110000011
00000001100011111000010101010011
00000000110000001010110100110011
10100001010010011001001111010011
00000001000011111010100010110011
01100001010000000010101110000111
00011001110000000010010100000111
11110001000000000000110000010011
00000001001001111000000100110011
10100000000000110001010011010011
00110010000000000000111100010011
10100001100101101001011011010011
01111001101100000010110000100011
10010010100000000010111100000111
01000000101111100000110110110011
00000001001001011000110100110011
10100111010000000010110000000011
00000000011110000010011010110011
00000011011100000010000000100111
00000001000001011000011111010011
00000001111000111001101010110011
10000100100000000010001100000011
01100110010000000010111000000111
00000001110101100000010001010011
00000001110000000000010010010011
00000001111111101000111001010011
00000001010100110000001101010011
00000000011010000101010000110011
10110000100000000000001000010011
01000000000100101000001100110011
00000001010011110010100010110011
00000000110100110000100011010011
10111110110000000010100100000111
00000001010100011010110000110011
10011010110100000010111000100111
11011100111000000010001000100011
00000001110100011001110100110011
00000001011010011000110100110011
11001001100000000010000100000011
00000000101101011000001111010011
00000001001011001101110000110011
10100111110000000010001010000111
00000001111101101000110111010011
00000000111101000000111101010011
00000001111101100101001100110011
00000001000001101101011010110011
00000000011101100000110101010011
00000001011100000101111110110011
00000001110100010010001110110011
10100011000100000010101000100111
10100101110000000010010000100111
00000001011100110010110110110011
00000001011010111000000101010011
10010110101100000010110000100111
00000000001011010000011010110011
00001001000011101000000011010011
10110011110100000010101000100011
00000000011010111010001100110011
01111010001100000010001000100111
00001001111000100000110101010011
00000001101010100101101000110011
01000111000000000010010000000111
01000000100001000000110000110011
11100000110000000010001000100011
01100000010000000000001000010011
00000001100011011010010010110011
11110001100000000010000000100111
01110100010000000010111010000111
00000000110010100000001000110011
00000000111100110000000011010011
00000000110000100000111010110011
10111011110000000010110110000111
10110000100000000010111110000111
00011000000000000010000110000011
00001000100010100000100001010011
11100000000001101000010111010011
00010010110100000010110000100111
00000001000010000001101010110011
01000000110110011000101010110011
00001001001001011000110101010011
10100000011011001001011011010011
10101101010000000010111110000111
00111111010000000000100100010011
00001001001000100000111011010011
00000000110110100000010000110011
10100001010100000010001000100111
11100000000010011000000111010011
00000000111010110000101110110011
00001000100110101000011001010011
01000001101100111000011100110011
00100000100000000010111100000111
11001000100000000000100010010011
01111101110000000010101010000111
10001100010000000010110000000111
01000000000001101000101010110011
01000100000000000000011000010011
00001001111000111000001001010011
10101010010100000010010000100111
11110101010000000010100000100111
10100001110111111001010001010011
00001001001001111000111011010011
01110101100000000000110000010011
11001111100000000010011010000111
00000000001001101000100110110011
00000000101110001001010100110011
00000001011011100001110010110011
00000000111111001010010010110011
00001011110000000010011000000111
00000000000010011000000111010011
00001000101110100000010011010011
00011111000100000010111000100111
00000001101100010001101100110011
01101001010000000000110110010011
00000000100101001000000011010011
00000001110011011101010010110011
00000001110000100101010010110011
00100100110000000000100000010011
00001000010110101000010111010011
00000000011100001000000110110011
11011100010000000010110010000011
11001001100000000010001110000111
01000001110011100000101100110011
01000001101101111000010010110011
00000001011110000000011000110011
00000000111111011000001101010011
01111010110000000010110000000111
01110101000000000010011100000011
00000001011001111000111101010011
00000001000100111101110010110011
00000001010100101000000101010011
00000001110001100010110110110011
11100000000001100000001001010011
10100000011001111001001011010011
00000001000001110000001100110011
11101000110000000010111000000011
01010101110100000010000000100111
00000001011010111101010100110011
11110101110000000010010110000011
00001000111010111000011111010011
00000001101110100101100000110011
00000000001110011010011110110011
10110101010000000010011010000111
00001001111110111000001001010011
10001000100000000010101010000111
11011111000000000010001110000011
10100001110000000010100000000011
00001001010000000010001010000011
00000001000010000000000110110011
11100000000011110000110001010011
01101000000000000010101000000011
10100000001110011001101001010011
01000001010010010000011000110011
00111101010000000010101110000011
00000001011011100001111010110011
01000001011000110000001110110011
11011010001100000010101000100111
11011010110000000010000010000011
10100000000001000001100101010011
00000000110010001010111000110011
00001001100101111000001101010011
00001001011000001000001111010011
10100001111000010001111101010011
11100000101100000010010000100111
00010100000000000010111110000011
00000000000111001000000101010011
01000001010100000010010000100011
01000000001101011000010110110011
01110010000000000010100000100111
00000001001101000001111010110011
00001001110010011000000011010011
11100000000001110000101101010011
10100000010000100001001111010011
01111110000000000000100110010011
10101001010000000000000110010011
00000001000111000000011001010011
11001110000000000010000000100111
10111010111100000010110000100011
11101010111000000010001000100111
00000000100011010010010110110011
10001011110100000010111000100111
00011110110000000010011000100011
00000000100000001101010000110011
10100001010110011001110001010011
10100001001001111001111001010011
00000001010001111001010110110011
01001111100000000010100000000111
00000000010100110001011110110011
01000001100011010000000110110011
11100000000000101000010011010011
00000000111011000010100000110011
11100000110000000010100010000011
00001001011001000000010011010011
00000001110110010000010000110011
10100010111000000010001000100011
10101110110000000000100110010011
11100000000000100000101001010011
10101111111100000010111000100011
00000001001011100001110000110011
01000001101101000000111000110011
11100000000011101000101101010011
01000001110000000000000100110011
10100001110000000000001100010011
00000001001100000010111010110011
01011100101100000010000000100111
00000000101001001101100100110011
00001101011100000010001000100111
01101111001100000010010000100111
11110101000000000010111000100111
01100011000100000010110000100111
00000000010000001001010000110011
00000000110001110010001110110011
00000001001110110001001010110011
00000000000000101010100100110011
01000000010111010000111000110011
01000000100110001000110110110011
11101010010000000010110100000011
11010000110000000000001000010011
00000000110100001001101010110011
00000000010010111010100000110011
01001000111000000010111000100111
10100001000100001001011001010011
00000001100100111000010010110011
01000001100011011000011000110011
00001000001001100000010011010011
10100000101111110001111101010011
00000001000001101000011011010011
10100001000101001001010011010011
00000001101100010010000100110011
01000001010111001000111010110011
01000100010000000010011100000111
00000001100101011001110000110011
00000001001101001000101000110011
01110001010000000010001000000011
00000000011110011001100100110011
00000000010000001000100010110011
11100000000000100000010111010011
10100001000101111001010011010011
11100000000000101000101011010011
00111001110000000010001010000111
01010111010000000010010000100111
11100000000000010000101101010011
00000000011110011000001011010011
10100000101010011001101011010011
10100101000100000010100000100111
00000000101111010010011010110011
00000001011100000010011110110011
10100001010011000001111101010011
10110001100100000010110000100011
11010101011100000010100000100011
00000001001010000010011110110011
10000101110000000010110110000111
11100000000010010000111101010011
00000001000001101000111111010011
00000000011110110001001000110011
00000000001000111001110110110011
00000001010001010101100010110011
10110111011100000010101000100111
00101001100000000010001000100111
00000011110000000000110100010011
00000001100111001000110001010011
00001001111101101000101111010011
01000001111011000000101110110011
00000001001110011000010001010011
00001001100010111000111001010011
10000011100000000010001010000011
11011010100000000010000100000111
00000000100100100001100000110011
01101010111000000010010000100111
11100000000001111000001001010011
01000001110101100000100110110011
00000001111000011010001100110011
11100000000001110000010101010011
00000001110110110000011111010011
00000000011100001101100010110011
10100000010100010001100001010011
00000110100000000010011000100011
00000000100001011000100011010011
00000001110111101010000100110011
01100110001000000010110000100011
00000000011000010001011000110011
00000001100110000000110101010011
00000010010000000000101100010011
11100000000001110000000011010011
11110011010000000000001000010011
00011111110000000010111010000111
11100000000011111000001111010011
11110010110000000010011110000111
01000001110110101000000100110011
11001110010000000010110000100011
01000001110001111000110110110011
01000001001110011000010110110011
00000001011100011000000010110011
00000001111111010000010011010011
00000001010101011001110010110011
10110000000000000010110000000011
11100000000011100000010111010011
00000001110000001000111111010011
01010111000000000010110010000111
00000001010101000000001000110011
01000000000010110000100110110011
10100000111011011001000111010011
00100001101100000010100000100111
00110110111000000010111000100111
00000001011001001010100000110011
01000001100111101000001010110011
00000000110111110000010000110011
11100111100000000000100000010011
00000001101001110000011000110011
00110000110000000010000100000111
00110001000100000010100000100011
00000000001011000000001101010011
00000000101101000001011010110011
11100000000000001000000111010011
00000000001101111000000011010011
01011101110000000000011110010011
10110011111100000010100000100011
00110010001000000010011000100111
00000001001001100000110100110011
00001000011010000000011101010011
00001001010001101000111011010011
00000000001111100001111000110011
00000001101001010010001010110011
11011111000000000000100000010011
00000000000001111001110110110011
11001000000000000000001000010011
00000000110000000001001110110011
01000001011000001000111110110011
10110010111100000010110000100111
01000110100000000010111100000111
00000000110011010001011100110011
00011001000000000010010000000011
10000001010000000010101000100011
00000001011011111001000010110011
00000001110111011010100110110011
10100011100100000010000000100011
10111000110000000010111000000011
00001101100000000000111100010011
01101111111000000010011000100111
00000001011100000001000010110011
11010000010000000010100000100111
01100011100000000010010100000111
11100000000000000000101101010011
00000000101110100010001110110011
00000001001100110000001101010011
10011101100000000000011000010011
00001000000100001000100111010011
11100000000001110000011011010011
01000001101100011000011110110011
00001000010010110000010101010011
00101000000000000010000010000111
00000000011001001010001000110011
10100000011011010001101011010011
01110110010000000000000010010011
10100001101011110001110101010011
00000001011011010101011100110011
00000001110101011001000010110011
00000001110101011010100100110011
11100000000010010000101011010011
01000001110000000010000000100111
01101001000000000010101110000011
01000001100010101000010010110011
00001001111100010000101101010011
10001000010000000000010110010011
00101000110000000000010000010011
00000000101000111001010000110011
00000000000111011000111001010011
11000001010000000010010100000011
00000001010011101000110000110011
10111110010000000010010000000011
00000000011001001001100100110011
00111001010000000010111000000011
00101010001100000010000000100111
00000000000000000000000001110011
00000000000011011010001010010000
01010110011011101001011111100111
00000000001000000011011101000110
10001001110001010111000010100010
00000000011000111100010001101010
00000111011110110010010110110110
00000000010101011111000010010011
00101011011000111000111111110110
00000000001111011001010000000010
01101000001001101001100100111000
00000000001111101001100010110011
01111010110001010000101011010001
00000000000101101001000110110110
01000110110101011000000101001010
00000000000100001010011111100011
00110101110110110011011010100100
00000000011101110101101101100010
01101111101111010001101000100000
00000000001001101111110010000101
00010100100110000010010001110100
00000000000011101010110010110001
00011110010101111101101110101101
00000000000110011010100011111111
11011011111011100100000001111111
00000000001100100101100110110011
01111101010101001010100001010111
00000000000011101111001010101000
11011110010100000000110101011111
00000000001000001001011110101010
10001001100000001111000101010100
00000000001001111111110010011011
10000000011000101011111011100001
00000000001010011010101010000011
00101100110100110000100010100011
00000000011001001001111111000000
00111000001001110101000011100110
00000000011010000010101001110101
10001001100010101100001011011110
00000000011010100001110010010010
01011110001110101111011110011011
00000000000110010111100011110110
11011100001110001000001101100011
00000000011100000111001111110101
10100010001111001101110000101011
00000000010001000101000011101100
00011000101000101001011011110110
00000000001110010011010100010000
00110111000100101000110011011100
00000000011000100010110011001110
10100100111001100100001001101001
00000000010000110101011110101111
01101011100110011010001110011000
00000000010010010010110111110111
10011110001011010100100100001101
00000000001101000111101110011110
01000110000001011100111010101011
00000000000011101101101001100010
01110001101100001100001010001101
00000000010111110110111111100011
00011000100001001001000111101111
00000000011111000011111100111100
11010011101011111110011001000101
00000000000010010110011110011100
00100100011110010110001000101111
00000000001010001110111101000010
00011110010010101000001001101011
00000000001011111001101010111011
11111000100100110010110010011100
00000000010011001101101011111000
00011001011110111110111000011100
00000000010111001001011011110010
10111011001001001101001100101011
00000000010111000111100001101000
01001000011010011000100111001011
00000000011101001001001011101110
00100010101001011101101010110111
00000000000011100101101011101001
10100011011000011000111110100101
00000000011001100001101011011111
00011110111110001010111100100110
00000000000100111010100010011011
11111101001010100001011111010101
00000000000100101011100111001010
01001011100100100010101111010000
00000000010011110010101001010111
00101111101011100110001000110000
00000000001010100011011110100101
10001001011101001111100101100100
00000000011011000010101001110100
11010100111010110000010100000011
00000000010000111010011100001011
00111111000100000011011111101100
00000000010011110111110010001111
10110110110010100111001101101010
00000000010001010110100010011011
11110011010000110101010110100010
00000000001110000010000111110100
11101010011010111000000100111001
00000000011101110110111110000011
00010010111110001100101100101101
00000000000100110101111110010000
11111010111001000011001101100011
00000000010110001110100110010101
01100110000010001111011011010111
00000000001100000010001111011011
10010100110111110101110001011001
00000000001111101110101010000110
00000111111001111001010110100110
00000000010011000010010010001011
11110111100000011000111001011000
00000000000110100111100111111000
10001100010111010001001001100110
00000000010000000001101100011010
00110101010101010100111100110010
00000000010100001110101000000001
11010010101010000001101100011000
00000000010010111001111100101101
10110011011110001001111000001010
00000000000100100101011011010000
10110001010101010011000010010111
00000000001010110101000010000001
01101111111000011110101011001100
00000000000111100101001001010101
10110010100110111100110111010100
00000000011000110110001000010000
01111001110000001111110001100111
00000000000000010001100100011010
01111011110100001001000010010011
00000000001010101010000000110011
11110011111011011010100110001101
00000000010100101011110000001110
00111111010001111010000011101001
00000000010111110010101101110001
01011100010010111010001000001000
00000000011011010110110011101101
11110100001100000100011001111000
00000000000010000111011110100100
00111001010000000010111000111101
00000000000011010011010110011010
00010111110110110100000001001001
00000000001110111010001110110110
10100101001010000111010100001010
00000000010010110011111111101000
10101100100010111101000100000111
00000000010101001001011010011011
10010000111111110110000010100100
00000000001001010000010100001100
01001011100001001100010011100011
00000000011001011111110010100101
10001101101011110100101001111111
00000000000010001000111001010101
01010011000001111001100111111110
00000000011010000110011000001001
10101011010001100111010111000010
00000000011100110110101111011100
01011111010010011101010111011101
00000000011111010011011010101000
01101101000100010100100000101000
00000000000010101011110001000110
00100011001000101100010001101011
00000000011100101000000001001011
00000010011110101100110110000001
00000000010110010001110001010001
00000110111011101000100110000111
00000000011101000000000101100100
01101000101011011110111110000010
00000000001110100100001000110001
11011101101000010011101101011011
00000000000001010011110100101011
10011011111100101010000010001000
00000000001000100000100100000001
00010101111010100110010110111000
00000000010011111111101100010101
00110010110100110001000111100011
00000000000010100000001111100111
01000000110111011001010011111001
00000000011111111000010000100000
11000001101110000111101010111100
00000000000111110011011001011101
10100111100101011001101000010000
00000000010101101111010010101001
00111101001111110001110101011011
00000000010111110011100011100001
11101011010011110100001100101110
00000000001011110001101001000011
01101101100111011011101011101010
00000000011111101101011011000101
11111010101111011011111001001110
00000000000011010010100111001100
00000111000010010001000001001000
00000000000101100110000100101010
10101101101111100110100001100100
00000000001011001000000111111111
01011010011001111101111011001101
00000000000011001110110011011001
00110100101000001111000000100110
00000000011101010101001001110110
11011011100001111100101001010100
00000000000000010011000111111000
10110100011010101011100111011001
00000000010011000101010111101100
11000110101110010000000100010011
00000000000111110111011000011000
10101111000100010101010110011100
00000000010111000010000110100000
01110000101110111011100010000111
00000000001100000100100011100000
11101001011101010110110110011001
00000000000101010000111100101111
11000000000110110100111011111000
00000000000000001110111010000001
01011101011001011001011010001100
00000000010100111101111100100010
00110110111101000001100101000101
00000000010011110001000110010010
10101010101010011010101010100001
00000000000010010001010011001010
11100011110000101011010101100110
00000000000111111111011101000011
00010100111000100001010011000111
00000000011011010011001000100110
10000100101010010100000110001011
00000000001110001011111110011100
00101100000011110101000000010110
00000000011011110001100010001111
11011111010110011101101011111101
00000000011011100011001111110000
10000011100010110110000001100000
00000000001111111010011100110101
01011001000011110111110101110011
00000000011011101110001010001101
01001000000001000101000110110100
00000000011001101111011000010000
11111000101100000110001011000000
00000000000111110010010100110101
11101010000001000011110011111111
00000000011000011110010100110100
00101100110101000011010011011000
00000000010110111111101010000100
11011001001011111001010011000000
00000000001000000001111011001001
00000000010110100011001110100011
00000000010110101110010111011101
11110100100100110110100010000110
00000000000011111010110010110110
10011001100011111100001010011101
00000000011101001010011101010010
01001001111000011010001101010101
00000000000100101000010000100000
01100011111001110011100110101000
00000000000101100101011010100101
01011000000111000010000100001011
00000000001100110010001110010100
10101010000010000111111111000111
00000000010101110111101111010010
10100100000110111110101101000000
00000000001001110011101011110101
11010011100100010110001111011011
00000000001000110110101101000101
01000101000111011110111110010101
00000000000000111111101011100111
01100100001000011111011010001100
00000000000001111110111101000011
00001010101011010101100110000000
00000000001011111000110000000100
10110111101100101110111000010000
00000000001110111101100000101100
10000011011101011100010100111111
00000000011011001010000101011111
11111100000101111001011010111101
00000000000010011011011010100001
11010001111110101101000001100100
00000000011110110101100110010011
00011011000110011101100000001110
00000000011011011101001101001001
11110100011000101001010110110001
00000000000010111010100011101110
01101111000100100001100100011000
00000000000111011011110101010000
01011001001111101000011010000011
00000000010000100011101111011000
00101110010000101111000101101000
00000000000000110011111110001000
11010011010011100010001011011110
00000000011111011000001011100101
01000100110100000111000110111010
00000000011111000000101010011100
01011010101100010010010001100010
00000000001110101101000100110111
10010001010110000010001001100110
00000000000011011101110011000011
11001011100010011011101001100101
00000000001100010001110101100111
10011001011011101000110001101000
00000000000110111111110000000101
01000000111101010010101110110011
00000000011001101001011010111100
01001001101000011001011100100111
00000000011011110101010100001011
11101011001100011001001101010111
00000000000010000111101000101101
00101110111110011101010110110110
00000000000101011000001010111000
11001100000001011011111111000101
00000000000111101000110001111001
00010011010001011001001111010011
00000000000110011001101100110101
01010000001101110100010100001011
00000000001111000011011001110011
00100110010101001011001011000000
00000000001010010001000010010011
01110000001010000111001101111000
00000000000111010000100000111001
01011100011001111001001001110110
00000000001010110010110001000001
01101010111001010010100101101010
00000000000101111010011101100011
01110011110000011011001001100001
00000000010011000111111000000001
10100010111001001010111110101000
00000000010111001001011011010001
01100010001000010000011000101010
00000000011010001011001001010101
10011000101010011110111000001110
00000000011101101001101001111010
11001110110010111101000010100100
00000000011110010111110100010110
00001011100111101101101110000011
00000000010100110011100111000101
11011101101101011110110110000000
00000000011001110111000011011011
00011010101100001111011100100101
00000000011110011111100101000101
10110000011110111000110000110100
00000000000110101110011000111101
00100000011111011000101000011111
00000000011000010110010011000011
00101101011001101111011011001001
00000000001100110001010100001100
11110001111111111110111011101000
00000000000000000111001111001001
01001111110001011100110111000111
00000000011101110011001110110001
01111101001000001100000000111100
00000000001110000001001010010100
01100010111001011001100011111110
00000000011000110111011100011011
00001011011000101111001011110010
00000000000011110100100010000111
01100111110100110110100001101100
00000000010100111110011111010001
00001010101100110100101001001111
00000000000000111010100000011000
00011001100010000000010111111010
00000000001001000000011001111101
11100110010110010100000001110110
00000000011111011010001001100001
10100001100010100100110000010001
00000000010100100101101001100111
01100001101010000001011011001001
00000000001011000111011001001001
10010001111000100001010001010001
00000000010000000100011011000110
01111001000001001000011000100010
00000000000011100111110010010110
00011101100101010000010101010000
00000000011010110000100000110010
10110000000010010010111000110111
00000000010100101110100110001000
10111000011111101011100101000110
00000000001010000011100100110101
10110101001101100011011111011101
00000000011100001000100111011001
10110111011010001001000011100011
00000000011100001100101011111010
01101110011101001000011100001100
00000000011111101100000110000001
10101111010100001001100011001110
00000000011010100101100101101111
01101000100110100101100111010000
00000000000101110001000101101001
01101111001111111101011000010100
00000000000100110100001101101111
00001001011001010011110001110001
00000000011001110100010001100101
11101111111000010011011100100010
00000000001101000101110001101001
00110001001100100011101111111110
00000000001011011111010111100110
00111010101010000111010011111000
00000000011010000101100101100010
11000100111111100110011100000100
00000000000100101010110000010011
10100111001000101000000000111001
00000000010010001100111000000100
00010010010000011001000110001010
00000000011001010100101010100011
10010001111011000111001111001011
00000000001010101111001100110111
01100111001001101010111101100000
00000000001001011010011000111001
00011111001101011100010110111010
00000000011010001001001110110011
10011000001111101111101101001101
00000000010001100011011011010000
11100000010101101110101011101111
00000000000000000101111100011010
01011011010110110101011100011110
00000000011111110101100000000111
11001011010110111010100011010011
00000000011101011100010011100010
01000001110111010010001111001111
00000000011011011111000000100001
01000001111110100100000111100000
00000000010111010101011100010001
11001111101001001001010001011101
00000000010100110010101011001001
01011111111100101010010110011010
00000000010111111100000000100111
11101010110000111100111111101101
00000000011000100111110100011101
10100001111011100111010111100010
00000000011000011000101100000010
11010100001111001100000000101011
00000000000101111111111111000011
00011110110110100011000101110101
00000000000100101011011111011101
11110000100010101010111000010110
00000000001110011110010111100000
01001110101000011101111001001001
00000000011001010011000101000010
10110011010011000011111011100110
00000000001100100001010101001010
10010001110001010001100110000001
00000000011011110001111100110110
01101001000111101110010100001101
00000000001101100001100000000001
10101110101100111000011110111011
00000000000010101011100001101001
11000011001100111111011001000110
00000000000001010001110000110010
11101101101011111000010111110101
00000000010011111110110111100110
11111010010101000001000001011011
00000000001011101000000010000110
10100011010101001111000110001001
00000000000101110001000000010001
01001100101110000001001001111110
00000000001100001000010100011010
11000011010101110000000110000010
00000000000111000011101010000100
10010101000111101000111111100111
00000000000110010011101011101111
01100001101001100010100000100101
00000000000000110000011000011111
00000101001001100110101100111101
00000000010110111101111110111010
00010111001101111110111101001011
00000000010001100000100100010101
00100001110110101011011011000011
00000000010000111010001011000010
10110110100110100000001011001110
00000000011110101001010100101000
11000101010101011000011101100111
00000000001100110111100110010000
11101000010101100111110000010101
00000000010110000000001101111011
00101010111111100011110000101011
00000000010111011111110101011111
01011001011010011111100100110110
00000000001101000000000000000110
10110000111101001111010111100001
00000000001100101111001010100011
01100110000100001000101000000101
00000000000001111111100111011001
00110001110010011110111000010000
00000000000001110110100001011100
10100011101000110010000000001011
00000000001010100001010001001001
11000111001110101101011001101011
00000000001001010000101001000010
10011101000000000011010011000111
00000000000000011111011100100101
01011111011011110011010001011111
00000000001010101010111001110010
11000001101000011010000101100000
00000000001101011000001000111110
00111110010011110100001111000101
00000000001111010011100100010101
11110000111111111010101101010011
00000000011011111011001000100101
00000010111100001110111110010111
00000000001000010100111000000011
01011100010011110101001100010011
00000000001100011001010100110110
01111010001001111101101011101111
00000000000001101011100000111011
00110011101101110001000111010110
00000000011000011001001000001001
10011010100101110011000010001111
00000000011110111110100111100110
10100110011110011101010001000100
00000000011101100010010001001110
11001001100001011001001111011001
00000000001110001100101000111001
10001000110101010011001011011111
00000000001110110100000101101001
11000011011100001011001101100011
00000000001101100011110010111001
01101001011000101100000000111101
00000000011101010110110000001111
01100110101011001011011011011110
00000000000010011000011101001011
01101010101111100111101101111101
00000000001110001101001000000001
11100011010010111011111001000011
00000000011111101101101011111010
01101010111101001110110101101100
00000000001011001111010000011110
10111110010111011100100010100101
00000000010010010000001100001000
00000111110111101111011111111010
00000000011000010011101101010000
01011011101101111001101010011100
00000000010110000111011110100101
00010011111100010011011100111100
00000000000100001101101010000110
01010011001001001011000110111110
00000000001101110000101101101011
00010101110000001011010110001001
00000000011010011010011101100001
00010100101101000101111000011000
00000000000101001111110000100001
00110111110110011110101010011100
00000000000100000111111001110110
11101011011001010001110010100000
00000000001000110100001001000011
11100100001010000100100000110001
00000000001010011010001101111100
11101010010000000110011010010111
00000000001101100001000011001110
00110011011101001010101101111011
00000000000100000011111110110001
11001001000101110110110001110001
00000000011010110001001110110011
10011000111010000001001111100001
00000000000111010111011100010001
00111011101000000000000100011010
00000000000100001010110011000100
10000000100001011111101011010010
00000000000101110110110011100111
01010110011001100110110101000011
00000000010001110001011110110101
01100101000101010011101111011011
00000000000110101011010101110100
00111111110010010111010011010111
00000000000011010000011010010111
11000111010101111111100100001100
00000000000000100010101101010110
11111111010100001001111011110100
00000000010101111001100110101010
10101010010011101010000011111110
00000000000111010101001100001011
00011000111100000011010101011001
00000000010010011001011010101011
11110010100101000111110001001000
00000000000000010000000101010100
01010011111100000000011100000110
00000000001011000100000000110100
10000101111001101010111010100111
00000000011111100110110110111111
10101011101010111101000101111011
00000000011110001011011101100001
01011111011011101100000100011110
00000000000001000110110000000110
10011110111110010001001110010100
00000000010010111100101000101101
00001110010010110111000100100001
00000000000110101000100001001101
00010011110001011001110010011011
00000000000101100100111111011001
10000111010110100010101111110000
00000000011101001001110010001011
01001111100000001001101001111100
00000000011100110110101010001010
01111000100000001010100110011110
00000000001010110000000010011001
00010100011100110111111000100100
00000000001101111010101101110000
11111110010110000111110000001100
00000000011000101110100101010101
10100001100110001100101011110001
00000000010111101011010010010101
11100000001000100100001100000010
00000000011111011010000101100101
10001001011110001011010111110001
00000000000111111111000010100101
00000100110110000000001001100110
00000000011101011011110110111110
10110110100111010001111001001100
00000000001011111000000110011010
01011110100111110111000000100000
00000000011001111000101110111100
01000101110010111001001101110011
00000000001010010001111010100010
01110110000001100100010100000011
00000000010011000110111010111100
00101001100000011000100101000000
00000000011100001111110110000011
01110001001000101101000000100100
00000000001000111000101111110111
10001001100111011111011101101001
00000000001000111000110101101000
10010111101011101001011001100100
00000000010101100000001110011100
00100100111000100100010111110110
00000000001001101101111110001110
10100101111000001001101100011010
00000000011100010010010000110011
01110111000011001000111010100001
00000000011000111100100111101000
01010000011001010110111010000000
00000000000001101111101111101111
11010101100001000001100110011101
00000000010101100111000110011010
01100101111011111000011111100000
00000000010000100001001111111010
01111000111010011111000101110000
00000000011111111010110111001110
10010110000111101111110001101001
00000000010001111100111110001100
11000111101110100000110011110010
00000000001010001001000011000100
01000100010011010011100011100000
00000000000001010111011111101110
10110000011110011011100010111010
00000000010101100101001010100001
10000001011100100001001100101101
00000000001101100101111000011011
00100110110010011011101101110010
00000000011010011111000011100100
11010111111001101001001111111001
00000000011000111100000011001010
01000000111011001100000111001100
00000000001101111111011111110101
11101010001100110011000111111011
00000000001011101010101010101111
01100000101010110000010011001000
00000000011110100111110110010110
01110100101110010000011001110110
00000000001100111110001100010101
00110110101000111001011110010011
00000000000100010100011111110101
01001001010010000011111101001011
00000000000101101100101011001010
11011001100110000101010110101001
00000000000111101101111100011110
10000111110110000111101010011111
00000000000011101100010111001001
10101110000011001010001111011110
00000000011111101101011010010100
10101100010110000110001101100111
00000000001001000110101001001010
10000101011011110100111001011000
00000000010010100100000111111111
00100111001010101100100100110000
00000000011000100111011001011001
01010111111111011101010011010101
00000000011101011110010111100001
00110110100000000001111011100000
00000000000000011011100100011101
10100011001010111101101010111001
00000000011100001001110111100001
10111100010101111001110010010011
00000000011000110010011100101100
11111001111100110101001111000110
00000000001000111010101011001010
01010001110000100111011111000010
00000000000000111111001101010010
10101001010011000110001001011011
00000000001000110110100110000000
00111111011101101111111111110101
00000000001001110010010011111001
11111110111110100011100010010100
00000000010111010001010000110100
00011001100110100000011111001000
00000000011001110101001111110011
01111011011110000000110001110101
00000000000110011011010011110001
11110111111000100001011011011010
00000000010110110001101010010100
00111001001100110000101111000101
00000000011111011001111011110100
01110010100101111011000101011111
00000000000011110101111101110000
00000101101101000110101011111100
00000000000101001001101110101001
01101001101010011010111101110110
00000000010000000100101001101110
01010011101101000001011110010011
00000000011111111101010111010100
10111010101110111000001001110010
00000000001000011100010000001011
01010101111001100001000000010000
00000000000101010011100000011011
11010011110101111111000110101101
00000000000100001011010111110010
10001110010100110110111010111100
00000000010000011001101110111110
01111101110011101111100001000000
00000000000011011001011001010100
00001101000101101001010100100111
00000000011110100101000110100000
00111110000110111111010110011110
00000000000110110110010100011111
00001001110100100100110000010101
00000000011101001110100100110101
00101111011000011101101001111000
00000000010001011010011010001110
00111111100010111010101110101111
00000000001111000110011100001010
00010001001101111011111011110010
00000000001110001100010011110111
11111101011011011110001111100110
00000000011010100101110001000011
11010010000110101101010011100011
00000000011010110001001100101100
01001011011100100101100110000111
00000000001110100101110111101111
00000011000111001100101110100011
00000000010100011000011011100101
10011101010011101001100100100011
00000000010110000000110110100100
11010001011110010101110010101100
00000000011010110011010101010000
11111000000001001001101101111001
00000000010001000110111011100101
11000010111100110100111111000001
00000000001101101101011111001111
01111101000000001011111010001101
00000000001101100010011110010101
01000101100001011010010000010111
00000000001011010011110001111111
01110110001111101001100101110111
00000000000101101111010111011001
00111111011101111101011010000011
00000000011100100101010000101001
01111110011000001110010110010000
00000000010110001110001100100010
10011101101100100110001100011101
00000000011011000011111001100100
00100100100011100001110001010101
00000000010001100110110101000010
11101100101100100011000111111010
00000000011000111100000100111101
11001011000101100100101011110001
00000000000011011001100100111111
10001000001001000000100001110000
00000000011100001001001001011101
10011100010100010000110110111111
00000000011011001110011011001011
00010101111100101001001000101001
00000000000111100010101000010000
01011010000000000111101100111111
00000000010100110111101001101000
01111011010000100001101111001100
00000000001010110100100001111010
10111010010100110001100110101111
00000000010001010110000100001011
10111100010101110001111010101001
00000000001110111010101001010011
11111001101100010000110110101100
00000000001100001100110111000011
00010010011000110000001111001110
00000000000101101000001011010100
11110101001101010000001011010011
00000000000000000011010101101001
00100111100011100000100000110111
00000000011011000010101000100110
01010011110101010100111001011111
00000000010010000011001101011010
10011000001101101100001100010010
00000000001011000101101001000010
10100001100100001100011011011101
00000000011110010100100011011111
11111110101000110100011011000110
00000000001011100011111100111010
00000111001011100100010011101011
00000000001001111111100001011100
01010011100100100001000111111010
00000000011001011110110010000100
01001011110011111101011010111010
00000000011011110110011010100100
10110001000101010110110101111000
00000000001111010101001010101101
01010101001100110010001110001000
00000000000010110100001111101110
00010111010110101110010011101000
00000000011100111101110001000001
10000000100011100010111100100110
00000000001011111000101011101101
00001010010110100011001011001110
00000000000010000011000000100100
10000100100010000100101111111001
00000000010001111001110001000010
11100001111100011100100000111111
00000000000000000000100001100100
00010000011000000000101100110111
00000000011100101010010100101111
10111000000100001001011001101010
00000000000001010010111001011101
00111011011111001110111010001000
00000000000000010011000100000000
00011111010111000100001010111000
00000000000010001100110011101000
01111001111100001001100000000011
00000000001100101001001100000011
11100100001110101011010111000110
00000000000111010111100000100111
01101111001111010100101000000000
00000000001001001101100011000010
00110111111101000100110110110111
00000000000001001001010011101011
01011001101111010000011001111110
00000000010000010000010110101111
00101110001011111010101001011011
00000000001101001010011100101000
10111111001010110001101110011110
00000000000100000101000111111011
10101001011011100101010001000111
00000000001101010110011110101100
00010101100000101000001010100111
00000000010010010001000010000110
01100001000011011110101111011011
00000000000011011111100010100010
01001000011100010001001011010011
00000000000010110010011100001110
10111111110110111011000101000011
00000000000011110100101000101111
11010000001101001101101100010001
00000000010100100101000001001010
00101011111001101001000001000100
00000000001110101100101110001010
11010000011011001101001101110101
00000000001101011101101011110000
11000001101001000000100011100101
00000000011011010010101001001101
00010110010000000000010110110110
00000000010011100010110000000011
01110110110011110110001011111001
00000000010110100111101111101111
10100111010101100100111100100001
00000000010100110001111110100000
01010110110101001000101011010001
00000000000100101111100101101110
10111001110101010011010110110000
00000000010010101110100111011001
11111110100101011101001011100110
00000000000010001101101011100110
10100000001000110010111011110111
00000000010011100010010001010110
10111000001101001100111101110000
00000000001010110110101111011011
10100010110111111100010010000011
00000000000011110100011100111111
10000001001001001111100110110000
00000000011111100101011101011001
11100001000000111011100101000001
00000000010111011101011001011011
10011100100011010000101100011011
00000000000111111101111111101011
11111000111100110011000111000110
00000000011110110101111011000111
01010010110001100000000010010011
00000000010101011110101001001100
01111100011100010100110110001011
00000000010010001111110100100110
11010000010011110111001000001010
00000000001010100110100001001100
10111110110011110001101110111100
00000000011010000010010010110100
11000101000011111001111111010000
00000000011111001001100011000011
11100110111100000010111000011100
00000000001000111011010101100101
01110011001001010000100000110011
00000000010000011000001011010100
01110010001111110000111011110000
00000000000100001000100000010001
10100000111101001100100101110011
00000000011101100110100110100011
01111001011001011111000111100011
00000000010101101011011110010010
00010011111000011110001000101001
00000000001010011101101001010110
00011010011000001010101000110101
00000000011011101101011000001111
00111010100100101001001110010100
00000000000100100111100110111000
10001101100101010111010111011100
00000000010100011110011000000110
11010010100111000011100001100101
00000000001000111100010110011110
01101101011110010010100010101011
00000000011010000100010000011001
00001110110110110010010100001101
00000000000010110110010000110011
10010100011010001110001000101001
00000000011010001000011011111000
00001000111110011011010001101111
00000000001100011101000101100000
01101101101101110001001110001100
00000000010111011000010101101110
00010001001010000010110100110101
00000000001110010111111000011011
00101100101110010001111010011010
00000000001101011110100100100011
01111010100100011110100101000101
00000000000010101001111100000000
01101001110110100100011000110101
00000000010010101010101110110010
11101001110011111111111000011101
00000000001101111001001010100011
10000011011010100010100010001101
00000000001000101010011100001001
01010001111001100101001110101101
00000000001110100100001001010011
11001010001100101101101110011011
00000000010101111101001110001000
10111000011001010001101111010010
00000000001110001100001101000011
11100011110000111100011110100001
00000000000110100100101001110111
10110100000101111001100111010101
00000000001000000000100001111011
01101011001110110011000100111111
00000000000001110111001011101010
01101010010101100001000010001010
00000000011111100010010110110011
01111100011111110100110001111100
00000000011010100010001011100001
00011000010110000010111000111000
00000000011101011110001011101001
11110011111011100010000101100101
00000000010111100001101100010000
01010011010101001001010011010010
00000000000010001000001110001001
10001010111010101010100000111010
00000000011010001010101010001010
10001101110101111100100101011100
00000000011011110110001011011010
10001100100111111110110000101111
00000000011000011110100100011100
01111100100000110000100010101101
00000000011100101101110011100100
10110101100100001010001101111000
00000000001110001100011100101100
01011000110111011001111111000100
00000000011110011111011101111110
01000100110001001011001111001010
00000000010110001111100011111011
00100001011010000000000011000111
00000000011100001000001011000100
00001001110011011011011010010010
00000000001100110110101110010100
11000001101000111100110101010001
00000000000100111001001010101101
01011111110000001011001010010111
00000000011000101111101111000011
01111111011000001111010000111101
00000000000011000011000001000000
10110111001111110000100001111110
00000000011110100100110000010011
00000011111010001111101110001101
00000000000000011001100010000000
11100110001111110101100111001101
00000000001101000001110001010100
00110110101101111001110010111100
00000000001001110111101111001111
01000001000000111001001010110001
00000000011100101111100000110110
11010100001111010110000101011100
00000000001001110010101000000100
11101011001111110011010100000110
00000000001010010110110000001101
11010001011001111101110101101110
00000000000101101110111100001001
00100110000110010111010110111010
00000000000011000101101100011110
00001110000001101011001001000101
00000000000000010101110100001000
01001111001110000111001100100001
00000000000101101000100000110000
10101010111110000001100010101101
00000000010000011111111100100111
10101011000100001010000110011100
00000000001110110100011001101000
00111001011001010101110011101110
00000000011011110110100010111011
10000010011011011011100000000010
00000000001010011000100100001101
10101001011001110111100011100011
00000000000000001000001100010001
00010101101011100111000010001001
00000000011111110001111100010100
10000000011101010010000110111110
00000000001111100010111000111101
00101101001101010010101111101111
00000000011101011010011101110000
10111011101000011110101001001001
00000000001000000011100010101100
01101011111000110011101111100010
00000000011101100000000010110011
10000101100110101001010110000101
00000000001011010111010111000100
11110000011100011101000111001101
00000000010110100101110010110111
11101111011101111110010101011010
00000000011101100010010011101000
01010000101101001010010100100111
00000000010110100101110001101001
00110010111100001011100100101000
00000000000110000101110000101011
01111101011000110001101011101101
