01111111110000000000000000010011
01111111110000000000000000010011
01111111110000000000000000010011
11110111000000000010011100000111
11000110011000000010011000100111
00001001000100010000101001010011
10001010001000000010010000100111
00001000110000110000011101010011
10001110010000000010100100000111
01001011010000000010111100000111
00001000001100011000100001010011
00000000101011110000011011010011
00000000100101011000110001010011
10110110100100000010101000100111
00000001110000111000110001010011
00001000011001011000101001010011
00111100000000000010001100000111
10000110010000000010001100000111
01111010010000000010110100000111
00001000110001111000001001010011
11111110000000000010101000100111
00001001111000110000111011010011
00001001000111111000010101010011
00001001101101011000100101010011
01010100000000000010111110000111
00000001110011001000110011010011
00000001100000110000001001010011
00101111101000000010000000100111
00000001110001110000100001010011
11111101001000000010011000100111
11001011110000000010100000000111
00001001100100101000010011010011
00001000101100011000100101010011
11110001100000000010110110000111
10111111000100000010111000100111
00110110101000000010100000100111
01110001100100000010000000100111
00000001000001111000011011010011
01111010010000000010010110000111
00000001011001001000011101010011
00001001100101101000011011010011
00001001101111011000111011010011
01011011011000000010101000100111
01010010110000000010010100000111
11110001101100000010010000100111
00101010111100000010111000100111
01000011010000000010101100000111
11100111010000000010011010000111
11010111111100000010000000100111
11011100000000000010100110000111
00000000111010100000010001010011
00000000011010101000111101010011
00001000111100000000010011010011
00001001001110110000101111010011
00000001111001100000101111010011
00001000000111101000010001010011
00000001111000111000100011010011
00000001101001001000110001010011
00001000110010110000100001010011
00001101100000000010000010000111
00001001010101101000011101010011
01101110110100000010000000100111
01100011111100000010010000100111
00001000111111010000101001010011
00000001010010110000010011010011
11011011100000000010000000100111
00001001100110001000011011010011
00111101110000000010101000100111
00001001101010001000101111010011
01011000100100000010001000100111
00111011111000000010101000100111
10000111111000000010000000100111
00000001001001100000001111010011
10010000001100000010111000100111
00000001000011110000100101010011
00000001110111001000010011010011
00111011100000000010000010000111
10011000111100000010111000100111
11000001001000000010001000100111
00000000011111010000011011010011
00000001010101101000001101010011
00001001101000010000010101010011
10110101000000000010101000100111
00001000110010101000010001010011
00001000010111010000100111010011
00001001010000011000000011010011
00000000010010111000110001010011
00011110100000000010110000100111
00001001011010001000101111010011
00000000111110001000011011010011
00000001100001111000100011010011
00110011011100000010101000100111
10010001010100000010001000100111
00001001010101011000011101010011
00001000110000001000111001010011
00010101011000000010000000100111
00000001000010100000110001010011
00000001100100101000100011010011
01000011100000000010110000100111
01100110100100000010101000100111
00000001010011000000100011010011
10001100000000000010101110000111
01010000010000000010011000000111
00001001011100110000001111010011
10011001011000000010101000100111
00001001011101010000101111010011
00000000101010111000110001010011
11111100010100000010010000100111
00001001100000000000110001010011
00111010000000000010111110000111
00000000001101001000011111010011
00001001001101011000011101010011
00000000001010010000001001010011
11000000000000000010111000000111
01110110010000000010100100000111
00001010110000000010010100000111
11101001011100000010110000100111
01111001000000000010001000000111
01011011110000000010110010000111
10011101011000000010000000100111
11101000000000000010010000100111
10101010010000000010110000100111
11100010000000000010110110000111
00000001111011110000001001010011
11011111101000000010011000100111
00000000011001000000010001010011
00000100000000000010110000000111
00000001111000110000010111010011
00101101010000000010010110000111
00001000000000100000100011010011
10110101000000000010110100000111
00110111101100000010101000100111
00001001101101101000111001010011
00001000110000000000101001010011
00001001000010101000101011010011
00001001100010001000110001010011
11110010000000000010001110000111
11010101000000000010110100000111
00000000000100000000100101010011
00001001100010100000111111010011
00001001001100001000110001010011
00100111000000000010000100000111
00001000100000011000011101010011
00001001110101011000111101010011
00000101111100000010100000100111
00000001111111011000110101010011
11010101111000000010101000100111
11000000110100000010010000100111
00101011110000000010010110000111
00000000001100001000111111010011
11100111100000000010000110000111
10111010010000000010011100000111
00000000001011011000011101010011
00000000110011111000010001010011
00001001111010011000000011010011
00001111010000000010011010000111
11100111111000000010000000100111
11011000110000000010001100000111
00010000010000000010100110000111
10100111001000000010111000100111
10110100100000000010001000000111
01010010111000000010001000100111
00001000110000000000111111010011
00000000011111111000101111010011
00000001010101010000011111010011
11011000110000000010001000100111
11110101110000000010010110000111
00111101010000000010110000000111
00001000110000101000011011010011
00001001001011110000111011010011
00001001110001101000011011010011
00001000010011100000110101010011
00011011110000000010010010000111
00000001100100110000011011010011
00000000000011100000111001010011
00001000001101001000011011010011
00000101100100000010110000100111
00000101010100000010101000100111
10111001101000000010000000100111
11111001010100000010011000100111
00000001010001110000100011010011
11110001000100000010100000100111
00001001001101001000111101010011
00001000100011111000111111010011
00000001111000000010101000100111
00000001001101100000100011010011
00000001010100110000010011010011
00001001010101010000011111010011
00000001110110111000111101010011
10001110010000000010001010000111
00000001111100000000110001010011
00001001011001011000111111010011
00101101110000000010100000100111
01110010110000000010101010000111
00111010111100000010001000100111
00001001001000000000101111010011
10111110110000000010001100000111
10111010000000000010100010000111
00101011000000000010100100000111
00001001011100111000110011010011
11001010110000000010011010000111
00000001111100111000100111010011
00000001001101111000001001010011
00001000110111111000110101010011
00001001011011001000111011010011
00110101000000000010110100000111
00101111111100000010010000100111
00000000001100001000100011010011
00000001011011001000101011010011
00001001100000011000001001010011
01111100111000000010111000100111
00001001001000000000111001010011
00000000000100011000110011010011
01001101000000000010010110000111
00000000110100100000010101010011
11001000010100000010010000100111
00001001001111100000011011010011
00000000111110110000001101010011
00000001111001000000100001010011
00100000100000000010011110000111
00001001000000100000011011010011
10101100001100000010010000100111
00000000001001011000111011010011
00000000001110011000000011010011
00001001000000111000010101010011
00000000101001111000011111010011
00001000101010110000011001010011
10111000011100000010111000100111
00000000011010110000010101010011
10000111110000000010110110000111
11101000110000000010001000000111
00000001111110100000011001010011
11111100100100000010001000100111
11010010000000000010001000100111
10111000110000000010100110000111
00001001011100101000110011010011
01001001101100000010001000100111
00000001100111011000110101010011
10101010110000000010101110000111
00111010000000000010101000000111
00001000011110111000110011010011
00001000110100000000100101010011
11110000000000000010011000000111
10010100010000000010011010000111
00000001101001100000001001010011
11010110001000000010001000100111
11011011110000000010111100000111
00000000110111001000110101010011
11010110101100000010010000100111
00000001001101101000110101010011
10101011100000000010000010000111
01011100000000000010100010000111
00000001110010100000001001010011
00001001001111010000100001010011
10010011010000000010000100000111
00000000100100101000010111010011
00000000100101100000110101010011
10110111110000000010001110000111
00000000010100000010010000100111
00001000010100101000101111010011
00001000001010000000101001010011
11101011100000000010001000100111
00000000110001110000100001010011
00001000000101010000001111010011
10010111000000000010001000100111
00001001100101010000100111010011
00001001111011000000110101010011
00000001101011001000010111010011
00000001011000000000111001010011
00001000000001010000100001010011
01100011010000000010111000000111
10011101000000000010101000100111
00000000010011001000010101010011
10010000101100000010110000100111
00011110010000000010110000100111
00001001000110010000111111010011
00110100001000000010111000100111
10011100110000000010010000100111
00001001000011111000111001010011
00000000010001000000101011010011
00000001000011101000011001010011
00000000101010011000000111010011
01011101110000000010100010000111
01001111000100000010011000100111
01000101000000000010101100000111
00001000100001010000010001010011
00001000011101001000010111010011
00001000110000010000100101010011
00010000101100000010110000100111
11011000000000000010110000100111
00001001100000000000111101010011
00001000110001011000010101010011
01001111110000000010011010000111
00001001000111111000111111010011
00000001000110001000010101010011
00000001100001000000111111010011
01111100101000000010011000100111
11011101110000000010011000000111
11111110110000000010110000000111
01100100000000000010001000100111
11100101011100000010001000100111
00001000110011000000010001010011
00000001110001111000001001010011
01110001010000000010011010000111
00000001110110010000000011010011
00000000110011011000101011010011
00000001110111111000111001010011
00000000010110110000010111010011
11101101110100000010010000100111
00010001101000000010100000100111
00001000100011001000100011010011
11100010011000000010000000100111
00001000001001111000100101010011
00000000001110000000100111010011
00000001001100011000011101010011
01011101000000000010011110000111
00000000001001100000111101010011
00000000010110000000000011010011
10101011011100000010111000100111
00001001010000100000001111010011
00000001100100110000000011010011
00000000011110101000111111010011
00001000100000100000111011010011
10100100111000000010111000100111
00001001101011111000101001010011
11010100000000000010111100000111
00001110111000000010001000100111
00000000010100111000110101010011
01001100010000000010010000000111
00100101111100000010011000100111
00000001111100100000110101010011
00000000010110001000010001010011
00000000001011010000101101010011
00001001110110111000110001010011
00011101111000000010000000100111
11001100000000000010101110000111
00001001010110001000111011010011
00001000110010011000100001010011
10011001110000000010011000000111
00001001010011101000100101010011
01011101001000000010111000100111
01010101111000000010001000100111
00001001110111000000100101010011
00000000010010000000000011010011
00000001011110111000010011010011
00000001100110100000011001010011
11110011000000000010010100000111
00001001000011110000100001010011
11001100000000000010101100000111
00001000101101101000010111010011
01111000110000000010010000100111
10010000010000000010111010000111
00001001101011010000101011010011
00001000111011101000110001010011
00001000100000010000101111010011
00000001100110001000110111010011
10101111100000000010101000100111
00100000010000000010010100000111
00101111010000000010001000000111
00001001100011100000111101010011
00001000001010111000100011010011
01010000010000000010101110000111
00100010110000000010010100000111
01011111110000000010101110000111
11111110000000000010101100000111
00000000011011111000000101010011
00000000101010111000010001010011
10001010110000000010110110000111
00001000100100000000001101010011
01110110010000000010110110000111
01001111100000000010101000100111
00011101100000000010100000000111
01010110011100000010100000100111
00000000100111000000101001010011
10011001001100000010100000100111
01000100000100000010101000100111
00001000000101001000001001010011
00001001001111101000011001010011
10110101010000000010001010000111
10011100000000000010011000100111
00000000011011001000010111010011
11110001010000000010010000100111
11001111100000000010100100000111
00001001101000000000100101010011
00001000001000001000110101010011
11000101010100000010110000100111
00000001001001000000111001010011
00010010110100000010100000100111
00000011111000000010110000100111
00001000111100111000100111010011
11001011010100000010111000100111
11100011000000000010011010000111
10001110000000000010101010000111
00001001111001110000110111010011
00000000010101010000011111010011
10001111000000000010111000000111
11100101010000000010110110000111
01100100110000000010111010000111
01010100011100000010100000100111
00111011010000000010110000100111
11110110100000000010000010000111
10010011111100000010001000100111
00001001000100000000110011010011
00010111100000000010111110000111
00000001101110001000010101010011
11000100010000000010111100000111
00000001011111101000001111010011
00000000110010011000111011010011
00001001101001010000111101010011
00001000010001011000101111010011
01101110010000000010111100000111
00000001001010100000100001010011
00000000110001110000001011010011
01001100100000000010111000100111
11001100000000000010010010000111
00000000011100000000010101010011
00001001011010011000001001010011
01010101100000000010001010000111
00001001101001101000000011010011
00000001001011011000111101010011
00000000001001000000110001010011
11001100010000000010111110000111
00000000001100100000001001010011
00000000001001001000101101010011
00000001000100011000111111010011
01111100111000000010000000100111
00000000101111101000100001010011
00000001001100101000010001010011
01000000000000000010001010000111
11111111000100000010001000100111
00001001010000000010011110000111
00001001101111100000110101010011
00000001011110011000101111010011
10000101010000000010000000100111
00001001110011100000000111010011
10010100010000000010100100000111
00001000000000110000001111010011
00000001110100100000001011010011
00001001000100111000101111010011
00001000010000011000010001010011
00001000011001010000101011010011
11111001010000000010001000100111
01111010000000000010010000000111
00000000111010110000111101010011
00000001110000100000011001010011
01110100101000000010000000100111
00000000101110011000101101010011
10101000100000000010001100000111
00000001011001100000111011010011
00001000110000111000011111010011
01010110011000000010110000100111
00000000001100111000111011010011
00001110100000000010110100000111
10110010011000000010110000100111
10110000110000000010100000100111
11000111010000000010101000100111
11001101100000000010010100000111
01111110000000000010000000100111
00001010000000000010100000100111
00001001001111011000011101010011
00100001010000000010110000100111
00000001011010000000010111010011
00000000100101000000101011010011
10010000000000000010010000000111
10011010100000000010001100000111
00001001011101010000110001010011
00000001011001100000011101010011
01001010001100000010001000100111
11010110010000000010110000100111
01101100001100000010110000100111
10101110100000000010111110000111
00000001000110111000100101010011
00000001001111100000011111010011
00110011110000000010010100000111
00000001101100111000010001010011
00000001000011100000000111010011
00001000011000010000111001010011
11010010101100000010000000100111
00000001101000000000011111010011
00000001001110100000000101010011
10001100001000000010101000100111
00001000111011100000010001010011
10011011110000000010111000100111
11000000100000000010001110000111
01001001100100000010000000100111
00001001110101010000101001010011
00000000100010000000100001010011
11101101111000000010001000100111
11011110100000000010000000100111
00101100000100000010111000100111
00000001001010000000011111010011
00001001000010100000110011010011
00111010101000000010000000100111
00000000111001100000111001010011
10001110110000000010101010000111
11111111110000000010110010000111
00000000100011110000010111010011
00000001011111110000100011010011
00010101110000000010001000100111
00100001100000000010000000100111
00001001100001101000111001010011
00001000101000101000101001010011
11001001010100000010100000100111
00001000001010111000011011010011
01110101001000000010100000100111
01001101000000000010010110000111
00001001011000100000001101010011
11110100100000000010110110000111
00000001010011001000110111010011
00001011000000000010110000000111
00000001011111001000001101010011
00000001011011100000010011010011
00001001001110011000100011010011
00000000001111011000010011010011
00001100010000000010010000000111
00000001101101000000001001010011
01100010010000000010001000000111
10110111000000000010100110000111
00001000010101111000100111010011
00001000010010101000001011010011
00001000111001100000111001010011
00001000111010100000110101010011
01100000011100000010000000100111
00000001111001101000111011010011
00000000111111010000001001010011
00000001101101010000100001010011
01101111101100000010011000100111
10111101010000000010000000100111
01011100010000000010100010000111
00100101010000000010110110000111
10110001101000000010011000100111
00001001100011010000001011010011
00000001000001011000010011010011
00001000001001111000011001010011
00001001101000100000010111010011
00101010100100000010010000100111
00110000100000000010101000000111
00000000001011110000011011010011
11111101100000000010010010000111
00001011001000000010011000100111
00001000110100101000101001010011
11010011100000000010001110000111
00000000100110000000101111010011
00000000000010001000101111010011
00000000001101100000010011010011
00001000111111111000100101010011
00001000111010111000001011010011
00001000100111011000000101010011
00000001011011001000100011010011
11111110100000000010001110000111
00000000110101000000001011010011
10001011010000000010010000000111
00110111000000000010000010000111
00001001110001111000011101010011
11010011000000000010100000000111
11001100100000000010001000100111
10101001010000000010101000100111
11000011010000000010101100000111
01100101010000000010000010000111
00001001001000001000000011010011
00101000111000000010000000100111
00000001110011111000001001010011
00101001000000000010110100000111
00001001000101011000010111010011
10010011100000000010100100000111
00001001000111011000111001010011
11010110110000000010011110000111
01011000111000000010111000100111
00001000101000001000000011010011
11001000110000000010100000100111
00001000111001000000011001010011
00001000100110101000101111010011
01101010111000000010011000100111
11101011100000000010110000000111
00001000101010111000110011010011
00000000101000111000111111010011
00000011110000000010110000100111
01100010100000000010001110000111
00000001011110100000100011010011
00000001011101100000000111010011
00000000000101111000110001010011
01010100110000000010101110000111
10011101010000000010011100000111
00000000011110111000111101010011
11111100100000000010100010000111
00011011000000000010010100000111
00101011100000000010010100000111
11101110011000000010100000100111
10001000100000000010011000100111
00000000001111000000111101010011
10011101100000000010101000000111
00100010110000000010011000100111
00000001111110101000101101010011
00000001010111011000010001010011
11111011111100000010001000100111
00010110110000000010110000100111
11001001010000000010100110000111
00100010111100000010011000100111
00001001010110001000100101010011
10101100100100000010010000100111
10110001000000000010100000100111
00001000000111010000100111010011
11100000011100000010000000100111
10101110000000000010111000100111
01001110101000000010011000100111
00101101010000000010101100000111
00001000101001111000100101010011
10000111110100000010110000100111
00001001000001111000110001010011
00001001011000111000011001010011
00001001001111011000000111010011
10101000100000000010100010000111
01011000010100000010111000100111
10110111000000000010001000000111
00111111111000000010000000100111
00000001001101011000011101010011
00000001011010111000111011010011
00000001100100100000001101010011
00000001111010101000000111010011
10001000101000000010100000100111
00010110100100000010100000100111
11011100110000000010100010000111
00111001000100000010011000100111
00000001001001000000100011010011
00000001101101010000100101010011
00000100001000000010010000100111
01111110000000000010101100000111
11010100001000000010110000100111
00000001000000000010011000000111
00001001110101100000100011010011
00001001010110001000000111010011
00000000010111110000111111010011
10100101100100000010101000100111
00000000001011101000000011010011
00001001111000101000101011010011
11001110101100000010011000100111
01010100111000000010000000100111
00000001111100110000000011010011
00001001111001011000100001010011
00001001001001111000110011010011
00110011000100000010011000100111
10001100010000000010010110000111
01001111001000000010101000100111
11011010110000000010111000100111
10101111100100000010101000100111
00000000001010110000111001010011
00000000101100100000111001010011
00001000000010101000101011010011
10001100100000000010010010000111
10101111010000000010111000100111
00001000010001011000101011010011
11110011110000000010100010000111
11101101100000000010011000000111
11001011000000000010111100000111
00001000010010100000100011010011
00001011100000000010011000100111
00001101001000000010111000100111
10111101110000000010001010000111
00001001010101000000110111010011
00000000111110000000100001010011
01110010011100000010011000100111
00001001101011000000110101010011
00011110000000000010100010000111
11100011110000000010010110000111
00001001001000111000000011010011
00001001011010011000000111010011
10101100111000000010101000100111
10011001001000000010101000100111
00001010011100000010011000100111
01010111000100000010000000100111
00001001010011001000010101010011
01001111000000000010110010000111
10100011000100000010101000100111
11000100001000000010011000100111
00001000100110011000110111010011
11000101100000000010101010000111
11110010010100000010101000100111
00111100000000000010101000100111
11101110000000000010100100000111
00001000111100000010000000100111
00010100000000000010100100000111
00001001011010000000101101010011
11000000101100000010111000100111
00000000010100110000100101010011
11001111111100000010110000100111
11100001100000000010011110000111
00001000000010010000001101010011
00000001110101110000001011010011
00001000101000000000110111010011
00001001100101011000111001010011
00001001110111101000000111010011
01000000110000000010010100000111
00000000100000110000100111010011
01001001000000000010110100000111
11101101010000000010111000100111
10100101100000000010011100000111
00001000010001111000110001010011
00001000100110100000010111010011
01010011100000000010110100000111
11100001000000000010111000100111
01110010000000000010101110000111
10001110110000000010010010000111
00101111110100000010010000100111
00101101001100000010001000100111
00000000010101100000111011010011
01100100000000000010001100000111
11010010001000000010100000100111
00001001101111011000000011010011
11001001110000000010111000100111
00000000011010001000011001010011
00000001011000110000111011010011
00001000101000111000011111010011
01010010010100000010011000100111
11000110100000000010100000000111
00000000101001110000001011010011
00000001001000101000101101010011
00000000101100010000000111010011
00001000010100000000010111010011
10111000010000000010111110000111
01000111110000000010111010000111
01100111000100000010000000100111
00000001101101111000100101010011
11111101000100000010011000100111
00010100010000000010001000100111
10000010100000000010111010000111
00000000110000101000001101010011
00001001000001000000000101010011
00001001100101111000111111010011
00001000110111010000100001010011
00000000011110011000111111010011
11000011100000000010100110000111
00001001000111001000111101010011
11001010100000000010010110000111
01100101000000000010001010000111
01011111100000000010000110000111
00100100010100000010111000100111
10000001110000000010010100000111
10111001100000000010001110000111
00000001100010111000111001010011
00001010100000000010011110000111
11111000100000000010100000100111
00001000010100010000111011010011
00001001100010010000011101010011
00001000001111000000001011010011
01100010110000000010001000000111
00000000000010010000011011010011
00010000001100000010101000100111
00000100010000000010110000100111
00001000000100000010010000100111
10011010001000000010000000100111
00001001111011101000001001010011
00001001001111100000111101010011
00000001001111111000010101010011
00001000110001111000001101010011
00001101100000000010111100000111
00000001001100100000011001010011
00001001101111100000110011010011
00001001101010001000011101010011
00000001001111010000100001010011
00000001001010111000011011010011
00101010110100000010110000100111
00000000111111011000111101010011
11000110100000000010100000000111
00110011001100000010100000100111
00001000100111100000001001010011
11001010100100000010011000100111
00001001010011010000000111010011
00000001011110100000011101010011
11010111010000000010010110000111
00000000011001000000110001010011
10101001011000000010100000100111
00000000011110010000100001010011
00011000010000000010010000000111
00001001001111011000011101010011
00001000011000010000111101010011
00001000100100110000000101010011
00001000100000110000100101010011
00111010000000000010101000000111
00000000001011000000101101010011
11111001110000000010101010000111
00001000110110000000001101010011
00000111110100000010100000100111
11111111101100000010000000100111
00000100111100000010000000100111
10001110100000000010001100000111
11011111101100000010100000100111
00001000010001001000010111010011
00000001100001111000011011010011
01010101110100000010001000100111
00001001110111110000110001010011
11001111010000000010010100000111
00101100101000000010100000100111
00000001111001100000111111010011
10100101100000000010111000100111
00000000100111001000111011010011
00001000100101010000000011010011
01101110010000000010110010000111
10010110010100000010001000100111
11000111000000000010110000100111
00001000100010111000100111010011
00000000110011000000100111010011
00001000011100010000000111010011
00001000011001011000100111010011
10010101101100000010010000100111
00011100010000000010110100000111
01100001010000000010101000100111
00001001010100100000101001010011
00001000101001110000110011010011
00000000100100000000100011010011
00100100110000000010111000000111
10100000010000000010010110000111
01101000001100000010011000100111
00000000011001100000001101010011
00000000101010100000000011010011
00001000001100111000100101010011
00000001001111000000001111010011
01010000000000000010000000100111
00000001100101100000001111010011
01010111101000000010000000100111
01101101011000000010110000100111
00001000110101100000100001010011
00000100100000000010000100000111
00011000001100000010100000100111
00001001100011110000000111010011
00000001111000111000101011010011
00001000010110000000011101010011
00001000101011010000110011010011
00000000111100111000001011010011
00001000111111101000111111010011
10011111000000000010101100000111
00000000100001100000010101010011
00001001010011110000011111010011
10001110110000000010110010000111
10111001001000000010001000100111
00000000001110001000110101010011
10001101010000000010001010000111
00000001111100110000001011010011
10011110010100000010101000100111
00001000010001001000001001010011
00001001101111100000010111010011
11000010110000000010101100000111
11000010101000000010001000100111
10111001000000000010011000000111
00010110100000000010100110000111
10000000001100000010101000100111
00001001111110100000000101010011
00000011001000000010010000100111
00000001011110001000101111010011
00001001001000010000000011010011
00001001111000110000011101010011
00001010001100000010110000100111
01101101110000000010111010000111
00001001100110110000001011010011
00001000011001011000000101010011
00001000101011011000000101010011
00001000000111111000001001010011
00001000111001010000110111010011
00000001100110001000000111010011
01000111001000000010011000100111
00101001110100000010000000100111
00111110110000000010111100000111
01001101111100000010111000100111
00001001001100110000100011010011
11101011110000000010110000100111
00011100110000000010001000100111
11000011010100000010000000100111
10111101100000000010110000000111
00001001000101101000111011010011
01101100000000000010101010000111
10110001110000000010101110000111
00000000110011100000110111010011
10001100110000000010110110000111
00001000110110110000001111010011
00000000001000101000011011010011
00000000101100000000101011010011
00000001001101111000100011010011
00001000011100100000110001010011
00001001011110001000001011010011
00001000000101110000100111010011
00000000010100000000011111010011
00010111011100000010110000100111
01100010110000000010100100000111
00000000000000110000000111010011
00001000100001110000010011010011
00000001011011011000101011010011
00000001110100011000100101010011
10011001100000000010100110000111
00000000110010000000011101010011
11001010110000000010001000100111
00001001100111000000100101010011
00110011000100000010010000100111
00000000101010011000011111010011
11010011010000000010000100000111
00000000110000011000011001010011
00000000111111100000100001010011
00001011010000000010111110000111
11100100100000000010001000100111
00000001011010011000000101010011
00001001101001010000110101010011
11010110111000000010010000100111
00000001001010000000110101010011
11111111110000000010101100000111
11001001100000000010111110000111
00100101011000000010100000100111
11101110100000000010101000000111
11010110110000000010100110000111
01111100001100000010111000100111
10010001000100000010100000100111
10111001111000000010111000100111
11111110010000000010010000000111
00001001110100100000110001010011
00001001110000101000001101010011
01101100000000000010101100000111
10110110110000000010000000100111
10010100100000000010111000100111
11000110101000000010100000100111
00100111000000000010101100000111
00010101100000000010101010000111
01000011000000000010110000100111
00000001100000100000110101010011
00000010011100000010010000100111
11000111100100000010010000100111
10110000000000000010011000100111
10110011101000000010101000100111
11100100110000000010100110000111
10101101100000000010010010000111
00001000010010111000110111010011
11100110011100000010011000100111
00000001010011010000000101010011
00100101010100000010011000100111
00001000101000010000110111010011
11010000000000000010111000100111
01011110011000000010101000100111
00000001110001001000001111010011
00001000000110011000000111010011
00000000010101111000001101010011
01110001100000000010111000000111
00111101101100000010110000100111
00001001111101011000101001010011
10010101110000000010110010000111
00001000111011111000011111010011
00000000111010011000010111010011
00001001101100101000001101010011
00001000011100010000011101010011
11000001100000000010100110000111
10111001100000000010101010000111
10111001110000000010101000000111
00001001000100000000010111010011
00000001111000011000000111010011
00000000010111111000111001010011
00001000110000110000101101010011
11111010110000000010111000000111
11000011110000000010011000100111
00001001101000100000100011010011
00000001011000100000111101010011
00100010010000000010010000000111
00001001001111000000011101010011
00110100110000000010001010000111
00000001110010101000111101010011
11010001000000000010110010000111
00000001111011110000101111010011
00000001111111011000111011010011
00000001111011100000110111010011
00000000000100101000101111010011
10000001110000000010000110000111
00000000000110101000110111010011
00001111011100000010110000100111
00000001110001001000101101010011
00000001111101110000101111010011
00001000010101010000011011010011
00001000110001100000110001010011
00001000100001000000110011010011
10100111000000000010100100000111
00001000010001010000011011010011
00001001001000110000011111010011
00001001011101000000111001010011
10100011111100000010011000100111
00001001100110011000001011010011
00001000000110001000001101010011
00101100000100000010011000100111
00001000011100100000001101010011
00001001101101001000011011010011
00000001100011111000100101010011
11010010010000000010100100000111
10010001010000000010010010000111
10011011010100000010011000100111
00001001101110110000110011010011
00000000111011110000111011010011
00000001011100110000101101010011
00001001111010001000010111010011
10110110000000000010010000100111
00001001100110111000001011010011
00000000101100010000101011010011
00001000000000101000001011010011
00001000010100100000100111010011
00110110110000000010011000100111
01010001000000000010101110000111
00001001000100100000110101010011
00001000011010111000110011010011
00001001101101110000001011010011
01100000101100000010001000100111
00100101000000000010010100000111
00001001100101100000011101010011
00101001000000000010001010000111
01101011111000000010101000100111
00000001101010100000100011010011
00001001111010101000000011010011
00011101010000000010100110000111
00001001111010111000100001010011
00001001010110001000010001010011
10011011110000000010010000100111
00001001010111001000100001010011
00101100100100000010110000100111
00001000000000000010011000000111
00000001010100111000001111010011
10100011100000000010101000000111
00101111100000000010001010000111
01000100000000000010111000100111
11111011101000000010001000100111
00000001001011111000101001010011
00001000100000100000100101010011
10101010100000000010000010000111
01101010010000000010110000100111
00000000000000000000000001110011
00000000000100110000001000000101
10001101100111001110111001001001
00000000011000010001011110111001
00000111000111001110100101011110
00000000001011011010010111011001
11110011101110101100100100000000
00000000011001011110011001001111
01101000010001010010100001110000
00000000010000110010110100110011
01000001101001001000110011110000
00000000011111011100100000100101
10001110010010101110011001000010
00000000010011000000001111111110
01100011101001011000111010000100
00000000001001010001000100000000
00100110101100010100010110011010
00000000011110000001110000011110
01111011100011100110001110101101
00000000011111100010000101011000
10001010000011011111000110010100
00000000010000011101111111011001
01101111001011010000000100110100
00000000010001010000010001010011
01110100000101100100000111101110
00000000010111010110101101101101
11111000010101111100100001100000
00000000001011011000110000110100
00111001010011101010001101011100
00000000010101110011000011111110
10001001010100111001001000101010
00000000011010011101110111011000
00001011101010010101111010010111
00000000000111100101111111110111
10111011110111011001110011110000
00000000010100100010010000110100
01110001101110111010011110111010
00000000000101011110000010110010
10111110010100011101111100101111
00000000001001011001111001111001
01011100111110000110010001100110
00000000001000001111011010111011
10001100100111010100111110001101
00000000011000100010111011000001
11000011010001001010011011100000
00000000000110011000011001101011
01111010000001011001111010110010
00000000001100000101001001001100
00110110111001101011111000001011
00000000011010100111110001111100
00101010101101000101001011100101
00000000010001110011001100100001
11000010001001100101110000011000
00000000011110110001101100101100
10001010100111110110011110001001
00000000011111000011111100001011
01011101101010101011100111110101
00000000001100011010010000110011
01111001011111001111011010011100
00000000011100010101011110110110
00101110111000011110110001111111
00000000010010010011011000000111
11011011000101100101100110001100
00000000011100111011010000011101
00001000001100111110011100111001
00000000001001011011010101011110
01001110101110011010110010101100
00000000010100001011100010000110
01011101100011000110010011010101
00000000000010101110011110001100
11111000101001001110011111111111
00000000011111000011101010110000
11001110001001011011110011011100
00000000011010001001001101010110
01101001100111000011001001010111
00000000010000100111110010111000
01000111010111001110010010110111
00000000000111100111001000010111
10100011110010110010111010100100
00000000001100100110110010010011
01000100101000001011010011111010
00000000011011001111110101111010
11100110101101101111111101111110
00000000000111001101101011101000
10111010010111111000111000000101
00000000001010111000011000100000
10100010010011011011110110100010
00000000001000110000100100000101
01011010101010111000001011010000
00000000000001111001100110011111
10101100111100111011000111100111
00000000000110011011111010010110
01010011001110101000000011110010
00000000010101010110110001101101
00010010110100100101110010010011
00000000001010100101110111111000
10010010010100110100101111000111
00000000011100101110111010111000
10110011100100101110010010111001
00000000001010010001010011000101
10010110110101100001000101001100
00000000011000000000010101100001
11110111000001100001001010100111
00000000001010001000011110101101
00010111110011110101011101010010
00000000011010010100011101010101
10110100100001111011111010000110
00000000001011010001111011101001
10101100111010110111101001101000
00000000011100101111001011011010
00101101001110001001111000100110
00000000010100011111100000111101
10110100101010100001010001100110
00000000010001110010010101111010
11010010111100011001111010011110
00000000010001011101000010010110
11111010010101110100111100111110
00000000000100100000011001100101
00100100001010001011100010111111
00000000010100000101001001011110
01110000011111001011001001101011
00000000011100011010111011011000
00100110011110010101010011110001
00000000001101101101101100110101
10010100100000111000000111011001
00000000000010110110010111000000
01001000010001100001100011110010
00000000011001111111100101010010
01111011001000011001011110111010
00000000000011010010010000111100
00001100011000100111000111000110
00000000010101001010010111110110
11110110101101000100010010100000
00000000011100000101100001001000
01110100101000001110000011001010
00000000010010110001001100010001
00100010010010100011011011000110
00000000001000100100011111010101
00001001100010011001000101110010
00000000011101000011100101100010
01100001110100001101001100001010
00000000001111111000111100111110
01100110110001010001100111100101
00000000000100011010100010101010
10110011010110011001010010000101
00000000000101000101000110001011
10000010111110111010101100010100
00000000011010011101110111100110
11110110111101010100101110011100
00000000000100100000000101011000
10100111001001100100011111010101
00000000001110110110101011100111
00001000000001110011010010001101
00000000001111101111101110111111
11110100001101011001010001011011
00000000010001100001100101010111
01010111001001001000010111101000
00000000010100001000111100001111
00010010011101111000111011000100
00000000011111011100000001010100
00100110101110100001001011110110
00000000001011001001110101011011
01000100001000101111101101000000
00000000001101101011101110010010
10000000011101110101111100010100
00000000000010001101101101011110
00101010010010111101111101100101
00000000001001011111000100101010
10010000110101000100110001100010
00000000010110001010111010001001
00001100011001111110111000000100
00000000001111110110110110110001
11001100101011010111100100010000
00000000011100001000110001101101
10011110111001111110011010010101
00000000001110001000011101101011
00001110011110011000000000100011
00000000000011011010110010101010
00101111101101101000111111010101
00000000000010010010001110000101
10010110010011011100110111001001
00000000001011011010000001100101
00001100111110011110001100101001
00000000000100010010110110011001
10001110110000011011011011111100
00000000001000100010110101000011
11101100010010101011111010110011
00000000001110100101100110001111
01100100110110111100011011011110
00000000000001100010000001000011
00111010000110011101111001001110
00000000000001110111100011101111
01111011111001111001101111100011
00000000000000011011010001101011
00100100001111001000111110001011
00000000010101101001110001010110
00001010011010001010100001110001
00000000001010110100100101111111
01101001101001001101100000100011
00000000001101101111000110101111
10000011100110001110011001011110
00000000000010110011110001101110
11011111000100001101000010101110
00000000010011110011111100101001
10001101000110011110001010100101
00000000001011010100010011010011
11010111010011111110011100111110
00000000000110000101011100000001
10010111010000001000101110001100
00000000011101100100110101001111
10011111001101011001111101011100
00000000011010101111000011101100
01110001110101110110000010110011
00000000001101111100101110101111
00001101000111001010001100101110
00000000011010011010111011110001
01001001101001001111110110111010
00000000010010000101101001010111
10100001001000000000000011010110
00000000001010011000110110001000
01011001010100101011010100111101
00000000011001111010101100100110
10111010100000010000101111111110
00000000001011010001001100000111
00010111010100100000010001000011
00000000011010000101100010111010
00000110010001101011001110110001
00000000010101111101111111100000
11100011101110010111111100001111
00000000001111100100110111110111
11010010001000001011111010110100
00000000011111110001110011001111
10101010111000001010000111010000
00000000000010111000101100010101
10000111111110111000001010110101
00000000000010101011011000111100
10001010101101011011001010001110
00000000011010001100110100011110
10001101001000010111011101010010
00000000011011101100001101011110
11110000111011101010001010011100
00000000000110011001100000010100
10000101100111101001111110001010
00000000010001110010100010010101
00011100111010100110000111011001
00000000001011110010001001001110
10110001010001110000011011001011
00000000011000001110100010111110
10011001010001000010011110111111
00000000000000110011001111011101
00101100001000011011100100110100
00000000000111001010111110000101
10010001000001100010100011101111
00000000000011010110011010100100
01000111110001001000001010110010
00000000010101000111010110010111
11000011111111101110011011111100
00000000011111101100010100011001
00001001110110111001001011000110
00000000000111000001011010000100
00001001110101110101100101001111
00000000000100001011010010011101
00011000110101110110110101101100
00000000000000110101011011011000
11011010111110001010001010001010
00000000010010010010010111111100
01111100100011111100000100111101
00000000001100001100101000011101
10001100100100011110010001100111
00000000000111101000100001101101
00010001110011001011101000001100
00000000000110111011101110010110
11001011110000110010111100011111
00000000001111011010110000000101
00100110010000001101110000000011
00000000010000100101001000010011
11000010110100111010111111110111
00000000001110111101011001101000
01010101101001111010110001011100
00000000000000010101111101010100
10010110111110110110101010001000
00000000000000100101101000010100
11101000110110110100111111111110
00000000010001011110100010011000
10010001000111000101111010010110
00000000011010000000100110110110
10111011000001011101110110001011
00000000000010101011101011010101
01000110111000101010100010110011
00000000000101000100011111001000
11100111011001000010111000000011
00000000010011001110110110100011
00000011010100101101000000110111
00000000010101100110101101100000
11111010101011111100101011010010
00000000010001100100001011010010
00010100100100100011010001101101
00000000001000111001010000010011
11000110011100010011101001011100
00000000010101101111111101110010
01100100011000100101010101010010
00000000000011101010100010011010
00101001111110110001001101011011
00000000010000110100000010001010
00110001000111110001101111011000
00000000011110011010101010100000
00110110001111111000010000001111
00000000011000100100111101111011
00110011101011000010011000001110
00000000010101101000100100100011
01110001111010101000111111100011
00000000000100101110111110000111
11010111100101000110000010100111
00000000010110011010000001101000
10000100100100100011011000100010
00000000011101100101000001100100
10101111010101101110000000100111
00000000001100111011110101100011
10000101111010101101101100000110
00000000010101111011110100100100
01010000000000110100110000001001
00000000011011011100000001111111
11100100011010101010111000101101
00000000011000010110110011010001
01111000011000010001001000011010
00000000010001100101110001011010
00101110110011110111101100000001
00000000010010110110111111111001
01100010010100011101010100101101
00000000011000101011011000000000
01010011111100000111111110101100
00000000001000011100011010111000
10000000010011010010111010010001
00000000010100000001110000001001
00101000001100010010101111110101
00000000010100100011011111001000
00100001100000100101100101010011
00000000001001110011010001001111
11101010111111111110010011111101
00000000001011110011101101111110
11001110000111100010001010100010
00000000011011100110110101100000
00110111010001111101010110110001
00000000010110110110100100100110
11010000111001011001010011000101
00000000001110011111011011101000
00001011000101011010011000100000
00000000000100001010100000001100
01011110110001000011110010010110
00000000001001011101010001010110
10001100001001011011111010100100
00000000011011111001100100011010
10100111001011011111010000000100
00000000010111010100011111010000
00000111011111110111011001001001
00000000011101000001001000101101
00101100010011001000100110011011
00000000001110010101000101011011
00100100001111011011010100011111
00000000000010000001010100101000
10100110110100000011011011100101
00000000011001110110111100010000
00011100101010111000011011111111
00000000011110100110110100010011
10111010111101000010010110110110
00000000001000110110110100110111
01010110101011010000110100111010
00000000000010011010000001100011
10010010100100110111000101111101
00000000010100110010100100110000
11001110110010111001011001010100
00000000010000111101000100100100
11000000001000100100100110101000
00000000010110101000101000001010
00011000100010101100100101111110
00000000000010010011001011010010
00101000101011100010111001011110
00000000000011000111101110110000
11011001101011100111100111000001
00000000000001001101100001110111
00100011001100010111101110011110
00000000001000100100101011010110
10110101111010010110100000111011
00000000011110101101110000110100
00100011100000010001100110101101
00000000010001011110011101111001
01001011010111111110000000010111
00000000010101111010101010011100
10000110001000110111010011101111
00000000011010010100001010100000
10000000001010101100101111100101
00000000001111110101000000000001
00011001011000111111010101110100
00000000011110010011001000000111
11101110100011000100111100100101
00000000001000101000110010100100
11110000111110001101011011101110
00000000000000110110101111100111
01010111001000010000011001011100
00000000001010100001011111010001
01111011100101001110000000000000
00000000000010101111001000010001
01011101110000011000111111000100
00000000011000100110110010001110
11001111011111010001010010100111
00000000001100000000011101111000
11011111100110101001110110100000
00000000010011100111110010101010
11110111000111010100101001110111
00000000010101111100111011111010
00101100000111100001100101110000
00000000000101001000011110111100
10110110010100000110110011000111
00000000000110111001001001000100
11001111000001101001100011110010
00000000001110011101111000001101
01010000010100110100100111110001
00000000001110001011110110111010
11000000000111100001100100010100
00000000000010000100110111100110
01000110011001000110011011000101
00000000011100100111101101100000
00000000000010001111100101110101
00000000011000111100100111000100
11100011100101110111101100011000
00000000001100000100001010111111
01101100010110111110010101100100
00000000001010001100101111100111
01110011011010000100110001101001
00000000001011111110010001001101
10101011101111011100010001110000
00000000011000101100000110101011
11110010001001111111101111101101
00000000011101001001001110011100
10001000110001100101000101000011
00000000000000100111001001110101
01000111010000110111110110001010
00000000000101101001101011011011
01010110110011011000110110011000
00000000000001101000000100011011
10100100000101010010101110110100
00000000011010010111101000111110
10110001100100101111011011110101
00000000011111101000010010000100
10000110111111100001111001100101
00000000000101010000010001110000
01011010001011011001100110111010
00000000001000001000111110010000
00010001110100011111110001000010
00000000000011110000100100100101
01110110100011011101100100101011
00000000010101111110111000000101
01111101000111011110110101110010
00000000011101000011110010011110
00011010111110100001010011000100
00000000010010111100000010011100
00111111010101110011011101010001
00000000010101100100100011100010
01101110011011110011111001000011
00000000010000110101011001101001
10101001000000011101011000110001
00000000011011110011111101110101
11100011010000110101010100101111
00000000000011111110001100011001
00011110111010010100111001110000
00000000001010111001100101101101
00110111101111111010000111101101
00000000011001011110110000100011
00010100100100000110011111010110
00000000001100010000010100001101
00000110000011001100010001101100
00000000011000010110110111100011
00010000001010110001001101000111
00000000010110000000111011111001
10100000101100100100001011011010
00000000001010101101100000000011
00110100010001010101110000111001
00000000010111110011001110110100
01101110010001001001011000101001
00000000001001001111111001110011
10101100110000010010000110010001
00000000001100101000011100011010
10111100010011000001101010110101
00000000010000001110100110110001
01001000110011010110001110001110
00000000011010101011001001110000
00000011100100001101100001100010
00000000001011010101100001001010
10101011011001010101110111111101
00000000011111110100100110011010
11001011110000010100100010111110
00000000000010011010010101011101
11101010011110111111101100110000
00000000001101100011001001010101
01101101110110000011000110011001
00000000000011010011011111000101
01100000010011001111100101000010
00000000011110010110101111000011
00001010110110010000000111010000
00000000001101010010001010110001
11010000110000110000000100111000
00000000011000010011111110010110
11101011000111010111000010011100
00000000011011001010101111011110
01011010010111001000000000100011
00000000010100101111011100111011
00010010101010001101000101110101
00000000011000001111010111111011
01101100000001000011101010010001
00000000001001100101100001010010
11001011001110001101110001011000
00000000010110010001010011110111
00100011010001010101001110010110
00000000011101110111000011000100
10000110110010010000100011010100
00000000000100011000100111001111
11010100001010101111100011000101
00000000000000001001001011010101
00110000010100101110110011110000
00000000010000011101111101101010
00000101111101011111110111010101
00000000001001011101100001101111
00010110100010100101100111100110
00000000011111100110110010011100
10100110010111101100001111000010
00000000010111000111011011111000
10100111110110001010101101011100
00000000000110110100011101011101
00010100111100011110010100000010
00000000000001011000110110101111
00110011110001010000000011100101
00000000010001100111110011011111
00000110101101001011010001111101
00000000001101011010011110101100
10111111010000000110111100010001
00000000010000010000110100101110
11101101100011101100100100101111
00000000001001111011010010001101
01001010101001110000010000101111
00000000000110001000100111001101
11010111101110110000000110100011
00000000001111110011000100111000
11101011101110010110010101111101
00000000010101011010101000011111
01011000010100111111110010100111
00000000010000001111011100110000
11111101010100011001111110010110
00000000000010110000010111010111
10110000110111011011010101010100
00000000010111000010111101011011
01001010101111010010100100001011
00000000011010010100101011111001
00100000110001100110011110110111
00000000011011010111001101101011
00100100010110010001111100111000
00000000011000101100011100010110
11011011000100110010011001110001
00000000000011100001110100100101
11010110000000000100001000000100
00000000000111010111011111110110
11100100010001110001101001111011
00000000001000101011110010001101
11101000101001001011000000000111
00000000010000000000000010000011
00100100000001101111000100110010
00000000011010100111110110110100
10100011010010000111100110111101
00000000010010001111000101011001
11000010000111000001001001010010
00000000001000010010010011101001
11101011111101010000110101011010
00000000001100001010101111101011
10010001100010100011000101000010
00000000011110100010111111001010
01111100001110100101011000001000
00000000001101000100011111110111
11011101110111101010000001101100
00000000001100110100010010011100
10000000110010001010010100000100
00000000001000011101001111000011
10011100100011110001011000100111
00000000001101111100000100001100
10000110000101111001000111111011
00000000000000101000000110101000
11110011111100101001101011101001
00000000000111011011011110001011
00010110011110000101110111111001
00000000001100010011000010010000
10011111000111101010111101110101
00000000000100000011011011011100
11100110011100001100100001000000
00000000001100011011111101010011
01011010100110001111110111101010
00000000001000110000001110010010
10011001101010111011001001000010
00000000010001010111011101101101
01000000110110101110010001110100
00000000000110101100000001011101
11010101000011111011111100000011
00000000010100110001010110011001
00011011011011101100100011011100
00000000011100100101010000001001
01100101010001100001101101110000
00000000010110010010010010111111
11000000001110100000001100101000
00000000011000011101100110010110
11101000010001100100110100110001
00000000010000100001011001101011
01011111100111110011011001100110
00000000010011101111010010001001
01111011001101001010101011011011
00000000000001000110001001101000
10101111100111000110100101111010
00000000011100010011011000100100
10010011111111000111101001000000
00000000010011001101110111100011
10111001101111100111101010010010
00000000000010010011111001011010
01001000011000111111110011001000
00000000011110010011111111100110
11001100110110110101000100100111
00000000010011000100000001001011
01100100101011010100100011011100
00000000001101011001011011001011
10010010101010011010110000011010
00000000001110100111011100001100
11010000010001000011000000111011
00000000001110111001111010100010
00001111100010000100101100011010
00000000001010111100100111000100
11110010010011001101110101011110
00000000001010010000110100001011
01011001011110001000111111010110
00000000000100110000111011001110
01010110100001001110101101110011
00000000000010111000110000100000
10010010101110110010010000110000
00000000001001011010111111010000
10111010001001110000110101011010
00000000001100011101101010111010
01111101101111000100000010010100
00000000001101111110100100001101
00111000101100010101101010000010
00000000011001100011110001111011
11101010000001011010111001001000
00000000010101111111111011100110
10100110101001010001110011010101
00000000001111101010100010101101
01011011100010000000100000101111
00000000001011110110011111110111
11001010110100001111000011011001
00000000011011110001101101101101
01011000011100100101010101001100
00000000001101100101001010011101
01000000011110111010111001111101
00000000011000101001110000111100
01111110000100010110010101011101
00000000011011101010010110110101
00011110001011101110100101001011
00000000001100011001111111100011
00011011110001110111101101101011
00000000000000010010100010000111
00001111110011001110000110010010
00000000000100100110001110001111
11101111110000110010111001100101
00000000000001011100001100100000
00100010111000000101111110001101
00000000011010000001001100001110
11011110001011110110100001101101
00000000011100001011111101111110
10100100011111001111010010001111
00000000000110110010010000011001
00010000111001010001001011010111
00000000011010101110100010111100
11110010010100101010100110100101
00000000011001101110110001111010
01011011010011101110100011001000
00000000000111010100000101111101
10111111001111000000010111010000
00000000011101101011100101011000
11010100110000111111101001100000
00000000010011011110110000111111
01110100110101110000000111111001
00000000010011010111001110110000
01001001100100000100010101011101
00000000010001101111001100100001
01010101001110100111111110110100
00000000001001101011110110101000
00101011100110110001100011100011
00000000000110010001110100011100
01011101010110110000101101000101
00000000001010100100101100100000
00110000010100010010010010101101
00000000001100011110100110010101
11011010011101101100110011000011
00000000010100100100000101001100
01110110101100101001101111011010
00000000000110001010001011000101
00100000001001011010101101000110
00000000001000011010111000011001
00000010011101001010111101110001
00000000001000111010101100000111
01000000110000011000111100000100
00000000000110110001110000000010
00110100111100110111101011000110
00000000011010000111110100100000
11111110001110100101011001011100
00000000001101001101001101010000
01100011100100100111101001100001
00000000010101101000010101000011
11111110101101000000110110010110
00000000000000011110011110001101
10110001010001100000100000000101
00000000010001110110101101011001
00110100101111000010001010000011
00000000010110010111100000110001
11011010111101010011111100101100
00000000011001001000000101100101
00010110011110101100010101110010
00000000001010001110100111001010
10100100010111011101001011011100
00000000010000101111100010101010
00010011101010101101001000010110
00000000011110110001011011110010
11011000001000111001101010011000
00000000000100101111101110011110
11011001111000010110001001101100
00000000001111111110100010101101
01010101101000001010001111000010
00000000010001111101110100100000
01101000010111110111111011111110
00000000000100110101011111101100
00011110010000011100000000111000
00000000001010010101111011001100
01010111111101100101110000001110
00000000011011011100101000000100
10000111010001010111010110011100
00000000000011100011100000001011
11100110001011111010001000111110
00000000011010011001001000010101
01010000010101101010101100100101
00000000010111000000000111101000
01111100001111111100101110000010
00000000010010011110101010101000
10110101010100100000011010000001
00000000000100000101110011000011
10100001111111010110100100100101
00000000010100010000011000011111
01101101100010010101000101001111
00000000010000010111010001011100
11010000101010001111100011011100
00000000011101111010101010100111
00111110100011100101011100101100
00000000001111101011010001000111
01000011100010101011011100000100
00000000001000100100110101110100
01110100101110110101100000110001
00000000000110110011011000100110
01101000001111001110010101111010
00000000000110101101110000110000
00100110000111010001111110011000
00000000011100100011000001101000
11001111001000100001010010000001
00000000010010100001101101011111
00111000001010100111001100100100
00000000001011101011100000000110
10100001101110100001111011100110
00000000001001111100111000100100
11010111111011111000000101011110
00000000010011010001001101100111
10101101111101100010010111110000
00000000011101111001110110101100
10000001110000111101101011111111
00000000000101011100010001110100
10000010110001100001001110111101
00000000000110111100010001011001
00011101010001011000000110110000
00000000001010110101101000001001
11001000100100111011000100000011
00000000010111001010011001111110
10100001000011110000011100100000
00000000011100100011101010101100
01010101010111110001010010010111
00000000001010101110111100000001
00011100001010010011010000101011
00000000011000000000011110001110
11001001111000010100101010110001
00000000000111011010110101100010
00100100001010000001001100111010
00000000010000100000011010011111
01111101001111000101000100100100
00000000000000111111100010011101
10010101010111100011101000111010
00000000001000111101000001000010
00100011111100101100000001011100
00000000010011010100101010111111
11011001110100100010110000100111
00000000010110001011001001111010
11010001111101111111100110111111
00000000001101011010010101001010
00000101001010000010101010101100
00000000010001011001011101100101
00010111010001100100010001111111
00000000001110010110111010011011
10010011011001000100110010001100
00000000011100011010011010001001
10110111011011101111111101101011
00000000000001011010000101000011
01110011011011110011010011000110
00000000000110001001101011101101
10000000101010011000111011100110
00000000010100001000010100100011
01010001110000110000010110011001
00000000000010111001101000101011
10100000001011011101100001000001
00000000001001011010110001000110
10000101111111010000111011000011
00000000000100011100100001001011
11100111001011101000111110000011
00000000011110100110001000001101
11001110110000011111111000001111
00000000011001010000100101011101
00010001101100011100001011100011
00000000001011110101110111011000
00110001101100010010010010111011
00000000001111101111010110010000
11011000011110011001011111011110
00000000010000111111101001111101
00100000101011100001011101100010
00000000000011101111110011101110
00011011111110100110100101101011
00000000001110000110011101010111
10010010010010000101101011101101
00000000000110101111010000001100
10000110001010101101101010000010
00000000011101110101110101110001
00111111000111111101010100110110
00000000011011111000101000010111
00100000111001000101110110011101
00000000011001000111110100011111
01100100101001010001001111111101
00000000010101010100110001111011
10011011110011000000001110100111
00000000000101000100110010011010
11010110000000100010111100011101
00000000000110100011011010100001
00110110101110010101001100001011
00000000010010110101101111001101
11101101101101001010110110000101
00000000010010111100110100001011
01011101010011001101011010110010
00000000001100101111110000010101
10010110011101101000100111110111
00000000001001101011110001000010
01111001100111110111011111011011
00000000001111011011101100011110
00110100010011000101101111110101
00000000010111000011101110100000
11100110010101111111111101111001
00000000000100011100001110001101
00110101011101001011001100111000
00000000010001100010111111101001
10001100101101101100000010010011
00000000010111111011011010010001
00001001001010010000010011010000
00000000001001111110000011101010
11101110000100010100001100000110
00000000011111001011000111101011
00000000011001111011100100011110
00000000011010010101110100000111
01101001010001111111010011010101
00000000010101100011010001100010
10111111001001010001010101000000
00000000011000000011010111010001
01111001001101100010000101011110
00000000010100111000100011000111
10001001110011101010001111001100
00000000000010011100100110000010
10011010001000011010001111111011
00000000011100111000000100001111
01011100111001100111111001001101
00000000010110011100001100000001
01010100101001110010101100001111
00000000001010111010111111001001
01111001000010110111101101000011
00000000011110100110000111001111
00011001100101100111000011010011
00000000001111110110110000010010
10000110101111001001001000110000
00000000001101001001001000011111
01010010100011000100011100011101
00000000011000001011111001000101
00111011011100101111111101011001
00000000001101011111001011101000
00100100111001110101011000010101
00000000011001001111000001010000
11101110001000101101011111011000
00000000001011011000101010100010
10101011100001100000011010110010
00000000001000010010101101101100
10001100011001101101011000110100
00000000011011000010011001000001
10000111000110010001001110001000
00000000000011011001000110100111
01111010011100000001001110010100
00000000011000100010101100100011
00110101001110001011010111101011
00000000011100000010111001101001
10100101110111110010000011110001
00000000000100110010101000001101
01110000111100001001110001000101
00000000010011110101111110100001
11111001101110101011111101110000
00000000011000001010000011101101
00010101110001001001100100111100
00000000011010101110011111010011
10101100010110000110101101110110
00000000001100010100100101100110
00101110101010001010011111100000
00000000001110011101010011010100
00101100110111111010011001101100
00000000011000011110001011100011
11101100111111010001111001110001
00000000000001110111111011010100
00101110100111000000101001011000
00000000011101011011000110010010
01100010111111011001001111000011
00000000001110010000111010101001
11011010110111001100110011101100
00000000011100011000100011111110
00101100100001110111110100110000
00000000011101100010100111010001
00001010100100001100000000101110
00000000000010000001001101101000
00110110101011111011010110011011
00000000011111011000110010100101
01100111011100001001100000000000
00000000000110100001001011100000
01110110100001010100000101000010
00000000001010100111111101001101
10110110111110110101110111010101
00000000001111111011011100100000
10011000000011001100000011101010
00000000011010110001100100010111
01111010100000110111011110001111
00000000001110100111100100101010
01110101000111010101111011000111
00000000000000001010110110110011
11101011100000000001010000010010
00000000011111001110111101100111
01111010100100000100100001110010
00000000011110001011000111100100
10000110100111100100101000001100
00000000001101101011010100111101
10101111001111100111010110011010
00000000001010101110001011011100
10101110101110100101111101001101
00000000011011100000011100001000
10011111100100010110001000101100
00000000011100101011010111010111
00001110010000100101010100110101
00000000010101011111111001111101
00111111110111100111101101101111
00000000010000000110011100010000
00110000001101110101101000001101
00000000001011110111100100011110
00010010011100010011010001110111
00000000010100111100101001000010
01011101110100110001100000111110
00000000001111000011111101001001
10010000001101110111101111000011
00000000001100101101001011111110
10110110010010111000111011011011
00000000000100101100101001010010
11001000001101101100111111110000
00000000000110010001111100100001
10011111100011001001001110100110
00000000010111000011101011100111
00111001111010101110001101101001
00000000011110111100011001100001
01111000001000110011001110110101
00000000010111000100011100010101
11001010111010110000011011010000
00000000000001111110111110011101
00110000111001001100000100110110
00000000000101111100000111000111
01111011101101001100110100111110
00000000011011110011111111101000
10110011101010111101100100011101
00000000010100001010111010010100
10110011010000100011111111001001
00000000010011100110011110000010
00011000001000001010010000010100
00000000001010101000110101100111
00010100000011010000100000110111
00000000001000101100110110000100
11000000100111001111101011101010
00000000010000000101000110100110
01010001100110011101001000101101
00000000000010000011100000010000
11100011011111001010000111110110
00000000001110000111101011001001
00010010010001101110010110001101
00000000000101110010011011011110
11010111110001101110100001100011
00000000001011100011110000111010
11010001010000100011000000110001
00000000000000110011101000110010
11110000010100011010001011101000
00000000001111000110001001010111
11100110111011110000000010000010
00000000001111011010101000010000
00011001100010101100001000111001
00000000001100000011011101000101
00000011101110110111000000000011
00000000001111001011001101010010
10100010011100001000110101101111
00000000001010001001010111101011
00111101111000110111000000111000
00000000011101100010001001110100
00100111111000010010100001110111
00000000010100011101000110011111
10111111001010110010111000011111
00000000000000010000111001100000
00011011101111010011000010110101
