01111111110000000000000000010011
01111111110000000000000000010011
01111111110000000000000000010011
01011001110000000010101100000111
10000010000000000010010100000111
00001000010111100000101101010011
00001001001001111000110011010011
00110011100000000010101110000111
01101011101100000010110000100111
11001010100100000010001000100111
01011100000100000010111000100111
00000001001000110000100001010011
00000111010100000010000000100111
00111001000000000010010110000111
00000000101000011000011101010011
00001000010010100000010111010011
11001000000000000010001000000111
00100111000000000010010100000111
01001010101100000010011000100111
01000000110000000010001100000111
00001001111101110000111001010011
00001001000011111000011111010011
00000001110110010000000011010011
00011100110000000010101000100111
00010000001100000010111000100111
10011111110000000010110100000111
00000001110100000010000000100111
11010100110000000010110010000111
00001000111111000000111101010011
01010100100100000010000000100111
01001100001100000010010000100111
10011101011100000010010000100111
00000001110101000000010011010011
00001001100010001000101101010011
11110111110000000010010000100111
00000001101010000000011011010011
00000000111011001000110011010011
00001001110010110000000101010011
00001000001000110000110011010011
00000000101011100000110011010011
00000001101101100000101011010011
00001000010111111000100001010011
10010101100000000010001110000111
00001001010111011000010011010011
00000000010100101000110111010011
01011010100000000010011100000111
00101101110000000010011100000111
00001000111011010000100101010011
00001000111100111000100001010011
10010101000000000010000010000111
00000000110010000000001101010011
10110001001100000010010000100111
11000000100100000010000000100111
01110111000000000010001010000111
10000001010000000010001100000111
00001001111010000000110111010011
00000000111111111000101011010011
00000001111000110000100111010011
00110100101000000010110000100111
00011001111000000010000000100111
00000000011010110000100001010011
00000000101110100000011011010011
10011000010100000010011000100111
00001000110101011000001111010011
00001001111010000000101101010011
00001001110001110000101101010011
00001000111111111000111001010011
00000001011110010000000101010011
01000111101100000010100000100111
00001000000011110000011111010011
10111011110100000010000000100111
01110001011000000010010000100111
00000001100001011000011001010011
00011100100000000010011110000111
00001000010101010000001101010011
11110110100000000010001100000111
00000001001101010000011111010011
00101001100100000010100000100111
00001000001001001000011101010011
00100101100000000010101000100111
11110010010100000010001000100111
00101110110000000010100000000111
00001000000000111000100011010011
10101101100000000010000100000111
00001001000010101000100001010011
00001001001010001000010111010011
10100011100100000010001000100111
00001000000001000000100001010011
00111011100000000010110010000111
11010011010000000010101100000111
00001001000100111000011001010011
11111010001100000010000000100111
10100100010000000010100000000111
00000001000101010000011111010011
00010011110000000010010000000111
00001000010110000000001111010011
00000000010000111000100101010011
10111111010100000010000000100111
00000000001111111000010011010011
00000000010000000010010010000111
00000001110010101000010101010011
01101100101000000010001000100111
00000001101011101000100011010011
01110100000000000010101000100111
10110001110000000010001000100111
00001000111111010000101101010011
00001000000011010000110001010011
00000000110111111000111001010011
10101101000000000010001000000111
11010010111000000010010000100111
00000000010010010000000101010011
10110100100000000010100000000111
01110111110000000010100010000111
00001001110000101000111111010011
00000000010111010000110101010011
11000111000000000010111000000111
00001000110000010000110001010011
01110101000000000010001000100111
00000001101100010000011111010011
00011111000000000010011000100111
00001000101111011000101101010011
01000111100000000010001000100111
01000100011100000010001000100111
11110110110000000010000110000111
00000001010110011000101111010011
00000001100011011000010111010011
10100100101100000010110000100111
00000000011011010000110001010011
11101000110100000010000000100111
00001001111110011000111011010011
00001000011010010000001011010011
10101010010100000010110000100111
00000001111101010000010001010011
00001000011000001000001001010011
00001001001000111000100001010011
11001000000000000010000010000111
00110001010000000010101100000111
01001000011000000010001000100111
00000001000010011000111111010011
00001001001110001000110111010011
00010001100000000010010000100111
00101001000100000010001000100111
01010110001000000010000000100111
11101011110000000010011000100111
01111111010000000010001100000111
00000000001100101000011101010011
11001000100100000010011000100111
00001001001000100000011111010011
00001001101111100000100011010011
00001000010011101000010101010011
00011010110000000010001010000111
00000000001011011000010101010011
00001001101010100000100011010011
00000001110011101000111111010011
00000000101111000000000101010011
00000001001111100000100111010011
00001000111011000000111001010011
00001001101001000000011111010011
00000000101010000000111011010011
00000001100110001000000011010011
00001000011101001000011001010011
11111000000000000010110000000111
00001001110010000000110101010011
11001110000000000010001100000111
00110110010100000010011000100111
00001001000110010000110011010011
10001010110000000010010110000111
01100010000000000010010110000111
00001000011010100000100011010011
00000000110000000000111001010011
00000001111001011000001101010011
01000111100000000010110000100111
00001001000011001000100111010011
11000100111000000010010000100111
10000101000000000010110100000111
00000000110000101000000101010011
00000000110000110000100101010011
00000001010100110000000011010011
11000001011000000010111000100111
00000001001101000000100001010011
11000111001100000010100000100111
10100100000000000010111110000111
00001001000101110000011101010011
11110000000000000010101000000111
11100101000000000010101100000111
00110100101100000010110000100111
00000000100110100000001001010011
10101100110100000010011000100111
00001001100011000000010001010011
00000000110001010000001101010011
11000011010000000010101110000111
10111000000000000010111100000111
01001110111000000010101000100111
11101110100100000010110000100111
11111011010100000010111000100111
10101111010100000010000000100111
00000000110110000000101001010011
00101101011100000010001000100111
00001000101111111000001011010011
00000001110010101000011011010011
00001000100000111000111001010011
10000111100000000010111100000111
01011100000000000010110100000111
01000110111100000010011000100111
00011100110000000010011000100111
11110111000100000010100000100111
10011000000000000010001000000111
10010111110100000010000000100111
10101011011100000010100000100111
10010001110000000010101000000111
00001001101111100000011011010011
10011001010000000010100110000111
00001001011111010000101111010011
00101101110000000010011000000111
01010011001000000010111000100111
00001001000110100000111111010011
00001001101101100000101111010011
10110011000000000010100100000111
00001000110100101000110111010011
00001000101111011000010011010011
00001000111111010000111111010011
00111010110000000010010110000111
00000001110100110000111011010011
10010011110000000010100010000111
00101000110000000010100000100111
00110011111100000010011000100111
01101010000000000010001000100111
11111111110000000010011010000111
00000000010001101000110101010011
11110010001000000010001000100111
00000000111111100000001111010011
00001000101100100000111111010011
00001000111100111000111011010011
01000100101100000010100000100111
00001000011111100000001111010011
00001001111110011000111001010011
00101000000000000010001100000111
00110000110000000010110000000111
00001001000111001000011101010011
00111011110000000010000110000111
00000000000010000000010001010011
00000000110100101000100111010011
00001000011001100000100001010011
00101111001100000010101000100111
11101101010000000010100100000111
00001000110000010000101011010011
11111010010000000010000110000111
11101100110000000010001110000111
10011011000100000010110000100111
00001001100011100000101011010011
00000001110000100000011111010011
00001001111101100000110101010011
00000111101100000010100000100111
00000000000111011000111001010011
00000000111000011000010011010011
00000001001000100000010111010011
01101001110000000010110000000111
01111100100000000010111110000111
01111001100000000010111100000111
00000001100101111000001011010011
10110110010000000010010000000111
10110011100000000010110000100111
00000001001111110000110101010011
01000100110000000010011010000111
11000001000100000010110000100111
00000001001000000000010001010011
00000001100111001000000111010011
00000001011011110000000011010011
00001001101110111000001011010011
00001001100000110000001011010011
11001001101000000010011000100111
00000001011110110000110111010011
00001001101000011000100011010011
10010011000000000010110100000111
00000000110000100000000011010011
00000000110010010000110011010011
01100000110100000010101000100111
00000001101111010000001101010011
00010001110100000010110000100111
01010111001100000010010000100111
00000001000000011000010111010011
10011000110100000010110000100111
10000100110100000010010000100111
00000001100101101000110111010011
11001101110000000010111010000111
00001001110000111000101011010011
00101110100000000010111010000111
01010011010000000010111010000111
00001110110000000010111010000111
00000000111000101000001001010011
00001001001000000000010001010011
00110010000000000010011000100111
01111011110000000010000010000111
01000111010000000010011100000111
10100100000000000010110000100111
10000011100000000010111010000111
10101001110000000010001000000111
01000110110000000010010100000111
00101001011000000010001000100111
00000001010010110000100001010011
01010010000100000010100000100111
10001011010000000010011110000111
11000101110000000010001000100111
00100000001000000010100000100111
00101000100000000010100010000111
00000000000111101000101011010011
00000001100110000000111011010011
00001000010110000000011011010011
00000001000111000000010111010011
11000000000000000010110100000111
00000000001111110000111001010011
00001000000011111000001111010011
01111011010000000010010100000111
00001001111000111000110111010011
01011111001100000010000000100111
00111010110000000010000110000111
00001000100011101000011001010011
10000101100000000010100100000111
00000000000110001000000101010011
10001110101100000010011000100111
00001000110110000000100011010011
01111100101100000010101000100111
00000111101100000010011000100111
00010010100000000010111000000111
11010101101100000010111000100111
10001111000100000010101000100111
00001001100011101000001111010011
10010101100000000010111000100111
00000000010101101000111101010011
01111101100000000010011100000111
00110110010000000010000010000111
00001000011001011000001101010011
00000001011010010000001011010011
10110001010000000010011000000111
00001000010010011000100011010011
01010000101100000010011000100111
01011000010000000010111100000111
10011001110000000010011110000111
10110111100000000010001000000111
00001001001010011000011011010011
11011100010000000010001110000111
00001001110111010000100011010011
00000110010000000010101000100111
11010011110000000010000000100111
00011001110000000010101110000111
00001000000000001000011001010011
00000001000110000000100101010011
10010010100000000010001110000111
10000101100100000010010000100111
00001001001110101000001001010011
00001000111010010000001101010011
00000000100000110000011111010011
00001000000001000000011001010011
10010011010000000010001110000111
00001000111000010000010111010011
00000001011010001000110101010011
10100011010100000010001000100111
00001000000011100000111101010011
10110000100000000010101000100111
11010010101000000010001000100111
00001000101011001000100011010011
11001001110000000010110000100111
00000000001101101000100011010011
10000111100000000010010010000111
00111101001000000010100000100111
01000001110000000010001000000111
00001000011001010000101101010011
00000001010111101000101001010011
10101001010000000010001110000111
00001000101000011000100001010011
10100100100000000010110100000111
00000000110001100000100001010011
11011111000000000010110010000111
10101100000000000010100100000111
00000000010101011000011011010011
00001000010000101000000101010011
11001010100000000010100000000111
00001000010000000010010100000111
00000001111001000000111111010011
00001000001110100000110001010011
00000000100101000000110011010011
00000001110111001000010001010011
11010010110000000010101100000111
00000000010110000000011111010011
10101010000000000010101000100111
01001111001000000010111000100111
00011001110100000010101000100111
00011110000000000010010110000111
01111111001000000010100000100111
00000000111001110000011111010011
10111001110000000010100000100111
00000001110111011000110111010011
10010100100000000010110010000111
01011010110000000010110110000111
00001001011111010000100001010011
00000111100000000010101010000111
00000001110010001000101111010011
11101011010000000010001010000111
00011110100000000010010110000111
00001001110000000000010101010011
11111001111100000010000000100111
00011000010000000010010000000111
00000001110000001000111001010011
00010011010000000010111000000111
10010011000000000010100000100111
10100001100000000010011000100111
00001001011110110000111011010011
10011111000000000010111000000111
00000001110100001000100011010011
00000000011001110000000101010011
11100010000100000010010000100111
00001000111010110000101101010011
00001000010100010000101001010011
00000000001001001000000011010011
00000001111001110000101111010011
00001000100011101000000101010011
01101100110000000010110000100111
11101011110000000010100110000111
00000000001101000000001001010011
10110110110000000010101100000111
01011010011100000010000000100111
00001001010101100000001011010011
00111000100000000010111000000111
11101111011000000010110000100111
10011111000000000010101010000111
00001000101110010000000111010011
00001001001011110000001001010011
00000001001010110000011011010011
11100000001000000010001000100111
01000110011100000010011000100111
00001000110001001000000011010011
00000001001111110000111011010011
00000001101101100000010001010011
11100101000100000010000000100111
00000000111100000000000011010011
10101000110000000010011000100111
10000111110000000010111010000111
00000000101011001000011111010011
01110101101100000010010000100111
11111110100000000010110010000111
11001100010000000010000110000111
11110101111100000010000000100111
00000111000000000010001000100111
00000001101010101000101111010011
00101011110000000010000110000111
11000011010100000010100000100111
01010100011100000010011000100111
00000000110010011000111011010011
10000110110100000010101000100111
00001001010001011000010001010011
10000001110100000010101000100111
00000000010010011000001011010011
01110011110000000010100010000111
00001000010000001000101011010011
00000000011101000000011111010011
00111101000000000010101100000111
01110111010000000010110100000111
00001000001000000000110011010011
00001000010010000000011001010011
00001001011010100000011111010011
10100110110000000010011100000111
00000000000011111000110101010011
00000001000110000000010011010011
10001100000000000010110100000111
00000001110110001000010011010011
00000000101011000000000101010011
00001001010010010000011111010011
01000100101000000010101000100111
01101001010100000010011000100111
00111101100000000010100010000111
10011000110000000010010010000111
10001100000000000010010000000111
00110111010000000010010000000111
00000001011111100000011111010011
00000001110101001000000011010011
01011000111100000010001000100111
01100001011100000010100000100111
00001001010000010000100001010011
00010110110000000010001010000111
11110000110100000010011000100111
11001101100000000010000010000111
00000000111101011000010001010011
10001000101000000010111000100111
00001000100110110000010101010011
00000101110000000010100000100111
00000000100110000000010011010011
00100000011000000010011000100111
00001000110000111000000101010011
00000000100101100000010011010011
00111101010000000010100100000111
00000001110110011000101001010011
10101011111000000010011000100111
10001010001000000010101000100111
00001000101111110000110011010011
01101000100000000010111110000111
00000010100000000010110110000111
10000111000000000010010000100111
11000101010000000010101010000111
00001000110001001000000011010011
01000101100100000010111000100111
10001011101000000010110000100111
10001011110000000010001110000111
00001000001110111000011001010011
00000001100111000000111111010011
10111000011100000010101000100111
11011000110000000010010000000111
00111111010000000010000110000111
11011001110000000010011000100111
00000001100000000010101110000111
10010010110000000010000000100111
00001000100110010000111001010011
00000000110000100000001001010011
00100011000100000010111000100111
01001011000000000010010110000111
00000000110110110000010001010011
11000000110000000010111000100111
00001100000000000010101110000111
00100000110000000010100000000111
00000000000001011000111101010011
00000000110010111000010001010011
11111011101000000010100000100111
10110001100000000010100010000111
00000001101000010000110001010011
00000000101010101000010101010011
00001000011010011000001111010011
00001000000000110000011011010011
00001000110001011000101011010011
10111110011000000010011000100111
00000000111111000000101001010011
10011011110000000010001010000111
00110010010100000010111000100111
00001011100000000010000110000111
00101000110000000010011010000111
01110110100100000010100000100111
01010001011100000010000000100111
00000001010111101000010011010011
00001001100000101000000011010011
11110110001000000010001000100111
00001001001010110000111001010011
11011011000000000010110100000111
00001000111100111000010101010011
00000000000111110000011001010011
00001000001010100000110111010011
11011110110000000010110100000111
10111010010000000010101000100111
10110011110100000010110000100111
10111000010000000010000000100111
00001001101011101000110111010011
00000001101101101000001001010011
00000000101000101000101011010011
11011101100000000010110000100111
11010111110000000010010000100111
00000011110000000010100010000111
10101100011100000010010000100111
00001000000101100000111111010011
01100011100000000010100000100111
00001000001101011000100011010011
00001000110011000000011111010011
11001000000000000010001000000111
11001110010000000010100000000111
11001011111100000010011000100111
01101100100100000010100000100111
00001001000010000000100111010011
00001001110100011000010001010011
00001000010000100000010101010011
00001000000001011000101101010011
11100110010000000010111110000111
00000001000101100000001011010011
00001000110010010000001001010011
11101110001000000010010000100111
11010001100100000010011000100111
11001110100000000010111100000111
00001000100101101000010111010011
00000001000111101000110011010011
11010011100000000010110000000111
00001000011000100000000111010011
10011000000000000010100100000111
11110100011000000010011000100111
00000001100110010000000011010011
00001000011111111000000111010011
00011101001100000010100000100111
00000001110000010000100001010011
10010110100000000010011110000111
11100011000000000010000010000111
00000001001110101000111011010011
00001001001000111000111011010011
00000001100101000000101111010011
01101100100000000010011100000111
11000000010000000010101010000111
10000010101000000010001000100111
00010011000000000010000110000111
00101111000000000010010100000111
00001001010100110000100001010011
00001000110100111000110101010011
00010111000000000010000110000111
00000001111111110000010001010011
00001001100100100000001011010011
00000001111011111000101011010011
00001000011110110000011001010011
00000001111001001000000101010011
01011100101000000010000000100111
00101111100000000010010000000111
10110111101000000010111000100111
00001000010011101000010101010011
00000001010101110000010001010011
00000000010011010000001111010011
00001000100110111000110011010011
00110100000000000010100000100111
00001001001100110000101101010011
00000000011001111000111111010011
00011111100000000010011110000111
00000110110000000010000010000111
00010000010000000010110000000111
00110111101100000010001000100111
00001000100010101000101011010011
01000001110000000010010010000111
01110101100100000010100000100111
00001000111000010000100101010011
10100010110000000010000000100111
00001000101101010000001011010011
10010111000000000010101110000111
01000101000100000010101000100111
10001000110000000010011010000111
11011001100000000010011000000111
00000000111110000000001011010011
01100101001000000010011000100111
00000001011011111000111111010011
00001000011101110000001101010011
00000001100110010000100001010011
01111110100000000010011110000111
01000110000000000010110000100111
00000001110011111000111111010011
10010010111000000010100000100111
00001000100001000000011101010011
00110110110000000010011110000111
00001000111010010000010111010011
01101001100000000010000010000111
10001010110000000010101000000111
10111011101000000010110000100111
00001001111011011000000011010011
00001000011000011000110011010011
01111000010000000010110110000111
10001101110000000010000110000111
00000000111101101000000101010011
00000000010000010000000111010011
00000001000101011000010111010011
00001001000101011000000011010011
00001000100111101000010001010011
00001001100110110000011001010011
00001000001011001000100011010011
01010001010000000010000000100111
00001000101010111000001011010011
11010011000000000010010000000111
00001000100100110000001001010011
01000100111000000010011000100111
01100100110000000010001000100111
00001001001101111000001101010011
11010001111000000010100000100111
00000000011101010000111011010011
00000000011010000000010011010011
11100110010000000010000100000111
11100010110000000010101000100111
10111000011000000010110000100111
00000001110010010000100001010011
11001000010000000010101010000111
00000001100011111000011001010011
10110110011100000010111000100111
00001001010100110000011001010011
00000001010011001000000011010011
10110111100000000010110110000111
01001100000000000010000110000111
00001001111111110000100101010011
10010000101000000010101000100111
00000000110000011000101011010011
11011100010000000010000110000111
00001000001000001000001011010011
00001001011011000000101011010011
10100010111000000010100000100111
00001001001101110000110001010011
11011000110100000010000000100111
00001000100110000000110111010011
00000001011111001000100111010011
00010100010000000010100100000111
00000001110101000000011011010011
00000001110011011000110111010011
01010100010000000010110110000111
00001000100101111000111101010011
10010010000100000010100000100111
01100111101000000010001000100111
00000000010111010000110001010011
00110110100000000010110010000111
00000000111011100000011101010011
10001010100000000010111100000111
10111010010000000010100110000111
10000110101000000010000000100111
00000001001111111000101111010011
00111001001000000010001000100111
00001001001110111000011011010011
11100001110000000010110000100111
00000001001111011000100101010011
11111000000000000010100000000111
01100100000000000010111000000111
10101000110000000010110100000111
10101010010000000010110100000111
00001000011111110000001011010011
00001000111011110000101001010011
10001011010000000010011110000111
00100000100000000010110100000111
11001010110000000010001110000111
01011001100100000010101000100111
10101101011000000010010000100111
00011100000000000010110110000111
11110111010000000010110000000111
00110010010100000010111000100111
00000001110111011000001011010011
10010110100000000010101000000111
00101001111100000010011000100111
00111111100100000010010000100111
00001001000100000000101011010011
01110011101100000010000000100111
00001001101100101000011011010011
00000100100000000010000010000111
00110001001000000010010000100111
00001001000011101000001001010011
10000100010000000010111000100111
01100101101000000010100000100111
10100000000000000010111000100111
00110001000000000010001100000111
00110001010100000010011000100111
11000010110000000010011000100111
11000111000100000010101000100111
00000000100000010000001001010011
11010011110000000010100100000111
00001000011110001000000111010011
00001001100101000000001011010011
11010011110000000010111110000111
00001000110011011000100101010011
10011101101100000010000000100111
00001000011110001000001011010011
00000001000000111000001111010011
00001010010000000010000110000111
00000001001001010000101011010011
10111011011000000010010000100111
01010001010100000010110000100111
10100100010000000010101000100111
00000001100010000000100101010011
00101000110000000010011010000111
11100101010000000010100110000111
00000000010011001000001111010011
00000001011110101000100101010011
00000000001110101000001001010011
01100001010000000010111010000111
00001001111011000000000111010011
00000001000101011000011001010011
10101011111000000010000000100111
01000000100100000010101000100111
00011011100000000010010000100111
10001110101000000010011000100111
00000000011101011000000101010011
00001000111000011000000101010011
00010100001100000010111000100111
11011100100000000010101000100111
00001000010100001000010111010011
00000001111011110000000111010011
11100011010000000010011100000111
00001000011110100000100011010011
00001001011000110000110001010011
00001000110000111000001111010011
00000001101100000000100001010011
00000001101011100000011011010011
00111100110000000010101010000111
00000000000011111000111011010011
01101011100000000010101010000111
00001001100101111000000111010011
00110111000000000010101000100111
01100011100000000010011010000111
00000000001010101000011101010011
00000000000011111000001101010011
01101100001100000010101000100111
00001000000001101000000011010011
01101111110000000010000100000111
00000001101101100000001101010011
00001001110000100000011001010011
01100011001000000010101000100111
00110111111000000010001000100111
00000001100010111000101011010011
11000010010000000010100110000111
00110100000100000010110000100111
00001000100000000000000111010011
01101001110100000010100000100111
00000001101001000000100101010011
00000001001100111000000011010011
01001100111100000010000000100111
01010101001100000010011000100111
00001001010101111000101011010011
00001000000111000000010111010011
00001001010111001000100011010011
00000001000100001000111101010011
10001011011000000010011000100111
00001001001110010000010011010011
00001001111110110000000101010011
00001000110011101000000111010011
00001001001001100000011101010011
00000001100111000000000111010011
00000100000000000010010010000111
00001001110001011000010111010011
11010100010100000010001000100111
00101111011000000010001000100111
11101101110000000010000100000111
00010011011000000010010000100111
00100100101100000010101000100111
11110010000100000010001000100111
00000001110100110000111001010011
00000001101111000000110011010011
00001000010010110000010101010011
00101011100000000010100100000111
10011100010000000010101000000111
00000001010110010000001101010011
00001000000011010000111001010011
00000001101101000000000101010011
01101110010000000010011100000111
00001000110110111000110101010011
11111000011000000010000000100111
00000000001011001000001111010011
10100100001100000010111000100111
00001000010001011000001111010011
10001110110000000010110000100111
00000001111111100000010001010011
10110011010000000010110100000111
00000000101011111000100001010011
00000001111000010000101111010011
01100010110000000010011100000111
00000000100101011000011001010011
10101010000100000010101000100111
01110001000000000010010110000111
00000001011001100000110011010011
00000001110001010000001101010011
00001000000001101000100001010011
00000101110000000010011000100111
00000001101010000000001011010011
00001001110000101000010011010011
01101110000000000010001110000111
00000001011011000000001101010011
11100011100000000010011000000111
00001000011000100000100011010011
01011010000000000010000100000111
00001000000010010000111101010011
00111110011000000010110000100111
01100010100000000010111010000111
00001000101101010000100011010011
00001001001000101000011011010011
10010011000000000010010000000111
11001111010000000010001010000111
01000101110000000010100000100111
00000000001000000000001101010011
00001001001100111000101001010011
11000001001000000010111000100111
00001000111101100000001111010011
01000011000000000010101010000111
00001000111111010000011011010011
00000000001011110000111011010011
00001010000000000010100000000111
11100011100000000010000000100111
00000001000111111000101111010011
00001000010011100000111101010011
00001001110001100000111001010011
00110000000100000010110000100111
01110101001100000010101000100111
00001000001000011000111011010011
10010000010000000010110000000111
00000000100001010000010101010011
00000001011110110000101001010011
10001011010000000010000000100111
10001101000000000010000000100111
01011011101000000010101000100111
00000000010101110000000011010011
00000000010101110000010001010011
10101110110100000010100000100111
00001001110010011000101101010011
00001000110010101000111111010011
00001000110011111000111011010011
00001001110100101000111011010011
00000000001001011000110001010011
11111011111100000010011000100111
00000001100101100000110001010011
10101110100000000010100110000111
00001000000010110000010111010011
10011110110000000010010100000111
00100010011000000010110000100111
00000000011001111000000101010011
00000001011010000000100101010011
01010001100100000010111000100111
00110000110000000010010100000111
11000000100000000010011000100111
10011101010000000010000010000111
00001000111011110000111011010011
01001101110000000010101010000111
00001000100000000010000010000111
01000110010000000010001100000111
11100100010100000010001000100111
00001001111010000000111011010011
00000000110010001000010001010011
00001001101111011000000111010011
11100001000000000010001010000111
00000001100111101000101111010011
00001000110100011000110011010011
10101000110000000010101110000111
00001001100110000000000101010011
10011010000100000010100000100111
00001000011000110000011011010011
00000001111110001000110011010011
00001001010101100000011001010011
00001001101001100000011011010011
00001000110111001000101001010011
00001001011111101000100101010011
01010101001000000010111000100111
11101010100100000010000000100111
01110111110100000010010000100111
00000001011010100000110101010011
00001000100000011000110111010011
00101101101100000010001000100111
00001000110011100000100101010011
00001001110100011000111101010011
00001000101101000000110111010011
00110100101100000010001000100111
00000001100101000000101101010011
00000001011110111000100111010011
10110100011100000010000000100111
00000001000001101000100101010011
00100101100000000010010000100111
00101011001000000010110000100111
01001101110100000010111000100111
00000000011111001000100101010011
00110110000000000010110110000111
00001000001001000000101111010011
10111110011000000010100000100111
11010101001100000010011000100111
00000000011110000000000111010011
00001000100011000000011101010011
00001001111100010000011101010011
00010000010000000010000100000111
11001100000100000010110000100111
10001110010000000010001000100111
00001000110010011000001011010011
01001010100100000010111000100111
00000001001011101000010101010011
01110001100100000010111000100111
00000001010000000010111010000111
00000000011111010000101011010011
10011000000000000010101000100111
10001100100100000010100000100111
00001001001000111000111001010011
00001000110011010000110101010011
01001000001100000010110000100111
10011001000000000010111000100111
10011101100000000010000100000111
00000001110010011000011001010011
00000011100000000010001000000111
10000111111000000010000000100111
10100000100100000010111000100111
00000000111110011000010101010011
11001111010000000010101100000111
00001001100010001000011101010011
00000000000011011000101111010011
00000001010010000000011011010011
01011110000000000010110000000111
01100100111100000010101000100111
01000011011100000010000000100111
01000100100000000010011110000111
00001000001010011000101011010011
10101100111100000010100000100111
10110000100000000010001010000111
00001000111001101000111101010011
00000001011110110000010001010011
00000001101000111000111111010011
00000000100100110000001001010011
10100101111100000010111000100111
00110000000000000010001000000111
10011000111100000010100000100111
00110111010000000010010000100111
11111101100000000010111100000111
00001001011000110000010111010011
00000000101111000000001001010011
01100011011100000010110000100111
00001110100000000010011000000111
00001000110110000000010101010011
00001000100111011000101101010011
00000000101011111000100101010011
10111001110000000010111100000111
10110111011000000010100000100111
00001000010011011000001011010011
10111101000000000010100000000111
01101111100000000010010000000111
00000000011111011000100101010011
10000010001000000010000000100111
00000000011011000000010111010011
10101101000000000010010000000111
11101011000000000010010000100111
10000111000000000010001000000111
00000000001100111000010101010011
00011101001000000010001000100111
00001001010011001000111011010011
00000000011111001000000101010011
01101001110100000010001000100111
00001001111111111000111011010011
10001101000000000010001000000111
10100010011100000010110000100111
00001001111001011000100001010011
00000000000101110000101101010011
01011010101000000010011000100111
00000001011111100000000111010011
00000000000011000000000111010011
00000001001000111000100111010011
01001101010000000010010110000111
11110111100000000010110010000111
00001000000001111000111011010011
00000001001110100000000111010011
00111000001000000010110000100111
01100000100000000010110110000111
00001000000111001000110001010011
10111110000000000010010000000111
00001000110001011000000111010011
01101010110000000010001010000111
00000000000000000000000001110011
00000000000111110101010011011101
11110110111101111010110101111010
10000000011010110101001010000010
11111101101011001110001110001001
00000000000001100011110110011001
10011111001110110010010011100111
00000000000000000000000000000000
01110000011110011100001110110011
00000000011010101011110100010101
11001110100011100010101011111010
00000000001000101110111101100000
10000111011001111111110110111011
00000000001001100000010111011000
11000000001010001000110100111101
00000000001100110000100000001010
00000000100110000111010011111111
00000000010001110010010011010100
11001010011110001000110001111100
00000000011101111101001111001100
00011011101000100111000010100011
00100111001000011001000111100011
01110111110110010010000011011001
00000000010010110101011100100011
01110000010100011111001000011000
00000000000001100010000100010100
11100101100111110100100111110001
11000010110000111111111010011001
00011011111010000100110100111111
00000000010010101000100111011001
00111110010110110011111001101101
00000000001101010100110111001111
11101110011000110001001001100011
00000000011110111011010111010001
00010100001001100000111000001010
00000000011101001010011011101010
10001011001000000001101010011000
00100111001000011001000111100011
11111101111000001111100001111100
00000000010011111010001011001111
11100101111001000100101100000011
00001100101010001110100111011011
10000001110101011001100100011010
01110111110110010010000100010111
11101110111110001001110111110110
00000000001011001100101111000100
11100101111111010011110011111000
00000000010100100011111011010010
01010001000010001010110111001100
00000000001110011111110101101110
11011110100100110010100100111011
00000000011000110110101111001010
11000001000010101010101000111110
00000000001000111011100101101001
11011111001100001011000111001110
11110111110110010010000011011001
10100011101000101011111001001010
11110111110110010010000011011001
10111000101011001001000100111100
00000000000000000000000000000000
11110111110110010010000011011001
00000000010100000100101000101001
01111011010101111101111001100110
00000000000000111001111111100011
11000001010111000001100011110111
00000000010000000110000110011101
01100110010010000011011111111110
11110111110110010010000011011001
11010110001000001000000100111111
00000000011010110011010001111010
11110111110110010010000100010111
00000000011101001000101100000011
00011101001100010000000001111111
00000000001011110111000110011101
01110111110110010010000011011001
00000000011111010111100111100001
11110100001101010001001000101110
00000000000000001111001101010100
01001100100110011011101100101101
00000000011000001111011100100001
01010100010100110010010110110000
00000000011000111001101110011000
00000110101111000111011111010010
00000000010010001010101110010010
01100010111100000011011000001011
00000000001000010000100111110010
00110010111110011100010100000000
00000000011011110100111010111100
00111001000001000011111101010010
00000000010111000100010001101100
00001000101010010101001100000010
00000000011110000000111000110010
00011101111011100111011001000101
00000000001101110000011101011101
00111000000010111111111110110100
00000000001101001001100100101000
00001000111111101101100100001101
10110010111110011100010100101110
10000110000001011100110101000111
00000000000000000000000000000000
00000000011010110001110110110010
11100101111111010011110011111000
11011101110111111101100110101010
00000000000111101111101000011000
01110010000111111011010010100111
00000000001111010011001100010100
01100011001010111110010111010101
00000000010101001001101000011100
00000000000000001111001101010100
00000000000001010101001100010101
10000100111100000010001100011111
00000000001011011100110111010110
01000011001000010111111000001010
00000000000011110101111000001000
10001000110111100000101101101110
00000000000111011010001100011000
10011111001110110010010011100111
00000000010011011001110000101011
10100001001101011011000011011100
00000000011101010100101101100010
11011101110011000110110000100101
00000000001101110100011101011000
10101001111111100001001001111000
00000000000111111011111110111100
11111110000001001111101000111110
00000000001110110101001110100001
11110111001101011111111010000100
00000000001001111101100001011010
10111001001111111111110110110000
01110000010100011111001000011000
11010011000001011010110100011100
00000000010111000110111001100111
01011111001110111100110111111011
11011110100100110010100100111011
11010110011110110111100010000101
10000111011001111111101000000111
10110000000000010000111101101000
00000000010110000110001000001000
00000000000000000000000000000000
00000000000101101000100111011100
11110111110110010010000100010111
00000000001000011110000111011110
11011111110101001110010001100100
00000000010101011010110011101110
11110111110110010010000100010111
00000000001010001110110101101110
01000110001010110101101000010011
00101000011101110011001010011110
00000000000000000000000000000000
11111101111000010000011000001110
01100100111110110011101101011001
00000000011011001110111111000111
00100100100010001011010110001001
00000000010101011000000111110000
11011011001010000000110111011011
00000000001100011010000001001100
11000101010011001011001101000010
00000000001001110101000111011011
10000001001101011110010011111100
00000000000110100100010101000001
11110001110111011001011010001110
10000000011101001011100100101010
00100001111101101001011011111110
00000000010011100110011010111111
00101111000011001001010000000100
00000000011010001011111101001001
11100101111001000100101100000011
00000000011010110101010100101100
10000001110001100001011101100101
10100111001000011001000111100011
00000000001001000101111001101100
11111000010110010010000011111000
11110010001101011000010110101111
00000000000110011000011010001101
11000010110000111111111010011001
00000000000101101000101010000111
00001100101010001110100111011011
00000000000000000000000000000000
10000110000001011100110101000111
00000000000001100000100100111110
11111011011000101010101001010001
00000000001001110111000000101111
00000000000000000000000000000000
00000000011001000001110110101101
11110100011110101011000000010001
00000000011100001101001000001110
11110111110110010010000100010111
00000000001000010110101101001001
11001010011101101011111000011000
00000000001101011000101100010110
01001100101101010001101000011100
00000000000000000000000000000000
00000000000000000000000000000000
00000000010111101001001110000111
00110101101100100110011010011111
10000000011101001011100100101010
00101000000011000011111001011010
00000000000111010011101100010100
00011001100001100011011000001000
00000000000111101110111100100000
00010111111100100111101010101101
00000000010111100101111100101100
01001100100010011000101000010010
00000000010100011010010001010000
10000000011010110101001010000010
00000000010101100001000100000110
11110111110110010010000100010111
00000000010111110010100010000110
10101110100011100110100111001001
00000000001000100001101110111110
10111100101100110101100011110000
00000000010101100110111110101101
10100101101011110110101010110101
00000000011001000100100110110010
00111011010000100100100000101000
00000000011110011010010001011111
11110010001001111101001111010101
00000000001111111100111010100011
01011110100100110010100100111011
00000000010011111000001001000000
11110001100110111001001111110001
01110111110110010010000011011001
11110111110110010010000100010111
00000000010001001001001000111111
00010111100101001101101000001011
00000000011000110000001001101101
10100111001000011001000111100011
00000000001011001100101111000100
00000000001110111100000001011010
00000000000100100011011111010100
00000000000000000000000000000000
00000000000111100111111011000000
00001100101010001110100111011011
00000000001101011110011100111100
01011011010010101010110010110101
11110111110110010010000100010111
10001100101010001110100111011011
00000000001111110111011101001101
11101010100101010010111100011110
00000000000110000101111100111111
01101111010111001100011110001000
00000000011111000000001011010010
00000111101111000110111110011001
00000000011100100111000101011111
00001001000100010111100010011011
00000000001011100001001011011110
00000000000000000000000000000000
00000000000001010110111010110011
11100100111010001001011011110110
00001100101010001110100111011011
00110110110000111001001110000110
00000000010110101101010010010000
11010000110110100101000000110101
00000000001110110010011011010100
00000000000000000000000000000000
00000000011111101100010111110010
11100010010100111011110011100001
00000000010111010001100100001110
11101100101110001110000001011110
00000000000111000111110110010100
00000000000000001111001101010100
00000001000010110011011111101111
00000011011100100100001011110110
00000000010001001100111000000101
00101000100100001011011010011001
10000000001011001111110010100110
10101001111111100001001001111000
00000000001001000101111001101100
11001100110011011111110101111010
00000000001101110111110010111010
01010111000110111100111000011011
00000000000000000000000000000000
11110010001101011000010110101111
00000000001011101001101010011110
01010101011110100101001011010100
00000000000100110010000101101010
10110101010000000011001011111101
00000000000111111100011101111000
00001111011011101111001011101101
00000000001001101100000111111100
00101011111001011101001011110111
00000000010010000011010000111100
00110111010000101001100111000001
01110111110110010010000011011001
11010010111010010000100111001110
00000000000110100001010000100111
00110110110000101001100111000001
00000000011010001011110100000000
01001001011001100110001001101001
01110110111010010011110101000000
01100100010011101001010011111011
00000000001100111100010011100011
10100111001000011001000111100011
00000000010111100000100101111010
01001110111010010110000111110110
00000000000000000000000000000000
11101000111111110110001011011110
00000000000000000000000000000000
01001101010001101011001010111100
00000000000000101011100110010001
01010000100110110001011000011010
00000000000010100011111100000001
10000011011000000111011111001110
00000000011011101011110100101001
01000110010000011011010001101111
00000000001101001011000100000011
01011001000110011011001010001001
00000000000100101000010001011100
01100011001010111110010111010101
00000000001001110101111010001010
10111001101101010110111101001110
00000000011011111001010011011011
10101100010010101110100111101100
00000000011010101100011110000000
01100001111001010100001000001001
00000000001011100000001010001010
11101110011110011010011000011110
00000000010010110010000001101101
11111101001001010001010001110001
00000000000011101100111000110100
01000111010101101110101011100011
01000100111001101000011101000101
10101100010010101110100111101100
00000000011111111111101110011111
00010110110011100101101110101110
00000000010111000111100000000001
10100111001000011001000111100011
00000000001010000000100101110111
11000011001000010111111000001010
00000000010101000110010110010110
00101000011101110011001010011110
00000000010001111010111011111010
00111000101011101100111010101111
00000000011011010011000011110010
00110101111001100010110110110100
01110111110110010010000011011001
00001111010001100110110110001110
10000000111010010111001001010100
00000011001010110011010010011111
00000000010001011110000010110110
11110010011010001011111101111011
11101110101010001101000000100101
11101001001011010100000110000111
00000000010110111100111001110110
10000000000010110100010110111111
00000000001111110010111101000100
01011011110001010000110110110001
00000000000001010001000010001111
00011100010010011111110001110000
00000000000101100100100001000000
00000000011110111011010111010001
00000000001110001010110101001001
01010111011110010110011001100000
01000101101111100011101110011101
01011110001001110010001101101110
00000000011001101110100011010101
01100000101100011111000011110010
00000000011010100101100111011010
01000000111110101100101011010110
00000000000000111010101000010001
00111000110010010100100001000101
00000000000111111100100000001110
00001001000010101001011011111000
00000000001110000010001010011000
11110101101010001101100111001010
00000000010011101111100011101100
00011100000010010101010010101000
00000000011011111001001100001010
10110010010000101101011111101001
00000000001010000101001011101111
00101111101110100010111011011000
00101000011101110011001010011110
01110111110110010010000011011001
00000000011010001010101110011001
01111010010001111110000101110010
00000000000111111101101011000010
00001011101001000000101111011000
00000000010010001010001110011101
11011011010010110101001010100111
00000000010010010101101011101010
11111001001100000110100011011110
00000000001011010010000100110010
00111000010100101100111000010100
11110110111010010011110101000000
01000011100111010111100000011001
00000000001111011101111011100101
11000111011000011111110100000110
00000000011001111010011001011010
10000000000010110100010110111111
00000000011101111101010110111001
01100101011101000010110110011010
00000000001010111010100011011000
00000000001111000010000111101010
00000000001011011111110001000101
00110001010001010100010100011101
11110111110110010010000011011001
00001010100111111000110110000110
00000000010010011100111101001001
11110110111010010011110101000000
00000000001011100000001010001010
11000111000011001011110001110110
00000000000001100010011101110111
01110000010100011111001000011000
00000000010001100000100000001010
11100011101010110010000101100000
00000000011110001011111111111000
10001000100101001011000010001110
00000000011001111110010101010110
11000011100111010011111100100111
00000000001100100100100000011111
01101001011110011101001001010100
00000000011000010100010111010001
11110000001101110011010110010010
00000000001010100000001100001110
00000000000000000000000000000000
00000000001100111001110111100000
01011111100110011011111001000100
00000000000011000100110000011110
11110000010101000000100000111110
00000000010011100101011001110101
11101010000011010101110000110011
00000000000110001001011110001100
11011110100100110010100100111011
00000000000100101001100101101010
00000111101111000110111110011001
00001010001111011011110111101100
10110110011001101111101100010001
00000000011010000010110010100001
01010011011110100001000001111100
00000000000010010110011010101000
01101010110000000111101110001010
00000000010111011110011110111000
01000010100011101110001000110111
00000000001101101001001001100101
10100111001001100001110011101101
00000000011101001011100100101010
10010111101001111001001110001101
00000000011110000011110100111101
01110001101010101000111110110101
00000000001100111011000100010001
01110111110110010010000100010111
00000000010100111110100110011100
10111111011111100101010111001011
00000000000101111101010101000001
00000000001111111100111010100011
00000000011110010110001010010000
10100110001101000011001111011110
00000000011100011100110101100011
11001111111010011100000110011011
11000010110000111111111010011001
01110001101100000000000010001001
00000000000100100001111101111011
00010010100010110101111011111001
00000000010100000011000101000001
10000110011101010110111110001000
11111000010110010010000011111000
01001111101110100110000101000100
00000000000101010001111000100101
10100110110111100110101010010000
00000000000111111111100100101100
00011100010001101000101111110001
00000000000100010110110010000010
10100111001000011001000111100011
00000000001100000101010001100110
11010001000111101110110101000110
00001100101010001110100111011011
00010010000010111111110100010110
00000000010010010000100101101110
00001010111111000000011001000001
00000000001001110110000001100101
01000000011101001011010100111010
01110111110110010010000100010111
01110010001101011000010110101111
00000000011100010100000010100010
00111001101101010110111101001110
00000000001100001000010110110010
11110100010001001100010000111001
00000000011011011101110011110111
01110111110110010010000100010111
00000000011111010100111101110001
11100010011111001100011111001000
00000000011000011101001110100010
00110101110100111110111000110000
00000000001100000001101001011100
10110001001001011111011101011001
00000000010101110001101010000011
00000000000000000000000000000000
00000000011110110000000110100010
01110111000100110011101011010101
11000100100110110000111101010110
11101110111110001001110111110110
00000000001100111010111100111001
10100001000010011100011001011100
00000000000000000000000000000000
10000111110111110100101111010111
00000000001010001000100010010010
11110101101000100000111000001111
00000000011000010101110100010110
10011001101001100100101101001011
00000000001010001011101111010010
11001010100100101111011110010001
00000000001100111100101100010101
11110010001111111111011001110111
00000000001011001110010110100011
11010110110011000111011111011111
00000000000101000101001001000010
00101001111011101000001010011010
00000000001010111010111111110100
10111110101110011110101111100011
00000000010000110111110110110000
00000000000000000000000000000000
00000000011010000000111100101001
11001011010111100010011101111111
00000000011100101010011110101111
10110010100001010000111100101010
00000000010001010100111110110011
11000011110011000111100110001010
00000000011001111110010011010110
11001111010101111111111100011110
00000000001101111000000010011101
10010011001111000100010100100010
00000000001111010101010001110010
01101100110101011111101100001010
00000000001000000111101011111111
00111111100100111011011010101100
00000000011001001010001100010110
00011011111010111111001001100001
00000000001110000001001010011100
11011101111001010101010001110111
00110111100010000100110001001010
01000101101111100011101110011101
00000000010111000110100101100100
11101001101010011100100110010110
00000000010001000111111101010110
00000000000000000000000000000000
11110111110110010010000100010111
00011100101110000100011110000000
11101110101010001101000000100101
01110110111010010011110101000000
11110001100110111001001111110001
00001011111110001000111000000010
00000000011010100000111001101011
01000010111000010101000010110100
00000000010100111100000100111101
01100011001010111110010111010101
00000000010010000010101101011000
11010100011010111001110110011100
00000000011001101100100011011001
11100101110000000011100010101101
00000000001100010101110110000000
11100101111111010011110011111000
00000000011011000111100010001111
11001101001100011101100101001000
00000000001001100100001010000100
11111111010010110110101011110101
00000000000000001011100010001010
11100000000111110011101011001010
00000000001110110111001101101001
10110010110010011100001100111111
00000000010100100011010011001011
11101101110001011011000111000100
00000000001110100110100011101000
11011000101101110010110001100001
00000000011001101101111110100001
00111010111101011110101110000011
00000000001010011011010110101001
01001001010110010000100110101101
00000000001101010011101100010100
11101100111011101110011011000110
00000000010011111011110110010011
10001010100011011001011111000110
00000000001000101110010100100101
00001001001001000001011011111010
00000000011100111001101111000100
00001101101111001010011111011110
00000000000101101011000110011000
01110010001101011000010110101111
00000000010011000111101010111011
01011000100101010001000011011010
00000000010011101001010001111110
00110010111110011100010100101110
00000000000000000000000000000000
11011010010100010011010111000111
00000000000010110101011001001011
00001100101010001110100111011011
00000000011011110100111011110101
11110111101100100000110100001100
00000000001010011100100100101101
11111101000001111110011101101111
00000000000010011011111111011100
11111001110101011111010000001011
00000000011100111110100100101110
00101000100110001001100010001011
00000000001011010000011100101011
00000000011011110101010000110000
00000000011011001101010010001011
11001100101110110000010011010000
01100101111001000100101100000011
10110110001001101111110011011010
00000000011001000001111101001010
11010101001110111111010011011011
00000000011111110001100001101010
10000111100100010010011100011100
00000000000010111111111110111111
10010000110011111000011110101110
00000000011110111010100101001001
00000000000000000000000000000000
00000000011000101001010011011110
01111011110101110010000111000110
00000000011000110011000101011011
10001011110011111000001010110110
01110000010100011111001000011000
11011101000010001001001011001001
00000000010100001110001000110001
00100001110011101000100101111001
00000000011000000110100011010101
00000000001100001000010110110010
00000000001110111100000001011010
00101000010011000010001000011111
00000000001001001011110000000001
00010101101000011010110100101010
00000000010110111101100101001101
10000100111100000010001100011111
11110111110110010010000100010111
11001000110000000001010010111111
10110010111110011100010100101110
00000000000000000000000000000000
00000000000000000000000000000000
11011100100000100111111101111110
00000000000001001010100001110111
01010010001101011001101101100100
00000000000100000000101100001100
11000100111001101000011101000101
10101110100011100110100111001001
00011101101111010100101100110000
00000000001011110001010011010101
00010010000010101010100010110010
00000000001101000100010010011001
10111111000010100000110010000110
00000000000110101101010100001101
00110111100010000100110001001010
00001100101010001110100111011011
10110010111110011100010100101110
00000000001000111110101000011100
01101001100001101100010001001001
00000000001100101110001001110111
10000100011110110111110110111011
00000000001110111101010011100010
11001010110111000111011100111011
00000000011100111011100111111111
01110111001101010001110010110110
00000000000010010010111010111100
00000000010011100110011010111111
00101100001001111001101011101000
00100110001111011011011010111011
00000000010110010001010110100011
01111000010110010010000011111000
00000000011111011101000011101111
01011001100001001001110100111000
01111000010110010010000011111000
11000001001100011010110111001010
00000000000000000100010001111010
11111100100001111010110000000000
00000000010001000011011010011000
01110100010011111100010110101101
00000000011010100010100101000010
10001100101110010111100110110001
00000000001010000110100011010001
10011001100011111110011001110100
00000000011000000101011000101001
00101001011100100011001100111001
01110000010100011111001000011000
11010001011101001011000101011110
00111001000001000011111101010010
00000000001000111011101111010101
00000000001101001101111110011100
01101100011010001110100100111101
00000000000010010110000111110011
11010001010101110100111010101001
00000000000111110011000011110110
01111111010011000110100011101011
00000000000101101010000011010111
11000001101010011101000000010110
00000000000111101000110110111001
11100101111111010011110011111000
00000000001011110011110011110011
11101000011000010101100101010110
01111101111000001111100001111100
00011010000101010010111011000110
00000000011011010111110011110111
01111100101110101011000000001111
00000000000111011100101101011111
10100010010101000011110000001010
00000000001000111011101111010101
00100110110011001010001010100001
00001100101010001110100111011011
11011001001101001011111001100011
00000000001011011001110100001110
10011101011111101101001100101011
01110110111010010011110101000000
01011000111111000000110110000010
00000000010100101000000101111110
00101111010100111001001001001100
00000000010010101110011111101011
00000000100010110000010010101101
11110111110110010010000011011001
01100101011101000010110110011010
00000000001110000011000100011100
11111000010110010010000011111000
00000000001000100101110101111011
10001111101110100101101000101111
00000000011000101000111111100011
11000101111011001101100111100001
00000000000000000000000000000000
11000100100101011110010110111010
00000000000010111111001111101011
01000011001000010111111000001010
11110111110110010010000011011001
10010001010011100011001010001010
00110111100010000100110001001010
00111101100110111010110011110111
00000000001100101011011100110101
00000000000000000000000000000000
00000000000011011000000000000011
11011110100100110010100100111011
00000000001000011101101101011011
10010010100101001110111100111011
11100101111001000100101100000011
11111101111000001111100001111100
00000000001110111100000001011010
00111111101011011010011101010001
10000100111100000010001100011111
00010111011101000001100101001110
00000000010001000001011111011100
10001111011100100100001111011011
00000000011100111110100100101110
01000101101111100011101110011101
00000000010001100010101011011000
01100001011001101010000101100000
00000000000100100101101001000111
11111101111000010000011000001110
00000000010001010010110000011010
10011011111100101110111011000111
00000000000000110000111011001101
00101110110110000001010000000001
00000000000010111101010100100101
00000110101100100001011111001011
00000000010101000011010000001100
11110111100100011010000001101000
00000000010011111100000001010110
00011001000100011001111110110000
00000000001010100110010111011111
11101011111110011000100101010101
00000000011001111101101111111110
00000000000000000000000000000000
00000000000010110100010110111111
00101100001001111001101011101000
00000000010101100110000011000011
10101000011001001100010000110010
00000000000110100011110011010011
11010101110010101101000000111010
00000000001001011000101101000010
11111001000111100100011001100010
00000000010000100101000010101011
01100101011101000010110110011010
00000000001110011101010101101001
11100101010101000100000110010111
00000000000010101111100000001001
00101101001100001010111001101001
00000000010101101110011011100000
00011101010010001110101111010011
00000000001110111100000001011010
01110000110100000100010110110111
00000000010101100101010100001101
10010010100101001110111100111011
00000000011100111110010100100110
01000000110110110011100101111001
00000000000001001100110110110110
11000100100110110000111101010110
00000000010111101000011110010010
11001100111110010101010000011110
00000000001011011111110001110111
00110001101001011111100110101100
00110010111110011100010100101110
10000110000001011100110101000111
00000000000000000000000000000000
00110111100010000100110001001010
01100000000111110011101010111010
10010111111101110011111111000000
01000100111001101000011101000101
00001110000000010001100100000100
00110110110000111001001110000110
01100000101011011000110110101010
00000000010011100110011010111111
01100010111100000011011000001011
00000000000100101111111101111011
00000000000000000000000000000000
00000000001010001100100011101111
00100000111110110011100100101110
01110010001101011000010110101111
00111000111101111111101010111111
00000000000110011001100111110000
00001101110111000010101110011011
00000000010011101111100101110110
11110111110110010010000100010111
00000000010011100111011101100100
10000111101100011110000011101010
00000000011000101110111011010001
11101001001111001000111100010100
00000000000000000000000000000000
11010110011110110111100010000101
00000000000110011010101100001111
11101101110111001001010110111010
11011110100100110010100100111011
01110111110110010010000100010111
00000000010110001010000101100110
00000000000000000000000000000000
00000000010001001111111100001010
11110100110101000000011100111100
00000000001011011000001100100101
11110101000010000110100100101001
11110111110110010010000011011001
11100111011100010011011100100011
00000000011111000011110100100010
10111100101100011101011110100001
00000000000000111100100001111000
00101000010101001111101000101111
11110010001101011000010110101111
00111010111001001011110111011011
11000010110000111111111010011001
00000000001000111101001100001100
00000000010101011111100010010011
00011101011011100010001000101101
11010001011101001011000101011110
10011100100001101101001001001110
00000000011000001011100010111010
11110111110110010010000011011001
01111000010110010010000011111000
10010010000101000001011001100110
00000000000100000001111001011111
11001100010000011111001111100000
00000000001000001111110100100110
00000000011101100111011010100101
00000000000101011100010100010111
10101101110111001101111101000101
11110110111010010011110101000000
00000000000000000000000000000000
00000000011011001000010111101101
11101110101100011011101100010001
00000000010001001100111000000101
01110011111110000110101110100001
00000000010010101001111010000000
11111001100100011011100111110111
11110111110110010010000011011001
00110110110000111001001110000110
00000000001001011000000101000010
01110110111010010011110101000000
00000000001011000000000011010000
11001000111111111111011011101000
00000000010101000100011011000110
01111110100110111100001101010000
00000000000100110001011001110000
11001100001100000100001111101111
11110111110110010010000100010111
11101100011011111101101001010001
00000000001010111011101100101100
10110010001010101111000101110011
11010101110010101101000000111010
11000010110110100110100111010100
00000000001010110101010101000000
00000000010011100110011010111111
00000000000110101011001001000100
10011001001011100010010000000001
11111000010110010010000100010111
10100011011111010100100011011001
00000000010100011010010001010000
01110101110001110101000110110000
00000000011111110101010101111100
10011101011111101101001100101011
00000000001100100101000000010001
10110111000010011111011001001000
00000000001101000011101100100001
01000101011011011011011011100101
00000000011101101101001111011110
10111101110001101010110001111111
00000000000000000000000000000000
01110110111010010011110101000000
00000000001001111000111101010000
00100111011001100011011010011110
00000000000001101000001001111111
11000010011011000000101000101001
00000000001011001001001100101110
11011100000010011111110100001001
00000000000100111110111001110101
00010101010111001101011001100100
00000000010001100000100111011011
10110001000000100101010110110011
00000000010001000001101101101100
11110111110110010010000100010111
00000000011010110001110110110010
01001000100011111101101110000111
00000000010010100001101011110101
11110110111010010011110101000000
00000000000011101010110001010011
01000010100110001010110001000111
00000000001011110001011010000100
01110111110110010010000011011001
11110111110110010010000011011001
10010010100101001110111100111011
00000000011111010001111101000101
10000111110001001101011011110000
11110111110110010010000011011001
01110001001010111011100100011011
01110111110110010010000100010111
00110111100010000100110001001010
01110111110110010010000100010111
11001101111000110001001010110011
00000000010010101011010010101011
00100011001111100111111100000101
10001100101010001110100111011011
11110101010011101011100111000011
00000000011010010011001001110111
11101101010010010100100111101011
00000000000010111111001101010011
00000011001101000010101111000010
00000000000000101000011001111000
01010010011010010011111000011110
00000000000000000000000000000000
00100010001111101001101100010101
11000010110000111111111010011001
00000000011011010011000011110010
00000000010011100010100001111001
00100100001111100000010110000111
00000000001000010000100111110010
00001100111111011010001001000100
00000000000000000000000000000000
10000010111101011001011111001111
00000000011110110000001110010110
11010000001110010011011001100000
00000000010010100111101001011000
00000000000000000000000000000000
00000000011111101100001010010010
00110111011110101001000111000101
00000000000000000000000000000000
01010111100111000100011100010111
00000000011111000101010011011101
01110111110110010010000100010111
01110111110110010010000100010111
10000000011101001011100100101010
00000000011001010110001111010101
10110101001001001100000010100001
00000000011111010000011111011001
11011101111100011100000110001111
00000000001011100101110110010011
10111111000001000000110111110010
00000000010110010000100110000111
11000001100011011110110110101000
00000000000010000110011010010011
11101100100111011000011001100101
00000000010001000000000010110001
11110010001101011000010110101111
00000000011101000000110110110001
01111101111000010000011000001110
00000000001011110111000001011001
01010000000010101001001010110000
11111101111000001111100001111100
10000100111100000010001100011111
00000000011000110100111010000000
00001001011000000111101110101010
00000000001111111001100000110111
00011100001001000000011000011001
00000000010100010111101001010101
00001110011111010111011000111011
00000000011110000001011110100100
11000100111011011110111011111111
10101110100011100110100111001001
00000000011100101010100000010110
00000000000101111000100111000011
11110111110110010010000100010111
00000000010001001100111000000101
10011101001111110011110100011010
00000000011011011110010100111101
10100111001010010001111010010110
00000000010001101100110001000101
11110111110110010010000011011001
00000000010101110011101101011100
11110111110110010001111101110011
00000000000110011001101111000000
11101011011011010010101001110001
00000000000111100111110110111010
10011011111111000000000101001111
00000000000100101110000100111101
10110011000010010010001110000000
00000000011001110111010101110010
01110100111101101001001111110101
00000000010100101001010100001011
11001100011100010011001100010101
00000000010010001010001100110011
00110100010010000100111101010111
00000000010110000110100101011010
01100101110101110000010000011000
00000000001110011111111110010110
10110010010111101110111001110001
00000000001010000000100101110111
01001001101111100100100011110111
00000000011101100111011010100101
01100001011011000000100000101010
00000000010110111101101101010100
11101110101010001101000000100101
00000000001100011111000110011100
01011000000001000101011010101011
11010001011101001011000101011110
10001100101010001110100111011011
00000000010000011001111101000100
00001000100110100110011101000010
00000000011101100011100001110110
10101111101110101100111000111100
00000000010011001110010101111000
11000010110000111111111010011001
00000000011101011110010100000101
11001001110111000111001000001100
00000000000011111001101110010111
10111010001111111101000110010010
00000000011101011001010001101001
00011000110000011111001100010101
