01111111110000000000000000010011
01111111110000000000000000010011
01111111110000000000000000010011
00000000100010001000000111010011
10010000010000000010101010000111
11011000000000000010010010000111
11000110001100000010111000100111
11111010100000000010001000100111
00001001011111111000011011010011
00000001000001001000001011010011
00000000011011010000100011010011
00001001111010001000010111010011
00100101011100000010100000100111
10111101101000000010001000100111
00000001011001001000100111010011
00111000100000000010111100000111
00000000001001001000100011010011
00001000101011100000011101010011
00001001100000000000000111010011
11100110101100000010110000100111
10110001111100000010111000100111
00000001100000001000011001010011
00001000111111010000101101010011
00000000010110000000000111010011
00001001110110011000101011010011
00001000110000111000001001010011
01000100100000000010100100000111
00000000001110001000001001010011
00100111010100000010101000100111
00001001010010001000001101010011
00000111011100000010111000100111
00001001101100100000100001010011
01101100101100000010100000100111
01100001100000000010011100000111
01100100010000000010011000100111
00000000010111110000010101010011
01000000100000000010101010000111
00000000110010100000001001010011
00000000101111101000001111010011
00001001111111011000101111010011
00001000000000000000010011010011
00000001110111100000001001010011
00000001111001100000011111010011
00100100110000000010111010000111
00000111100100000010100000100111
00001001010100011000111101010011
11101111010100000010010000100111
01101011111100000010111000100111
11111101000000000010010110000111
00000000000001000000101111010011
00000000100110100000011001010011
11100011000000000010111100000111
00001110000000000010111110000111
10001011010100000010101000100111
00001111010100000010111000100111
00001000001110100000000111010011
11100010101000000010011000100111
11111100100000000010011000000111
00001000111010100000110101010011
00000000000111101000111101010011
01101110001100000010111000100111
00000001101011010000110011010011
10111100011000000010010000100111
00000001111011010000010001010011
10110101100100000010110000100111
00001010100000000010110010000111
11010100100000000010101010000111
01110001010000000010000000100111
00001000000101010000001001010011
10110011100000000010000110000111
00001001111011100000000011010011
00000001001001101000011011010011
00000001101111011000111001010011
00000001011100101000010101010011
00000001011011011000000111010011
00011100001100000010110000100111
00001001010001110000001011010011
01101010000000000010101010000111
00000000010010010000001101010011
00110100110000000010011010000111
00000001011101010000110001010011
01100000110000000010011010000111
10100001000000000010110110000111
01100101110100000010000000100111
10110110000100000010011000100111
11000110000000000010110000000111
00001001110101111000001011010011
01110111001000000010000000100111
01000101111100000010110000100111
10101010010000000010101000100111
11111101100000000010000110000111
00001001100111110000100001010011
10010010100000000010001000000111
11011101100000000010110000000111
00000000000111110000011101010011
00000011100100000010111000100111
00001001001100010000010001010011
00001001010100101000100111010011
11011010100000000010010100000111
10101001111000000010101000100111
00001001110011110000101101010011
00000000001001111000010101010011
00000000100001000000111011010011
01000111110100000010010000100111
00001000110010110000101001010011
00000000101111001000010011010011
00000000001101101000110101010011
00001001110110100000011101010011
10111111111100000010100000100111
00001001111110000000001101010011
00111110100000000010100100000111
01001110100000000010101000100111
00001000001001101000010111010011
11010010000000000010110000100111
00001001100100111000001101010011
00000000111001011000110001010011
00100110101100000010011000100111
00000000010001110000100111010011
11100010010100000010100000100111
00001001110000000010111110000111
10011110001100000010101000100111
10001011110000000010000110000111
00000001001010100000000101010011
00001001100010111000011111010011
00000000111010110000010101010011
00001000011001101000001111010011
11001000010000000010100000000111
00000000011111011000100001010011
00001000101111101000010011010011
11100111000000000010101100000111
11100011000000000010100100000111
00000001001011110000111111010011
01000101110000000010101000000111
11000011110000000010010100000111
00001011000000000010101000100111
00100010101000000010010000100111
00000000101101110000110111010011
00000001011010111000011001010011
00000001111001101000111111010011
01001010010100000010010000100111
11011001111000000010111000100111
00000001101000001000010111010011
10101001111100000010110000100111
00001001000010001000010101010011
10110111110000000010010110000111
00000001010100010000110111010011
01001001001000000010101000100111
11010000111000000010011000100111
00000000111101001000011011010011
00000001000011011000101101010011
00001000000010111000011101010011
00000001000000000000011111010011
00000000100011101000010011010011
00001000111001111000101001010011
00000011101000000010111000100111
00000001001010000000101111010011
00001000111100101000000101010011
00000001110010001000011111010011
10111110111100000010111000100111
01110111110000000010010110000111
00101110110100000010110000100111
00001000011011110000111001010011
00000001011011001000010001010011
00110000000000000010000010000111
00010001010000000010110000100111
11101001101100000010000000100111
00001000101100001000111101010011
00001001001101100000110101010011
11010100110000000010001110000111
11111111010100000010001000100111
01111000001100000010101000100111
00001001110110100000001011010011
00010001010000000010001100000111
00011101100100000010010000100111
00001001011110001000001011010011
00000000010101001000010001010011
10001110010000000010110010000111
00000001011100110000101111010011
00001000111100011000110101010011
00000001000100011000101011010011
00101100110000000010110010000111
00001110110000000010001110000111
00000001001011100000001011010011
00001001111000010000100011010011
10110010100000000010100100000111
11100111010000000010101000100111
00001001101111110000000101010011
00000000100100101000011111010011
01110010010000000010000000100111
11100001100100000010110000100111
00000001011101100000101101010011
00001010111000000010101000100111
00011100101100000010000000100111
00000000110001001000111111010011
00000000010100111000110011010011
00000001111010001000001111010011
01001001100000000010010000100111
11001001011100000010100000100111
00001000100001001000101001010011
00011011100000000010010100000111
00001001111101111000010101010011
01010101000000000010100000100111
11100011001100000010100000100111
01000111000000000010010110000111
00000001111111010000101101010011
01111111010000000010011110000111
11001111100000000010100010000111
00000001011011101000111111010011
00001001111000111000110011010011
00000001100000111000111001010011
00000001101101011000100101010011
11111000000000000010101010000111
00100101011100000010011000100111
00000001000011000000111011010011
00110011011000000010101000100111
00001000011010101000100111010011
11110011100000000010110100000111
00111100010000000010011000000111
00000000101101011000000011010011
00001000011001101000100001010011
10110001100100000010101000100111
00001001100111001000110111010011
00001011101000000010000000100111
10100001010100000010000000100111
00000001111101001000101101010011
00000001001001111000110011010011
00001001000100000010001000100111
00000000111011000000011001010011
10100110010000000010010100000111
10010000100000000010001000100111
10110110000100000010110000100111
00101101000000000010100100000111
00001000001000001000000011010011
00000001001000111000000101010011
00001000111100101000111001010011
00110001001000000010011000100111
00110101000000000010111000100111
10111010110100000010001000100111
01110011000000000010111100000111
00001001001101001000011011010011
11101010110000000010010100000111
00001001110110010000100011010011
11011100100000000010100100000111
00000001000001111000111101010011
00000001110100010000111011010011
01001110010000000010100110000111
11010001110000000010010110000111
00000001111110110000010111010011
00000000111100001000101011010011
00000000011011011000000101010011
00001001100110001000101101010011
00110101110000000010101110000111
00001001000111110000010011010011
00001000011011110000001011010011
00001001111010110000111001010011
00001001011100000000111011010011
00000000001001101000100111010011
00001000010011111000000111010011
00000000110100100000001111010011
00001001110011010000011101010011
01100110101000000010111000100111
00001001011101101000110001010011
00000001001111110000010011010011
11110101100100000010101000100111
01111110110000000010011010000111
11110000110000000010011000000111
11000000100000000010011010000111
00000001100000000010101110000111
00000000001000101000110001010011
00000000011010011000010101010011
00001000011010010000101001010011
00001000010100000000101011010011
10001001110100000010011000100111
00000000010111101000011011010011
00000000111100110000000011010011
01010110011000000010000000100111
00001000010101010000011101010011
00000000010100101000100101010011
01011011110000000010101110000111
10011111110100000010100000100111
11111111100000000010011100000111
11011011001100000010111000100111
10000001010000000010111110000111
00000001100000000000011101010011
11101111100000000010011000100111
10011110100000000010001010000111
00001001111011100000110101010011
00000001000010011000001111010011
00000000110111000000011101010011
01001010001100000010011000100111
11011010000000000010000000100111
11101001110000000010110100000111
01011010000000000010010000000111
00000001001011101000010001010011
01101000100000000010010110000111
01111110000000000010001010000111
00000000001100101000001001010011
00001100000000000010110000000111
00000000100000001000101101010011
00100101100000000010111100000111
00001000111110010000101011010011
00001110000000000010101000000111
00101011110100000010111000100111
11111000100000000010000010000111
00000000000100111000100111010011
00001000110001011000010101010011
00001001100101000000100111010011
00001000100000011000110001010011
00000001111010100000000011010011
00001001110011110000011011010011
00001000010111011000010101010011
11101110110000000010100100000111
10010001001100000010001000100111
00001000001100011000000111010011
10010011001100000010000000100111
00000001011101111000011101010011
11010011100000000010011000100111
10111111011000000010011000100111
00000001001110101000101011010011
00001001001011111000111101010011
00001000101010001000000111010011
11001001101100000010011000100111
00000001001111100000001011010011
00101110010000000010011000000111
00001000010100111000101101010011
11111010010000000010001100000111
00001000011110110000010111010011
10110110100000000010100110000111
11000101110000000010010100000111
00000001100110111000111001010011
00001001101101001000001011010011
00000000101011000000001111010011
00000011010000000010001000100111
00001000011100110000011111010011
00001000011111011000111001010011
01011100111100000010010000100111
00000000111110101000100011010011
00001001110001101000101001010011
01100100100000000010100010000111
00000000011110101000101011010011
00000000101011111000110011010011
00001000000011100000110111010011
00000001110010011000000011010011
10100011000100000010100000100111
00000000011001110000000011010011
00111111011000000010111000100111
01100000001100000010010000100111
01110001100000000010001000100111
00000000001000101000101011010011
10110110100000000010110000100111
00001000001101011000110011010011
11100011011000000010111000100111
00101011100100000010110000100111
00000000001011100000011011010011
00001001101101111000001001010011
01011011110000000010101110000111
11100111000000000010101100000111
00000000001010101000111011010011
11010010000000000010111000100111
00001001111100000000010111010011
11010010000000000010110100000111
00000001001111000000111001010011
01011111100000000010111110000111
00000000011100000000110101010011
00000001010101001000111011010011
00000001111000110000110001010011
00000001000010100000111011010011
00001001110001111000000111010011
00000000011110110000110101010011
00001001010001010000000011010011
00001001001101010000100111010011
00110000101100000010011000100111
00001001101001010000011001010011
00000000101000101000000101010011
00000001100111001000110111010011
00001001000111000000000111010011
00110100101100000010000000100111
00000001101011110000001111010011
00011110100000000010111010000111
00001001000010110000000111010011
00001001010110000000001101010011
00001001100010000000001011010011
01010010000000000010111100000111
00000010010000000010011000000111
00000001010000110000001001010011
01011010101000000010001000100111
00000000111011110000111011010011
00001001011011011000111011010011
00001000011111110000001101010011
10100000101100000010101000100111
00000000101101101000100001010011
10010100101000000010101000100111
00000000011001100000011011010011
10111110110000000010001110000111
11101011010100000010001000100111
00001000101010100000000011010011
00001000011100000010010000100111
00000110100000000010100000100111
00000000100010011000000011010011
00000001110001001000100001010011
11010100100000000010010000000111
00000000111010110000000111010011
00000000110110100000011001010011
00001001101001100000000111010011
10010010011000000010111000100111
01011101110000000010111000000111
00001000001011110000001111010011
00000000011111111000011011010011
00001001101011000000000011010011
11100010010000000010101100000111
01001100010000000010111000000111
00001001000011111000100011010011
00000001010000111000100101010011
00001000110110000000010111010011
00001001101100101000010001010011
00000000100101001000110011010011
00000000001101101000101101010011
00001000110111010000001101010011
01010111001000000010000000100111
00000000111000110000100101010011
01000110100100000010001000100111
01000001100100000010001000100111
00011101100000000010101010000111
00001000100001110000110111010011
00000000011101000000001001010011
00000000100100000000111001010011
01000100010000000010110000100111
01011101110000000010110100000111
00001000110000111000011001010011
00100001000000000010011010000111
00100110110000000010111100000111
00000001000010000000000101010011
00000000101001100000110111010011
00000001000111000000110001010011
00001001101100011000010001010011
10000110010000000010010000100111
10110000100000000010011000000111
01010011011000000010101000100111
11010011111100000010010000100111
00000001000110111000010011010011
00001001100000100000000101010011
00000001111011100000101101010011
10011111000000000010001000100111
01000100000000000010001000100111
11001101000000000010001100000111
00000000011010010000011101010011
00001000010011101000001101010011
00100011011100000010000000100111
00000001000110110000101111010011
00000000011000000000011011010011
11100001011000000010001000100111
00001001011100101000000011010011
00000001001010010000110111010011
01000010100000000010110000100111
00000000100011101000110111010011
01100100001100000010110000100111
00000000011011011000111101010011
00001000110011000000111111010011
00001110100000000010010100000111
01000010010000000010011000000111
00000001010110110000010011010011
01001111101000000010011000100111
01001001000100000010010000100111
00001000110000010000101111010011
00001001100001000000110101010011
00001001111011111000111111010011
01011011100000000010011000100111
00111110011000000010100000100111
00000001001000111000000011010011
11110100110100000010001000100111
01001010110000000010011000000111
00000000000000000010011100000111
00110111110000000010101000100111
10101000110000000010111110000111
00000000010010000000110011010011
00000000110110101000110111010011
10100011101100000010000000100111
00000001011110100000110001010011
01000010010000000010010010000111
01011001010100000010001000100111
00000001111000110000100111010011
00100101100000000010101100000111
00000001000011000000111001010011
00000000100001111000010001010011
00011111001100000010111000100111
00000000100011000000011111010011
00001001010101001000100011010011
00001001101110010000011011010011
10010111110100000010000000100111
00000001100110011000100101010011
11000110000000000010011100000111
00001000101101111000001011010011
00001001111001010000010011010011
00000000100011000000000111010011
00001000111111111000101001010011
00000000101001111000011101010011
10001100110000000010001000000111
00000000010000100000101011010011
10110101111000000010010000100111
00100000001100000010100000100111
01111100100000000010000100000111
00001000101100101000000011010011
11110110000000000010000110000111
00001000000011011000001101010011
11100101000000000010010100000111
00001001010110101000000111010011
00110011000000000010001000000111
00001000101100010000111001010011
00001001100011100000001001010011
00000000100001101000110001010011
10001011000000000010001100000111
00000001011101001000100011010011
11001010101000000010001000100111
00101010111100000010101000100111
10010001111100000010011000100111
00000000010011101000000011010011
00000100010000000010011100000111
00001001101111111000010011010011
10011111000000000010111010000111
11111001000000000010001110000111
01010111100000000010101100000111
01100100010100000010111000100111
00001001000001011000011111010011
00001000101001111000110111010011
00001000011001000000110101010011
11111100100000000010011000000111
00000000001011011000001011010011
00000000111111010000010001010011
00010110001000000010000000100111
00001000111100001000110011010011
10101011110000000010111110000111
00000001101101010000111111010011
00000001010001010000000111010011
10110000110000000010011010000111
10010110011100000010111000100111
00100100100000000010001000000111
11101001011000000010001000100111
00000100000000000010011100000111
00010000101000000010111000100111
00000001010111010000001101010011
11001110110100000010100000100111
01010100001100000010101000100111
01100100110000000010001110000111
01111101110000000010011000100111
01010110100000000010101100000111
00001001010011001000010011010011
10001111110000000010110000000111
11010110010000000010101000100111
00111111111100000010011000100111
00100100110000000010110000100111
00000001001111101000001001010011
00001000000000100000110011010011
00001001110000110000001011010011
00001001001010001000001111010011
00100101011100000010011000100111
01010010010000000010011000100111
00011100010000000010110000100111
00000000111111010000001111010011
00001000001101011000010111010011
11001001101000000010110000100111
00000000010010111000110111010011
00011000111000000010000000100111
10001010110000000010000110000111
00101100100000000010110100000111
01001011100000000010111100000111
00001000011001010000111111010011
00000001010010001000011101010011
00000001110110110000100111010011
00101010110000000010110100000111
00001000110010110000000101010011
00000001100110011000101101010011
00010001011000000010100000100111
00011000100000000010010000000111
00001000011011101000000111010011
00001001001110010000101101010011
01001101000000000010101000000111
00000001011110101000100011010011
00001000001000000000100011010011
00011001100000000010100010000111
00000001011110010000101001010011
00001000000011000000011111010011
10011001000000000010111010000111
00001000100101001000001111010011
11010101100100000010110000100111
11010111100000000010001010000111
00000000011010000000000011010011
11011000111100000010100000100111
10000001010000000010110000000111
00001001011111001000110001010011
00001000010110101000100001010011
10010111100000000010100100000111
00000101000000000010110000000111
00000000010110101000100011010011
00001000010111101000010001010011
00001001100000000000000101010011
10100100110000000010100010000111
00000000001011010000000101010011
11010101100100000010011000100111
01111110000000000010101000100111
01010001111100000010011000100111
10000000110000000010000110000111
00000000111011010000001111010011
00001000000110100000110101010011
00001000100110110000100111010011
11001100110000000010100100000111
00001000110011101000001111010011
00001000100111001000001001010011
00000001000001110000111111010011
10001111001100000010111000100111
00001001101000111000010011010011
00000000111001111000011111010011
00001001110100110000100111010011
10011101111100000010110000100111
00001001010111010000010001010011
00001001011010010000010011010011
01101011001000000010001000100111
00010101100000000010011100000111
00001000010101101000100001010011
00110100011100000010111000100111
00011111100100000010111000100111
11100000000000000010111010000111
01011110100100000010010000100111
01000111110000000010011000000111
00010110010000000010011000000111
00001000010100010000011101010011
10011001111100000010011000100111
11101111110000000010010010000111
00001001010011101000111101010011
00000001110001110000110001010011
00000000000001010000010101010011
00100101101000000010010000100111
00000000011000101000010101010011
00001000111110000000001111010011
00001001011100010000011101010011
10110000110000000010101010000111
00110110000000000010110110000111
11001110110000000010100100000111
10110101000000000010010010000111
00101110100100000010010000100111
11111000000000000010101010000111
11010111110000000010111110000111
00001001100100000000111011010011
00000001001100001000100001010011
00001000001101010000111111010011
01011010010000000010001000000111
10111000011000000010010000100111
00000001001011100000100101010011
10100110010000000010010110000111
10101001100000000010111100000111
00000000001111000000110101010011
00000000011011000000000101010011
00111011010000000010100010000111
00000001101010001000110111010011
00000000100110010000100001010011
00001001111001111000111011010011
11100100000000000010000100000111
00001001010111101000011111010011
00000001000001101000000111010011
10101100100000000010011100000111
00000000110011100000111001010011
00101100110000000010010010000111
00000001001101010000100011010011
10110100000000000010100010000111
10010010010000000010000000100111
10011100000000000010111000000111
00000000001010010000001001010011
00000001110001011000100101010011
00000000111110010000100011010011
00001000011010000000110111010011
00000001011001110000100001010011
11011001110000000010001110000111
11001110101100000010110000100111
01011100110000000010101000100111
00000000011110110000001101010011
00001011011100000010101000100111
10111111010000000010100000000111
00000001101001000000011101010011
00000001011000001000110011010011
00001000111000101000110111010011
10011011100100000010011000100111
00011100100100000010111000100111
11111100100000000010110110000111
11000000010000000010101000000111
00001000011111010000100011010011
11010000100000000010011110000111
00000000000010011000001001010011
00001000000101000000011001010011
00001001011001001000011011010011
00001001000001000000101001010011
01101100101100000010101000100111
00001000100100000000101101010011
00000001111101000000001111010011
01000010000000000010100000000111
10011000100000000010010000000111
00001000101001000000011001010011
00101001100000000010010000100111
00001000000100101000110111010011
00000011101100000010101000100111
00000010100000000010100100000111
10111011000100000010110000100111
00000001100100010000010001010011
01101111111100000010001000100111
10011011011100000010101000100111
10100011100000000010011100000111
01010110000100000010101000100111
11110100010000000010101000000111
00100010010000000010001110000111
00000001001000101000001001010011
00000001010100110000011111010011
11011001100000000010100010000111
00001000010001011000110101010011
11101101111000000010011000100111
10101100000000000010010110000111
00010000100000000010011110000111
00001001010001000000111111010011
00000001111110110000100001010011
00001000000101101000011001010011
00000001000110100000001111010011
01001011000000000010101110000111
01001001110000000010100100000111
00000001111110110000011111010011
00001000011100111000001001010011
00000000011110110000110001010011
01100011111100000010010000100111
11011111101000000010000000100111
00000001010001001000011101010011
00000000110001111000000111010011
00000001000000101000010001010011
00001000010010101000010111010011
00000001001000010000110011010011
10100001001100000010010000100111
00000000100101110000101011010011
00101011001000000010011000100111
00000000110111111000100011010011
01111000010100000010010000100111
10011000010100000010111000100111
11110001010000000010110010000111
00000001101111101000010001010011
01011111100000000010001000000111
01100100000000000010101010000111
11000001110100000010111000100111
00001111001000000010000000100111
00001101000000000010111000000111
00001001101110101000001101010011
00000001001110100000111001010011
11111010010000000010000000100111
00001001111111111000101001010011
00000001001000111000011001010011
00001001101010010000011011010011
11000111100000000010111010000111
01000000001100000010111000100111
10101110101000000010100000100111
00010111000000000010011000100111
00000000100101101000101111010011
00000000111000011000011011010011
11000100000000000010011000100111
00000000110010101000010011010011
00111000111100000010111000100111
00000000010011010000101111010011
00000000000101011000111001010011
00011011000000000010101010000111
00001001010001100000011001010011
00110101010000000010101000100111
00000000011110111000011111010011
11001100100000000010100000100111
10111101011000000010011000100111
00001000111010000000010101010011
00001001011010101000111111010011
00001000101111111000001001010011
00001000011011000000111001010011
00001000100100001000010001010011
00001001100110000000001001010011
00000000010011111000011111010011
00001000011110111000010011010011
00000001011000011000011101010011
00001000110110111000010101010011
11111011011100000010010000100111
00001001000010110000011101010011
00001000101110000000110001010011
00000001011111100000110011010011
00001000100010110000111111010011
11101011000100000010001000100111
00000000001010011000111111010011
11110111010100000010101000100111
00001000000111101000101011010011
00001001011010000000001101010011
00000001001110010000010011010011
00000001100011101000101001010011
11111100100100000010101000100111
11010101100100000010001000100111
00001000010010000000001101010011
00010111110000000010000110000111
01001000010000000010111110000111
11101000000000000010011100000111
00000000010111010000100111010011
00001000111010101000011011010011
10011011101100000010000000100111
01011111001000000010001000100111
01110110010000000010100010000111
00000000100011101000100101010011
00000001111010100000101001010011
00000000010101000000011101010011
00000001101000011000110011010011
00001000101101111000100011010011
00100010110100000010011000100111
10001111001100000010001000100111
10111001011100000010111000100111
10011000110000000010110000000111
00001001011110010000011101010011
00001000111111001000001111010011
00001001010010010000001111010011
00000000000001011000000111010011
00011110100100000010010000100111
00000000010110100000000101010011
00000000101111000000101011010011
11101101000000000010010000100111
01000100111000000010011000100111
00001011010100000010110000100111
00000000011010110000010101010011
00000001100011110000101111010011
00001000011010001000110001010011
00000000001101101000001101010011
00000000001100111000110001010011
01001100110100000010111000100111
00111100100000000010111000100111
11000110011100000010101000100111
00001001001010011000101111010011
00101011000000000010010010000111
00001000100100111000011111010011
00000001110101000000111101010011
00101101000100000010111000100111
00000001010011000000110001010011
01010010000000000010100010000111
00001001110000100000100001010011
00001000111101111000011111010011
00001001001110001000001011010011
00001001000000100000111001010011
11101111000000000010011110000111
00000001010011110000100011010011
00001000011101011000011101010011
10001111001000000010110000100111
00101011110000000010011000000111
00110000111100000010111000100111
00000001101011000000110011010011
00001000110011001000000011010011
00001001011010100000011011010011
00001000100000101000111111010011
01001010101000000010001000100111
00000001010000110000010011010011
00011101111000000010001000100111
00001001111000110000010001010011
00000000011001100000110111010011
00000001011000111000001011010011
11011001101100000010000000100111
10111001011100000010101000100111
00000000000000100000001111010011
00000001100100011000110101010011
10000011100000000010000100000111
00000000110100000000111011010011
00100110111000000010011000100111
00001000111011110000011011010011
00000001111100101000100001010011
00000001011000110000011001010011
00001011111100000010100000100111
00000001100100111000011111010011
00001000000111100000111011010011
00001000000001001000000101010011
00000000011100000000101101010011
00001001011010011000100001010011
11010101000100000010101000100111
01000000100000000010110110000111
00001001111111010000001111010011
00011011100100000010000000100111
01011000000000000010000010000111
00000000111110101000011011010011
00011110110000000010111000100111
00001000111110101000111001010011
00101001000000000010110110000111
10110011110000000010011010000111
11001110101000000010110000100111
01110010010000000010110110000111
01000001110000000010011010000111
01101011011100000010010000100111
00000000011101011000001001010011
10010100110000000010111000000111
10110111101100000010011000100111
00001000011001010000100111010011
00010110010100000010010000100111
00000000000110101000101101010011
10000010100000000010101000000111
00000000110100011000001101010011
11000110010000000010010000100111
00000001011111111000101111010011
11001101010100000010011000100111
10010111110000000010010100000111
00000001011000001000101001010011
10110111110000000010101000100111
00101110000000000010111010000111
00001001111111100000101001010011
00000000011001101000000011010011
10001111100000000010010000000111
00001000000000000000110111010011
00000001001101101000000011010011
00000000000110111000101101010011
00000001101000010000100001010011
11000010000000000010111000100111
00001001001000110000101001010011
10011101010000000010110010000111
01011010110000000010111010000111
00010101110000000010010100000111
00000000001000000010101000100111
11111101111100000010111000100111
00000001011001111000111111010011
01111000000000000010000010000111
00001000011001101000011111010011
00000001000011110000101111010011
00001000100111011000111001010011
11100010000000000010100010000111
00000001010000011000100101010011
00010001000000000010010000100111
00000000010011010000000011010011
00000001001011011000011101010011
00001001010001111000000111010011
00111001101100000010111000100111
00001001011101001000110011010011
11100111000000000010111100000111
00001000001011101000001011010011
00001110110000000010001000100111
00000001111010001000110111010011
00001000001111011000000011010011
00000000000111010000010111010011
11000100111100000010100000100111
10000100100000000010111000100111
11100111100100000010000000100111
11111011001100000010011000100111
10010011011000000010000000100111
01100010000000000010000000100111
11011000011100000010110000100111
01111000010100000010101000100111
11011011100000000010111110000111
01000101100000000010001110000111
00011001111100000010011000100111
01111010010000000010010100000111
10111010000000000010100100000111
00000000110000111000001001010011
00001000010110001000100011010011
00001000110001100000011011010011
00000001110011110000001011010011
00001001100101111000110001010011
00010101000000000010101000000111
00001000011010101000001001010011
00001001000011101000110111010011
00001001011111001000111101010011
00000000101100000000101111010011
01010000101000000010101000100111
01000110001100000010100000100111
11101100000100000010100000100111
00000001011110011000010101010011
01101001111100000010101000100111
01100100100100000010111000100111
00110011010100000010110000100111
11010000000000000010100000100111
01011110010000000010011100000111
00000011000000000010010000000111
00000001111110100000000101010011
11010101100000000010001000000111
00000000011101001000001111010011
00001001010000001000001111010011
11100101100000000010101100000111
10111001111000000010011000100111
11000011000000000010000010000111
00000000110010111000000111010011
11111011001000000010101000100111
00001000110101111000100011010011
00000000000101011000010101010011
11101010001100000010011000100111
00001000100000011000101001010011
00000001100000100000100011010011
10110010110100000010000000100111
00001001110001111000100001010011
10101011000000000010100010000111
10011000000000000010001110000111
00001001101011011000101011010011
01000000100000000010000010000111
00000001101111011000000111010011
11101011010000000010101110000111
00000000001110010000110011010011
01100100100000000010001100000111
00000000100010101000111101010011
00001001011000000010000000100111
11011011011100000010101000100111
10010001111100000010111000100111
00001001011011010000001101010011
00001000111101111000101101010011
10011001010000000010111000000111
00000001010111101000110111010011
00001000101011111000000011010011
00000001010101100000101111010011
10100000110000000010010100000111
00001001010111110000110001010011
00000000001001101000011001010011
00001000011011111000010101010011
00000000011000000000011111010011
10110101100000000010101010000111
00000001011011000000101111010011
01000001100000000010100010000111
00111000010000000010100000000111
00001001101011110000000101010011
00001001111111011000011111010011
11110110010000000010111110000111
00001000101000110000001101010011
00001001001001101000001111010011
01001000000000000010100000000111
00000001101101110000101111010011
00000001000001111000111001010011
00000000100001011000100001010011
00010011100000000010111000100111
00000000001111011000110101010011
00000001011000110000111111010011
00000001110011101000110001010011
00000000101010100000011111010011
10110111101100000010111000100111
01110010110000000010000000100111
00000000000000000000000001110011
00000000011111100111110000010011
11110001111001010100110000111110
00000000010111111011100001110111
01001000010100100100101000010000
00000000011011001000000101001001
10011101001000101100100011010101
00000000000011110011001101000111
01111001010101100000001001111101
00000000000011001001101001011001
11110110000000110111111000110011
00000000010100001011100011001111
10011001111001110100100111110001
00000000010110010100001101100101
11000011001000011011001101000111
00000000010010011101101011100100
01011100111100110010000101001000
00000000011011111110000011100010
00110011100110010000001111000110
00000000010001000000001001101001
01100000111100110101010000001001
00000000010100001000000011000110
00110001101100101100101001011010
00000000010000001000011100101011
10000000010101001100000011101111
00000000000110111110010001010110
10111110001000110010010001001101
00000000000101011010111011010111
11001010111000111000001011110010
00000000011111111011111000111101
10110101110110001111010001111011
00000000000000101000000111110001
01010100000010111111111101000110
00000000001110001000011010101110
11111001110101100000101011010111
00000000010101110111111111000100
00011011011011010011100000110111
00000000011111000110101110100001
01110100010110100001101000100101
00000000000010101001110000110010
01001011001111001000010101100000
00000000000001101000111010110111
00111010001000011000000110000101
00000000001011101100110110100110
11101111000101010000001101110100
00000000000011011100110101011000
11001111000001110100000110111011
00000000000101101100001110111000
00001011110111100000001110010100
00000000001001101011010110111000
00001010001001001111110010100011
00000000001001001000000000011111
01110101000011011111100101110010
00000000000111001001001001011000
11110000110110111010101101010011
00000000010100101001101011000101
11000100111100111100001101010000
00000000010100100001100011100000
10100100010110000111011111101011
00000000001101010010001011101101
00100100000001100101111111101011
00000000011110001001100110101001
01010111101010111110000001001010
00000000001100010010000001100110
01101010011101110100101110111100
00000000000010011100111001100000
10110110001010011111001110111110
00000000010101010011101010110000
10101111001010011001001101011110
00000000010000101110100001010000
00100100110011010100011110100001
00000000010010001010000011110001
10000111101011100110100010001000
00000000011011110010001101101000
10000011101010011100001001001010
00000000011111111101101000100001
00110000111000100011111011101110
00000000010111000001001111010011
11010001111101010000111010110100
00000000000011101011010111010111
11010111110101111011000001000111
00000000011110000001011101001001
01100101111110100011000101011000
00000000001001111011001111110010
11111101101001001001101100011011
00000000001100011001111000000000
00100000000101011101011000011010
00000000000100011010000010011111
01001101000110000000000111001011
00000000011111110011000000000111
10101010100011011111111111101100
00000000010100101010110111100000
00111111100100110011001011010001
00000000011110100100111000011101
01001110111101000110010100011010
00000000001100001111100000101011
10001111000001000010010011000111
00000000001010100000111010100101
01100111101001011111010110001011
00000000000101100010010100111110
11001100000100001100000100011101
00000000001010100111000001111010
01101111100000011110101101111101
00000000011011000011010110000010
00001110001010110100010001010000
00000000010010010000100000000111
10111000011110001000101000101011
00000000000011000011111111101011
00111111111110000111011001000000
00000000011010111000011010101001
01010100001111000101011111110001
00000000011111110011100000111010
11101011000001011001011100010101
00000000001001010000001001010010
10101000010110001010111110111101
00000000010011101011000101101011
11001000111001100111110101010010
00000000000000010000110111100001
00110110100100111110001100000101
00000000000111110011001110100111
10101000010101101001000101010001
00000000010110101011010000001101
01010111000001001110101000010111
00000000000101000011111100101001
11010101010101110100100111011001
00000000000001110110000000110001
10011010100000100110011111110111
00000000000110001110101010110111
01010111010001000110101110011000
00000000011100001100101110000010
00111011001111111011111100001001
00000000000001110101011111101100
10010111001010010101010100101110
00000000001001100111011010000101
11001111000001110000011101011001
00000000011100010000000000101110
10110111001001001100101010010111
00000000010100011111000001001010
11010111110001101110011011010110
00000000001100111111100010000101
00110000000010001110110100110011
00000000010111001111000100110010
10110110100010101110011000111000
00000000000111100110000101110010
10001100101110100000011101001110
00000000011010101110101010101101
00010000110100001011100000011101
00000000001110101001001001111101
01111100101001100111111100001010
00000000000111010001101110110110
01101110100101110100110101101001
00000000010011010010111111001101
10000111101110000101100101100010
00000000001100001011001010101000
01101110001001100011110001010111
00000000001011001001100001111010
10001101100000010000100010110111
00000000000111010100111001010111
01000111111001000110010100010101
00000000001011001010101111100011
00100011010011111101010010011010
00000000000101011110011001000110
10011111010100010101011010000001
00000000011110000011001100101010
00100100101000101100000000110000
00000000000100001111101011101000
11000000100101110001110000100100
00000000001001000100110101011110
01010100000100110000001111011110
00000000001110100010000000010011
00010011111101011110001011111011
00000000001101010011000100011110
01001101011000001111101010101100
00000000010111111001111110100111
11101000001100111100111111111100
00000000000000111100111010110111
10110111100101101111110110100011
00000000010011101110000111101111
01110101011000110001001001110101
00000000010100111011010111011011
10010101101111111111001110001100
00000000001111100100000001000000
01100111010111100010010110010101
00000000000110100010100110000110
01110101100001110010111001011001
00000000000010101100111101110010
11000101010000000010111010010101
00000000000000101011000100110101
00111111001011010010011011110011
00000000001111111111110000011111
01100011001001100010011011010111
00000000000111011101000101000101
11100010110111000010110111100111
00000000011000110100101101000011
01101111100110101000001101000000
00000000011111111100001111110000
11111001011101100101100011110000
00000000010100010101010011010011
01000100110110110000001110110100
00000000011001011010101100010101
01100000000001010010110110010100
00000000011101101101011000111111
11111010111111011111011010110101
00000000011001111010000010001011
01001100011010000011100000001100
00000000011000111011110100011010
00011100101001101111110010011010
00000000001011010001101100011110
11011011101110101110001100110111
00000000000011110111101001111001
01000101010110100100111000111010
00000000001111111011000101000010
10111010111000011010101001000010
00000000001100011111010100101001
11101110110110101100011001011111
00000000000101010111111000110011
01000010101111010001000111000101
00000000001000101111110011101000
00100100101111101101110110101010
00000000000010000000000000111101
00000110111011010001011100100100
00000000010100010000000111011110
10001101011100100010010101101011
00000000001110010010011010000001
00111111101110001110010010111100
00000000010010001001100101001000
00110010000010110100000110010001
00000000001010110110000101110111
01111110011111100111110111110111
00000000010010111111110100001010
10011001101001110001100011001100
00000000001101011001010101111010
00000110010110101101110100111100
00000000010001110110111110111111
10110110101001100111100100010011
00000000011110101001011111110010
10010111111000100110111011000001
00000000000110111011100101010111
11111011111100010110010011010000
00000000010011110001110001011100
11101111101001000101010111110111
00000000010111001100011100111000
01000001000110011100010111101101
00000000010111111110100111000010
10100001001111001101111000001001
00000000010110111111001010001011
01111010110110110111011000110111
00000000011010000001100011110110
11011111000110101000101101101101
00000000011011101100001110000100
01011110010010010110110101100000
00000000000000001110111000010111
11110010110010010111010111111000
00000000010000010000010101110010
10110000000000101001110011000011
00000000011111011001101001001000
10100101011011111000001010001111
00000000011101000010001010010011
10010110010011101000011011100110
00000000001111010111001000010001
00001111100011111011001001000110
00000000010111010000001111111000
01000100100110101101101101000011
00000000000111010010110010101111
00101100000001110010000100011011
00000000011111101110110111101111
11110001000000000001101110001111
00000000010010011001001000011110
00101111010111101111010011111111
00000000010111000011110010100100
11111010010011101110101011100111
00000000010011100100101101001100
00101000100111111111111000010111
00000000000101111011111001000000
00100110011110110100000110000110
00000000010000111111110011011010
11100111101001001100101111100100
00000000001000010001110001010010
00110110000011100011011111111011
00000000011001011100000110011101
00000111101101001101000101110001
00000000000000001001110101101101
00011011000000110100010000011101
00000000000100000001100011001010
11001000000101000100000000110101
00000000000101110000010101111101
11010000010010111111010101101010
00000000010100111010111110011101
10101100111001001000111010101000
00000000010010111001111000001100
10001111001010110101010000001111
00000000010101100000001000000001
01111001100001011100111011001010
00000000001000001111100000010101
11001111011101001010010101110000
00000000001110010100111111001101
11000110001100111110000100011000
00000000011010100100001110100110
01011111011111110110011110011000
00000000011111000100110110100011
01011100100010010100101100011110
00000000001001000011110101011100
01001101010000010001011100001011
00000000001010000001111000010011
10001101111100010000010001111111
00000000011110010000110111100111
01000110000101111000000111111110
00000000011101100011000011000100
01001011001110000010000101011110
00000000001010111001100010111101
00111101001011101101001110000000
00000000000110010100000101011000
10011111110110010000010100000111
00000000000101101000100101101010
00111111011110011011010001100100
00000000011111001011101001111110
00010001100010011001010111101000
00000000000010001000001101010101
00001100011111001010000001110101
00000000000011000000111010111010
11101010100111110110110111011001
00000000000010100101000010101110
10000000001010011110110011101000
00000000011010111010000001110111
10111110000110001101101010001000
00000000010010000100110111100110
01110100100000111110111101000011
00000000001011001001110111111000
10010011111101010111111011000111
00000000011101000100011110011111
10101101000100000101001100001011
00000000000100100001110001001011
10010100010100001001010101110100
00000000001000010100001011011001
00010011100010001100011101111000
00000000001010110111011101100111
11110101110111110010110101001110
00000000001101011010101101110101
01010001001101100010011001110000
00000000010100010010010011001010
01100001100101001101110010100011
00000000001110000010101010011011
00110111011000101000001111111001
00000000010011111111111111001001
10111110001110110010011010001101
00000000001010111111001110000010
10100010000010010001001010101100
00000000011111101111001111001110
01011100001000010100100011011101
00000000011011010000001001100001
00010100111010011100110000010001
00000000001100100000100101110010
01001001010111101010100000010010
00000000011110000010001010101010
11000010100100010101010011111110
00000000000101001001110100000000
11011011010100111001111010011011
00000000010101000101000101011010
00011100001011000010001011011010
00000000000010101000111011011100
11001011000111000101001001110111
00000000010010100010110100101101
11011111001101011110100101011011
00000000011111110001100111001100
01010011011110010011111111001101
00000000001100101001100111100101
11001010111111100100101010101100
00000000000011011011110111101101
10000101100101100000000111001101
00000000001011110101000100111011
10111101110010101011101110001111
00000000011101110010101001110001
01110011001010110011110000011100
00000000001111101000010010011011
01001011010011000001000101110111
00000000011000000101011110101001
11010011111110011110101111100011
00000000001011111001111100111001
11100100000110101010100001000000
00000000000000000101110011011111
10110001001111010000000100111110
00000000001011010011101011101111
00111100001101010111111010011010
00000000000101000101000000010000
01010000001110000101111011010011
00000000001100011010101111100001
11010100001110011011111100101010
00000000010000111010111000010111
01111101101101101011010000100001
00000000011100100001101111101111
01111000101001001000111011001000
00000000011110010111001100110100
01111111000000000000010000111001
00000000010011101000101101011010
10010101001010101111010011111011
00000000010011100011000110001110
00110100110110111111101001000101
00000000011010101100100001100100
00011000010111100001000100110011
00000000011101011011001110011000
11011110101100111111000111001110
00000000010011011111001111011010
10010111010000100101111100011100
00000000000010100111111101111011
11100001000001110000001101011000
00000000001111100000000110101010
01101001101100010011110101101010
00000000010010111101011011001111
00111001111100010010111111000000
00000000011111001001011100001000
11110110011011011000111001001100
00000000010010011010001010111111
00010011110010010101011101010001
00000000010010010001110100010011
11011100001000110011001011101001
00000000001010100100110110101011
01000101110100111110000111000001
00000000000111011000110010101101
10100010100000010110101100011101
00000000011001000101101110011110
11110011011100101111000001010001
00000000011011000101100001111110
11110000000110111101101000111100
00000000000011001011111100111111
10100000000100110101101110000010
00000000011010000110010110001000
10100101100110000010010101111010
00000000011001110011100110000011
11110010011001011111100010010110
00000000001001010010111100011101
10011111011101010111001110010011
00000000000110011111001110111100
11010001010011000001101100010101
00000000010011001100011111101111
00110011010101011010110100110100
00000000000011011010101001101001
10111101101000001101110001011110
00000000011000111101101010111110
11011010100011101010110111010100
00000000001110001010111111101100
11010111001011111010010001101101
00000000010110010011010001000111
10100101010110100111101001010010
00000000001110011111011101000101
11010110110111011001100111000110
00000000000100101111011101010110
10010010111001011000110010100111
00000000000101010010100000101101
00010111110100110000010100110100
00000000011000001010011101000101
10110010110100100110010000111110
00000000011011010101111101101001
10001000010110000110000101101000
00000000011011001010111011011010
11110011000000000100110010110000
00000000000111111100010001010101
00000111111110111100110000000001
00000000010111110001110110001011
11101010111100001001001010000011
00000000001100011110000100101111
11001001010011001111110111101110
00000000001010000010110000100111
11011101100011010001110111101001
00000000000001110001011100101010
10100011010100000001001010101010
00000000011111010000011101010011
01000101110110010001100111100000
00000000010111100101100100111010
11110000111010101101111100101100
00000000000011001101101101001101
11011011011011000001100111101110
00000000000010110001100101110100
01000100111010001101001111011111
00000000011100011001100101111111
00000111011000001011000010000101
00000000001110100110000100101100
00100010011011110110010000100111
00000000000100111001010111101001
11011110010101011000010000011110
00000000010111101111000100100000
11010101110101011010100101110011
00000000011000001000000001101000
11010010110110000001010000010100
00000000010010011101010000001100
10101110001111101100011111110010
00000000001000101101011001100010
01000011111100100110010100000101
00000000011001011110110000100000
10110010111100111101000000111111
00000000011001100101011001100011
10111110100000011111011101000010
00000000000000010110001101100110
01001010000101110110111101100100
00000000011001011101001100011011
11111101111000001001101000100000
00000000011001101011100101100001
10110111001000000000000010101100
00000000011000101011111100011010
11011011010101001010110001001000
00000000001110011010110110011110
11100010111110101000001101110101
00000000011111001111110111100111
11100111010101111001101011110110
00000000000001110001100010100101
11111000100010001001110101110010
00000000000110000001011010011101
11110011010100101011110101110010
00000000001100101001110010110000
10101011000001000010110100001111
00000000010100110110000011111001
11011011000001101110101000101000
00000000000000001101011100000100
00111000110010010000010000000111
00000000010010010111011011110000
00110001110110101100111101010001
00000000001111111101001101100000
01110110011111100001011101101110
00000000010111101101101010100001
00111111010001100101011000010010
00000000000110111010000100111111
10011010000011101111011100010000
00000000001101110000111011010111
10101000010111100011101101110111
00000000000111101010010001010101
11010101111001110010010011101011
00000000001111111010000011011101
01010000100011111010111011101010
00000000010111001010111110011100
00000011010001110001011000000100
00000000001100110101010111011010
10101001101100000000110110001111
00000000011000010011101110011001
00111101011111110101010011111100
00000000001100111001001110101000
10100100010011111100011000111001
00000000001100111111011011000001
00001101100111011010011001110000
00000000001110111101010110001011
01011000001001011101001101000010
00000000001010101010011010101001
01000000110101110000011101101111
00000000000011000010110111001001
01011000111011011101000010101111
00000000001100111001111101000111
00001101111100110010101001110100
00000000011001100100001111100001
11101001010001001101100111010110
00000000010010111001011010100101
00111111100110100011111111000111
00000000000001101001100110001010
00010010110111100110001001001101
00000000010110101000001101000110
11100101111000011001111110100100
00000000011011001101110000010111
10100110111001101001010011001011
00000000010010100011010100100111
10011000110111000111010110010100
00000000001101101110011110111010
00111001011101011100010111000100
00000000000101011001010011001010
11011000101110010100110001001110
00000000010101010000100001100001
00110110100000110111011100100110
00000000011111110000101101110111
00111111010000110001001011010101
00000000000010111010111100100001
10010010000101100100100100000101
00000000010000011101110000000010
10100000011111110100000111110001
00000000000100001011110111101110
10101010001110000101101110011011
00000000000000101011001001101100
10011101001100110011101100100010
00000000010100110011100100001011
01000110001100011110111010111001
00000000001100110001111110000110
10001111010111000110010001110000
00000000010011000001111101110000
00001101001010100101100110111001
00000000010100100101001111100011
00000001010001111010100001110100
00000000011010010000101010101000
00010000010001001110011010011010
00000000001100111111011110010100
11111010101110100100101000100000
00000000010100001110001101010100
00111000111110100010010100111100
00000000011011111011100001010100
00001101001111100110000110110000
00000000001101010111001001011010
01101101001101001000111010111110
00000000000111010110111100110101
11011001100000011011100011100111
00000000000101011101101110100100
00011110000010100111010010110101
00000000000101011011001010001001
01111111000100100010101011001101
00000000011101111011110000011010
10001100101110100111001111111100
00000000010000000111010111100110
00101010001011111100001010101011
00000000010111111100000011110011
10001100111100101000000011010101
00000000000011011010111101000101
10010111101100001011001111100100
00000000001110111100110110000110
11111001111011111001000010010110
00000000000111101011100010000011
10110110110100100010000001000101
00000000000110010100011010001011
00001001110110111110011110100100
00000000011000100010111000111011
10001001000110000101100100010010
00000000000100010101100100111101
10011001110000010011010000000101
00000000011111010011010100011100
11110001110111011001010011001101
00000000001101101110010101010001
01110001110100010101111010101101
00000000000010000101100000110010
00100010000000101110011111100101
00000000000000001000101110010001
00100011001111010111011001001011
00000000001100110101001101110100
10110010101011101110001110010010
00000000011111110110101110010001
11001001001101110000010110100101
00000000000100100000000111101010
11100101101110101100110000011001
00000000011100010111001110111110
01100111100101110011110010011110
00000000001101000100000100001000
11111011100100011110101100100001
00000000010101001100000011011101
00110010100011101001110110000110
00000000011000010101000100001110
01110001001001001000101110111010
00000000001100101000000111001001
11101000010101111010100000001100
00000000000001100111011010001001
11010111010010101001111110001010
00000000010001000101010110111010
00001001011101111000011011100001
00000000000101011111011101110011
11101001001001111000101010000011
00000000001101100101010011010100
00001100000000010001001001000100
00000000001000000011101101111001
00101001001110100000100111001011
00000000001001011010010011100101
10111100011111110011101100000011
00000000000001011111111101000001
11000100010101011011001011011110
00000000000111111110001000000000
11011000100001100101010001001001
00000000001011011111010011110101
01100010111011000111101011000110
00000000000001010100110110010100
10001100001011101111111001001100
00000000011011110010100000011001
10111101011010100100111010110011
00000000000110101010101110100101
11001111000001011010101001111110
00000000010100100010011111000010
01100110000010001000000011110001
00000000010101001110101010001111
11011001110010010100000000101000
00000000010001000101100110011101
10100001010011001111111000000001
00000000010010111011010100000000
10000001100110001110111101001110
00000000000010000111101000111010
11001011000000111110100110101000
00000000000101011111000110011001
00010001000111001110010110001101
00000000000011001101101110111100
11111101001010111011010111000100
00000000001011010101111101101011
01000001111010000000111010101111
00000000001001110000011010011011
00000011000101001111000010100111
00000000000100011000000101100100
00100001000110010000011000111001
00000000010010111111101110111000
01000101101010100011100010111010
00000000010111000011011010111100
11010011000110110000110000001111
00000000001011110000100010101000
11011100011111101111000110100010
00000000001100010111110100000101
11110010001010101001010011101111
00000000011011100111110111111111
01111110111101000110101100100100
00000000011010100111011010000110
01000110001111001010001100000101
00000000011111110100000010000100
01010110110110111110011000101100
00000000000000011001111010100000
10111111001001100011110110111010
00000000011100010011001011011000
10110111111111011100000101001011
00000000000011110001001111010001
00000110010111110101101100110100
00000000001011100001000001111011
00100011101100111010100100001101
00000000000111010101111100111111
00110000100011000001111111110011
00000000011010001111110110000101
10010100001010011010010001110100
00000000011111111000110110011001
11001101000011010001100100000100
00000000000001100000100111100011
01010001010100011010100110100010
00000000011011101110010110001011
00010100110010010101110001111101
00000000000001000111001000010000
00100101010010011101011101000000
00000000010100110110001010100101
01010100010001001000110001110011
00000000010101101000000010110100
00011000101000101110111001111001
00000000001000001110101111001000
11110010000001011010011001111000
00000000011000010110110001001011
01101011100011111010011000110110
00000000010011001001111011111110
00111111001101111101111111110110
00000000011011000110100111010100
10110010101110010000111011101010
00000000000101110100101110001011
11010100001101011110101011100111
00000000001100100010110111100110
11010110011011101110101000111100
00000000011100111101101000011101
11111101111001011101011101101100
00000000011010100010101110000000
00111010110110101100001001101011
00000000000001100111001101100110
00000011110101110000100010000000
00000000001011001101101110111010
00011111011010100100000101011001
00000000000110111111010101010000
11001110011000010100111101110001
00000000001001011100101010111001
11100000111010001110100010001100
00000000010010100001110101101111
10111110010010001001101111110011
00000000010010100100101001110000
10111111101000100011111110111100
00000000000101111101000000101100
11101100111111110110011100001101
00000000010101000111110011001011
01001101001011100011100001110000
00000000011011101001101100111111
10111101111111111100111001011110
00000000010101110011111111010100
10101001110100001010000100101011
00000000011010100101101000100010
00011101011001010010110110001101
00000000010001001011001010001011
10010111101001011011000011011000
00000000010001001111101100010100
11000001010010111100111100110111
00000000011101000100011010010100
01111110100100100000101100001010
00000000000010111000100011010011
10100111110010111100101010111000
00000000010110000000110011000010
00011111000110011011011101100000
00000000001110110100110110110010
01100101011110100010101101010010
00000000001110110001111010111111
01000000000110101001111110111111
00000000000011110000110100011001
10011001110000100100100001010010
00000000011111110001000011111101
00010101001001011000010110100011
00000000000011001001011010001100
01110001100110101100011110110111
00000000010110011011111000100101
11100011011100101111000010001001
00000000011011000110101100110011
01011000011010000011001111001010
00000000001110101111110001110101
11010001101001110000001111000000
00000000010100000010101100110100
10010000110110001010101001011101
00000000000111100001011100000101
00100101110001000000000110100011
00000000011100101101101010111110
10000001011000111010000111000001
00000000001101010011111011001100
11100110101111100111011100010111
00000000000110000110111001111000
01110111110000110010111111101011
00000000010010110010001001100101
10001000111011100110101010010110
00000000001100110000011010100110
11010000001100111100100011101100
00000000001001000101000111011101
00001111001110111111110100010100
00000000000110100101101011110100
10010010000010011110011000010010
00000000000101100100011101000100
00100001010011001110010011111111
00000000010101111011000101001101
11111110000111100011001001010111
00000000011110100101000011110101
10100001000010111111110001100000
00000000010110000010001000111110
10011110000110010000100101001101
00000000010100001010000101011110
11110110111011111000110001111100
00000000010111011100101100100110
10010101100000101110000110111000
00000000000110001110011100111100
01010111000001010000101001000110
00000000011010010010100000011111
11110000010101100000111001110011
00000000001011011010111010111111
01110011010000001010101110010100
00000000011101010011110001011101
01101010011111101110010001011010
00000000010100000110110011110010
10011100101010111110100011011111
00000000011111110111001110011011
01001011110110001011111010110000
00000000001011001110000100001001
11101001001111111110011111110000
00000000010101100010110010010111
01111100110110110011101000111010
00000000010111010101110011100110
11110000011010100111011000110111
00000000011100010110110111100000
11001010010110111101111001101100
00000000001101000110011010111001
01001100111000111110001101011011
00000000010110001000011111011011
01000110011101010110110111100100
00000000001011110000011011110010
01101001010010010101011011001110
00000000010100001110111010110101
11101110000010010110111011010111
00000000001000000100110001100010
00110110010010010100101100010110
00000000010001100000100000011101
01111011000110011100001101100101
00000000010101010101001011010100
11110100001011101110101101110011
00000000010011110111001111100011
00110111000000101011101010101000
00000000000001110000101110110011
10110010100010101010011010111011
00000000001011001010010001010101
01001111100000000011000010011100
00000000010010011101110011011011
10111111110110111101011101100111
00000000010101010010011110100011
00001010101001010101001101000001
00000000001011010011001000000110
01110010101101100001001000001110
00000000000011100001001100111111
01010101011010011000011101101111
00000000001100100001110111111010
11011010111110000100100111100000
00000000011011110011110101010011
11011111111110010001011001010111
00000000010001110111100100110000
00111000100110010100111010111111
00000000001010101111011010010111
11010011011001101111000110100010
00000000011110110011110100011101
00101000000110101100101011100010
00000000011011100110010100001100
01010111001011101110101010111110
00000000010110000101000000011111
11010100000000111100010101110101
00000000000101010000111011011101
00011010000111001110001011101110
00000000011010101011000011100001
11100111000111001011011001110001
00000000011001000111010110110100
10111101111110000111100100110011
00000000001101110101100000100111
10000111001101111000000000110000
00000000010101000101100100110010
11110000000011101110001011000000
00000000000010111110110001011110
01001010001100011110100010100011
00000000000011001100001001111100
01011100010110000100111100010111
00000000001100011111100010011111
11100110010011111010101010111100
00000000000111110011110110011000
00101001100101110111100000001101
00000000001101010110011110001011
10110101000010010110001101010110
00000000000001010000101011111000
10000001101011011001000111111110
00000000010000110011110010111011
10100010101001000100000000001101
00000000000001100111000101001100
00110110110001011011011011111111
00000000000001011110010110011110
01101111000110111110000001000010
00000000011010000011111010100011
01001101000101010110111100000100
00000000010011110111001011001111
10010111111110011000110110100001
00000000010101010101011111111111
11011110110100111100011110101110
00000000010001100000100011101110
01110111110010010000101000001100
00000000001111010001001000000101
10010000001001101001100000011011
00000000000010001100010111111101
11000100000101001010000111101111
00000000010001011101010100111001
00010111110010100110001111101100
00000000011110010100101101111110
10001001000000010110000100100101
00000000000111110100111101001011
10101110001001101001111001001101
00000000001001011111100101111100
11000010001111001101011111001100
00000000010011100010111000001101
10011000001010010010001100001111
00000000001111111101011000101011
11011110100010100101110010101110
00000000001101101011101110010100
10011010111100111101111000110110
00000000010101000101010110011101
11011000100110110001011000001100
00000000000011101111101111001101
01010100111001000001010111001111
00000000001111000001101101110101
00000000101100000010001111010000
00000000001100000111101100001000
11011111011101011001001101111110
00000000011011110011010101101110
10011001001001011001001101100010
00000000011100001000011001100001
11011001110011001011001100110111
00000000001000001111000100100011
10100011110111100001010111001010
00000000001001110101011000011111
11010100010111000011001010011001
00000000010101000100100000010110
01011000000011100101100111001111
00000000010011011111010001011100
01110101011001000011011111110000
00000000011011011110111100010001
11001010001001111000101001111010
00000000010011100011101001101100
01101011110011100111011100010100
00000000010100011100100010100011
01010000111111010010011101101001
00000000000100000000001000001011
10000011000000101010100001101101
00000000000001101011111110010101
00100100010011101111001101011110
00000000010001000000010001011000
10111010010111000010001000011001
00000000010000101101101001101100
00000101011000110011101110000001
00000000001011011000100010001101
00101101101010101100000100100001
00000000010001100001111011010011
01100100011101000110110110110001
00000000000010100011000100110001
11000001111001100101101011010010
00000000000000010110110011111010
11101000100010011101001001111110
00000000001011100100010110101110
00100110101000001100111101000110
00000000000110000001101001100010
10000110000000011110110111110110
00000000011010110110110101011100
01010110010100001000101101010011
00000000000101100000000110110010
01000010100101100110000001010010
00000000011001011111111001000110
01101001010010001110111011001111
00000000010111101000111011100111
00010110011100100100001011110010
00000000000001101101001001010010
10111010100011110001101101010010
00000000001000011001000110111101
11000000001110010100111000011100
00000000000000100110110000000100
11100000111000111101110000001011
00000000011000011100100110001100
01111010010110110110100100110111
00000000010101011001000101001111
10111001111111111101100110001110
00000000011011011110111001101110
01101101000101110000100010110001
00000000011000010100001001111000
01110111010001100101011101010110
00000000010010011011010000111000
00000001001001111001011011001001
00000000010011111010111111001011
11111101111101100110111101010000
00000000011010110101110010110111
01101011110011100101001111011101
00000000010010101010100001101001
11110001110001101000100000000001
00000000000111110100000011010010
01001101011100011011111110101101
00000000001010000111011010101000
01101010001000101010100110011011
00000000001010101101011011001010
00110001100110011000111100110100
00000000011011110010010001000001
00110110011101001100110010101111
00000000010110111101011011111010
00111110010001111011101111011000
00000000000000111111110001110000
11000110011000001100011110110001
00000000010110010010000110011101
10100001100011011100110100100000
00000000001011001100111011100101
10110000000001000000101010100110
00000000011011011101011110010100
00101111101110110110010111001010
