01111111110000000000000000010011
01111111110000000000000000010011
01111111110000000000000000010011
00000001010000001000111101010011
01000100110000000010111110000111
00000100000000000010100000000111
00001000110011010000010001010011
00000001101010100000101001010011
00000001100110111000000101010011
00001011000000000010000110000111
00101101100000000010010000100111
10010000100000000010001000100111
01010000100000000010110100000111
00000001011100010000000011010011
00000001010011100000111011010011
00000001011100100000010101010011
10110001000000000010000000100111
00110111010000000010010010000111
00010010000000000010000100000111
00010000010000000010110000000111
10001011101100000010010000100111
11111001001000000010010000100111
00101110011000000010100000100111
00001000001110101000110111010011
00001000000011000000011001010011
00100100110100000010011000100111
00001000110110001000001111010011
00001000111101010000111111010011
00001110000100000010000000100111
00000000100001000000010001010011
00000000001110110000000111010011
00010100110000000010011000000111
11100011000000000010000010000111
00000000100101001000100111010011
11011100000000000010001110000111
00110000110000000010110000100111
00001001111010010000101011010011
00000001111101010000111101010011
00001001000110001000110001010011
00000001010010110000001111010011
00000001011010010000101011010011
00001001000000111000101111010011
00000001100111000000100011010011
00001001100011010000011101010011
00000000001111010000001111010011
11100101000000000010100110000111
00001000001001010000110101010011
00001000010111000000010011010011
01000111111000000010011000100111
11100000010000000010101000000111
11100000000100000010100000100111
00001001101000100000100111010011
00001000111011010000001111010011
00000001110110000000010101010011
10101000111100000010010000100111
00010101001100000010110000100111
00001001011101010000011101010011
11100111110000000010111000100111
00000010100000000010001100000111
11110000000000000010101000000111
11011101001000000010010000100111
00001001110001101000011001010011
00000000111010111000001101010011
00000001111110110000111011010011
10100000000000000010000000100111
00000001001111000000101001010011
00001000110111110000010101010011
10101111110000000010000100000111
10110110111000000010101000100111
11110101100000000010001010000111
00110100111100000010100000100111
10001101011100000010011000100111
11111110100000000010110110000111
00100110110000000010000010000111
01011010100000000010100010000111
00001001100001011000001111010011
01100110000000000010011010000111
11101110111000000010101000100111
00001001101100100000010011010011
00000000100110111000100001010011
01001000110000000010101010000111
00000000011001100000001001010011
11001010001100000010011000100111
00001001001111011000100001010011
00001000101011110000000111010011
00000001100010010000001111010011
01100011101100000010011000100111
00000000100110100000010011010011
00000000100100110000110001010011
00000001001110101000100101010011
00001111000100000010011000100111
00001000000000000010110000000111
00110111000100000010101000100111
10110001110000000010100100000111
00001001100111010000110111010011
00001000011010001000101111010011
00001000100100011000011101010011
11110011000000000010110110000111
11100011010000000010000000100111
00001001000110110000010111010011
00001001101000011000110001010011
00000001110100100000110001010011
00000001111111100000001011010011
00000000000010111000001011010011
10111010010100000010110000100111
00100111010000000010101110000111
00001001010010010000001111010011
00100100101000000010001000100111
00000000111101110000001001010011
00000000100101001000110101010011
00000001101001100000110111010011
00001001101101010000011011010011
00000000100010001000110001010011
00000000110101010000010111010011
00001011100000000010001110000111
00110110101100000010110000100111
00000001110000000000101011010011
00001000100111110000110101010011
00001001010110001000011111010011
00000001100101011000001001010011
00001000100001000000111111010011
11010010001100000010110000100111
00001001101011000000001101010011
01101010100000000010110000100111
00001001001110010000101111010011
00000001100111011000001111010011
00001001110110000000100111010011
00000001101101010000110101010011
11110111100100000010000000100111
00000001111100000000100011010011
00001001101001001000011001010011
00000000011000101000110111010011
10110010100000000010010110000111
00001001111001001000101011010011
00001001110110100000111111010011
00001000011001001000110001010011
00001000100001111000100011010011
01101010100000000010110110000111
00001010100000000010101000000111
11101111011000000010010000100111
00001000010010110000011001010011
00001001100001011000101101010011
00011001110000000010110100000111
00000001000110011000011111010011
11101010100000000010001000000111
10101001110100000010000000100111
10001000101000000010010000100111
00000001111101100000100101010011
11000001011000000010101000100111
00001001110110000000101001010011
00001000100001101000101111010011
00001001000001010000111011010011
00010100011100000010100000100111
00111010010000000010111000100111
00000000010011111000111001010011
10011000010000000010100100000111
11110100100000000010011110000111
00000000000101011000010001010011
00000000111001101000101011010011
00001000101010000000001101010011
00001001110110010000101001010011
00000000011011101000110011010011
00000000010100001000010101010011
00000001011100011000110011010011
00001000001011111000101111010011
10000111000000000010100010000111
11101010010000000010000000100111
00001000111111110000110101010011
10101011000000000010000110000111
00010111010100000010101000100111
10011111101000000010000000100111
00000000110000001000100011010011
10110111100000000010011000000111
00001000000111100000111111010011
00001001101011001000101011010011
00000000101101001000010101010011
01101111010100000010100000100111
00000000110011000000110111010011
00001001111101010000011111010011
00000000100011010000110011010011
00000001101001011000010001010011
00001001110100100000110001010011
00000011010000000010100110000111
00000000110010000000111011010011
00001001111110011000101001010011
00000001010100100000010101010011
01111000010000000010100100000111
00000000011110011000010101010011
11010000111100000010101000100111
00001000100101011000100101010011
01101001110100000010000000100111
00001001111010000000010001010011
01101101010100000010100000100111
00001000011110010000111111010011
11011111110100000010001000100111
00001001000111011000000011010011
11000101111000000010111000100111
11001000111100000010001000100111
00011010111000000010001000100111
00001001011111010000101111010011
00000111100000000010001110000111
00000000000110111000011001010011
00001001101011011000100011010011
01111010000000000010011010000111
11101101000000000010110100000111
00001001111000101000101111010011
00000000010101101000010101010011
10111111000000000010001000000111
01011111100000000010101010000111
00111011000000000010110110000111
00001001000111111000001111010011
10110000000000000010100100000111
00100100010000000010111000000111
00001000000101100000001101010011
00000000001011000000001011010011
00000000100010110000100101010011
00001001100011000000100111010011
10110011111000000010111000100111
01000010100000000010011010000111
01010111110000000010110000100111
00000000101101110000111111010011
00001000111110000000011101010011
01001100001100000010010000100111
00000001101100111000101001010011
00000001011110110000001111010011
00001000011000111000011101010011
00001001000011010000001111010011
00000000011010100000101111010011
00000000100011011000101001010011
11000100100000000010100010000111
00000001010100110000100111010011
00001000110101101000110101010011
00000001111000111000000111010011
00001000001001000000111001010011
10000111101100000010101000100111
00001001110101110000000011010011
10111010110000000010111010000111
00000000101001000000111001010011
00000001001100100000001011010011
00000001110010011000001001010011
00001000011110010000001111010011
11101110101100000010111000100111
00000000111100111000010011010011
00001010110000000010101100000111
00001001110001000000110111010011
00001000110001110000000101010011
00001001000000011000011011010011
00001001111001011000111111010011
00001110100000000010011110000111
00000000100101110000111001010011
10111000110000000010110000100111
00000000100110100000111101010011
00010100110100000010101000100111
00000011000000000010110100000111
01110011110000000010011000000111
00000001110011111000011001010011
01111001110000000010011100000111
00010101010000000010001110000111
00001001010111111000001011010011
10100101110000000010001000000111
00000001011000101000111101010011
11000100100000000010011000100111
00000000110101010000000011010011
00101100101100000010000000100111
10101010110000000010100110000111
00001001010111101000010001010011
00010001001000000010010000100111
00001000001011110000111001010011
00000000111010101000001001010011
11000010100000000010111010000111
00101011000000000010101010000111
10010011001000000010011000100111
00010100110000000010000100000111
01000101010000000010001010000111
00001000010001001000110001010011
00001000010010000000101011010011
10110100000000000010011000100111
10001011010000000010010000100111
00001000101011001000111111010011
11011010100000000010001100000111
00001001110000000010011000000111
00000000011111011000101001010011
00000001010110011000010011010011
00001001110111101000100011010011
01101010101100000010000000100111
01111011010100000010010000100111
01011101110000000010010000100111
00000001011000011000010111010011
00000001001110000000101101010011
00000001001001000000001011010011
00001000000101011000100011010011
00111101010000000010100000100111
00001000011110011000110101010011
00101000111000000010000000100111
11001011100000000010011000100111
01100001000000000010110010000111
00001001100110010000110001010011
01000110111000000010110000100111
00000000101101111000000101010011
00000001001101000000000101010011
00000001100010101000101001010011
00000000101101101000101001010011
10011010010000000010101010000111
00001001011111010000010101010011
00000001111010010000011101010011
00001001001100011000010011010011
00000001000111111000011001010011
00000001100001110000011011010011
00001001000000000000000101010011
00001000011101110000110101010011
00001001001110010000100001010011
11011101111100000010101000100111
11100110110000000010010000000111
00000000110001101000111011010011
01010001011000000010001000100111
00000000100111100000001111010011
00001001100011101000101011010011
00001000101100101000111101010011
01000111010000000010100100000111
00000000000111100000011111010011
00001000111100111000011101010011
11010011110000000010111000100111
01010011000000000010100110000111
00001001010001110000101111010011
00000001111000100000101001010011
00101001000000000010001010000111
11011100010000000010111110000111
00101001010000000010110000000111
10001001010000000010111100000111
10110100010000000010010000100111
00000000110111001000010101010011
00000000001001001000011101010011
11010110001000000010001000100111
00000000101111100000011011010011
01111011001100000010011000100111
01000010000000000010101000000111
11000110010100000010011000100111
00001001110000000010111100000111
01110001010100000010010000100111
01111100100000000010010000100111
10001010010000000010010110000111
01010000100000000010110000100111
00010011101100000010110000100111
00001000010011001000110011010011
00110000100000000010000100000111
00000001011000001000101101010011
01010100000000000010110000100111
01001111010100000010101000100111
11001001010000000010010000000111
01111010000000000010111010000111
10010000101100000010011000100111
00000000011111011000001001010011
10000011100100000010000000100111
00001000110101111000111011010011
01010100010000000010101110000111
00000001001111110000010011010011
00000000001011010000011001010011
11000011010000000010001100000111
00100100010000000010001000000111
00001001100100010000111101010011
00000000000000101000110101010011
00001000011000001000111011010011
00001000110001001000101101010011
00001001101010001000011001010011
00000000111101011000111101010011
00000000101000101000100011010011
11011100110000000010011000000111
00001001101110111000011001010011
00001001001110110000001001010011
01111000010000000010110010000111
10001001001100000010110000100111
00001001111001011000100111010011
10010000101000000010110000100111
10111001101100000010010000100111
00001001000000100000100111010011
01101011000000000010010000000111
11100100010000000010000010000111
00001000100100010000001011010011
00001001001101010000111111010011
01001101100000000010001110000111
11111110110100000010011000100111
01011010011100000010000000100111
11110010000000000010101110000111
00001000110100001000100011010011
10101100110100000010100000100111
00101111100000000010001010000111
00001000000101011000001101010011
00000001110011111000000011010011
00000001011101100000010001010011
00000000001011111000001101010011
00000001100011111000100101010011
00000000101100110000110101010011
00000000110011111000101001010011
00001001111100000000001111010011
00001001001100000000100111010011
00000000111011001000101101010011
00001000010100000000101011010011
00000001111011101000011001010011
00000000011110100000001101010011
00001011010000000010111000000111
11010010100100000010110000100111
00001001100011011000100101010011
11111010000000000010110000100111
10000011110000000010101110000111
00001001010110101000000101010011
11000000100100000010001000100111
11101111000000000010000010000111
00101010001100000010100000100111
10101011110100000010011000100111
00001000100111011000001011010011
11100100101000000010111000100111
00000000111001110000001011010011
00000000001101111000100011010011
00001000000000000000111001010011
01110011110000000010111010000111
00000000111001011000101111010011
00001000001100111000001111010011
10100101010000000010101000000111
00110010000000000010101000100111
01001111110000000010011100000111
00001000110001100000101001010011
01100110110000000010010000100111
00011111010000000010111110000111
10111011100100000010000000100111
10011110110000000010111000100111
10011101000000000010111100000111
00000001011000010000010001010011
00000000000010100000101101010011
10010000110000000010011010000111
00000000011101111000001011010011
00001000100011001000000101010011
10010110000000000010101000100111
00011011010000000010010100000111
01001111110100000010010000100111
00000001100101110000110011010011
00000001111010001000101101010011
00000001110011111000011001010011
01101101010100000010100000100111
10101011110100000010010000100111
00001000110011111000100011010011
00000001001011111000001011010011
11000001010000000010011000100111
00000000010110010000101001010011
01010010000000000010101010000111
00001000011001111000010111010011
00001001101000000000000101010011
00000001110110111000010011010011
01000010010000000010110100000111
00000000101011100000111001010011
00000001101100000000101111010011
00001001101001101000000111010011
11110010010000000010000100000111
10101010010000000010101100000111
00000001000001010000101111010011
00001001100011111000101011010011
00000000111111010000011011010011
01001000110000000010001100000111
00001000101011100000000011010011
00110000110100000010000000100111
00001000000001010000111001010011
00100111010000000010101110000111
10101101100000000010110000000111
10111010100000000010111110000111
01111001110000000010010110000111
00110001100000000010011100000111
00001000001010011000100111010011
01010001010000000010010000100111
10011000110000000010010010000111
10110100010000000010110000100111
00000010101000000010011000100111
00000000111111101000101001010011
00000000010010010000110001010011
10011000010000000010110100000111
00010111100000000010100010000111
00000001011010101000110101010011
00000001011111110000110101010011
00000000010100101000110011010011
10011010011000000010010000100111
00001000011111101000111001010011
10011100110100000010100000100111
11101011100000000010010000000111
00001001101010000000110101010011
00001000000111110000011001010011
01011001110000000010001110000111
00000000101001111000111011010011
00000001010111111000110101010011
00001001110100110000001011010011
00000001111101000000010101010011
10010000110100000010010000100111
00111111011000000010011000100111
10110000110000000010000000100111
00001001101100011000000101010011
01001011000000000010111110000111
00001000100011111000010111010011
00001001100000111000101101010011
00000001100100001000000011010011
01111101100000000010000010000111
10001011100000000010011100000111
00001001101001001000111111010011
00000110010000000010111000100111
00001001001110111000011101010011
11111001110000000010100110000111
11101011101000000010011000100111
00000001011101101000001111010011
00100101010000000010101010000111
11000010111100000010110000100111
01010101000100000010100000100111
00001000101010100000011011010011
00101001010000000010110110000111
00000000111100100000001101010011
00000001011000000000110001010011
00001001001110111000111001010011
00000000111000100000000101010011
00000001010101010000111111010011
00001001101111000000111011010011
00000001011100010000101101010011
01100110000000000010100010000111
11010011000000000010000100000111
11010101011000000010010000100111
00001001101010110000110111010011
00000000001000110000111111010011
00001000001110000000111011010011
00000001010100100000011111010011
00001001000100000000111101010011
01001110001000000010001000100111
00000000111011000000101011010011
10111111110000000010110110000111
11110100100000000010110000000111
11010100110000000010011000000111
01101000100000000010011000100111
00001001110000011000111001010011
00000001111000011000101111010011
11010010010100000010110000100111
01100001111000000010001000100111
00000000011011100000011001010011
10110001001100000010101000100111
01111101100000000010111110000111
00000001101111000000110101010011
00110000010000000010000010000111
00001001000100101000010111010011
00001000011101000000100001010011
01110010000000000010010110000111
00000001100110000000011101010011
00001000101000011000101101010011
00001000100011001000000101010011
00000001000010011000100011010011
00001001011011101000001101010011
00000001110100000000100011010011
10110101100000000010011000100111
01011101110000000010100000000111
00001001101111001000111101010011
01110001100000000010111010000111
00000001100111100000111101010011
11100011000000000010101000100111
00001000101101111000100001010011
10111110110000000010100000000111
00000000101000000000100011010011
00111010010000000010011110000111
00001000000111010000110001010011
01000000011000000010000000100111
11100000001000000010010000100111
10111010111000000010111000100111
00001001111110110000000101010011
00001001111100100000100111010011
10100010001000000010001000100111
00000110010000000010110100000111
00000000111100110000111001010011
00001001100100110000100001010011
00100010001100000010001000100111
00001000110010110000011111010011
00000000010011110000010001010011
00001000001100011000010111010011
01011110000000000010100000000111
10001000110100000010011000100111
00000111101000000010110000100111
10011011110000000010011100000111
00001000100000000000100101010011
00000000011000101000101011010011
00001100010000000010001000100111
11000011100000000010101100000111
00000000101110110000000111010011
00000000100111111000100001010011
00000000000100010000010011010011
11100011101000000010000000100111
01010000110000000010011100000111
11001110100000000010001100000111
01100101110000000010010010000111
10010110000000000010010000000111
10000011000000000010111100000111
00011011010000000010011000100111
11100110010000000010111100000111
11111110111000000010001000100111
00001001011100101000111111010011
00000001111000010000011101010011
01111000000000000010100100000111
00000001000111101000100001010011
11001110100000000010101000000111
00000001000000110000001101010011
00001001110111011000110001010011
10011001100000000010011000000111
11010001111100000010010000100111
00001000001010111000100001010011
00000000001101001000001101010011
00000000111101100000000101010011
10010101110000000010101110000111
00000000001000001000111011010011
00000001010011110000011111010011
00001001110110100000111011010011
11001001010000000010111110000111
00000001001000111000101001010011
00001001101010111000010111010011
10010110011000000010111000100111
11000110000000000010110000000111
11010110000100000010110000100111
01011100010100000010001000100111
00001000000111100000010111010011
00000000000101000000110111010011
00000000011111101000101011010011
01010111100000000010100010000111
10011111110000000010001010000111
00001000110101111000100101010011
00000001110101001000011011010011
00001001100111111000110111010011
00001000100100001000001101010011
00001000001001111000110111010011
10000111010000000010100100000111
10011000010000000010001000000111
00011110110000000010010010000111
10001111100000000010101100000111
00001000011000011000010101010011
11100000000000000010010100000111
11000011010000000010110010000111
11011000111000000010000000100111
01001001010100000010010000100111
00001000011011111000001001010011
00001001110110010000011011010011
01101111110000000010101100000111
10111011111100000010100000100111
00011000000000000010110000000111
01010011101000000010101000100111
10100111001000000010110000100111
11011101000000000010101000000111
00001001000111011000000111010011
10001000000000000010100000100111
00110001010100000010011000100111
00000000111100000000000011010011
00000000110000011000010011010011
11111100110000000010010110000111
11001100001100000010100000100111
00001001111110010000110111010011
10001010110000000010010100000111
10111010011100000010000000100111
00001000011010001000011111010011
11101010011000000010100000100111
00000001011111010000100001010011
00000000001011001000001011010011
00001000110100110000010101010011
00000000100000110000001011010011
00001001101010100000110011010011
00010010110000000010010100000111
00000000101101011000011001010011
00101000010000000010111100000111
00001001000101000000100111010011
00000000000101110000100111010011
00001001011010100000010101010011
00110111010000000010111000100111
01010000000000000010001010000111
00000001101010011000001111010011
00111111010000000010110100000111
00000001101101000000001011010011
11001101010000000010101000000111
00000111001100000010100000100111
00001000101110011000001101010011
00000001110000111000100111010011
10000110110000000010100000100111
00000001000110000000001101010011
01010110010100000010001000100111
00001001001000111000101011010011
00110000010100000010101000100111
00000000100010111000001101010011
00001000011001111000101111010011
00001001001001111000011001010011
00000000110111001000000011010011
01101000100000000010100110000111
11111101010000000010010100000111
11001100100000000010001000000111
00000001101110100000110111010011
00001000000000110000100011010011
10010001100000000010100000000111
00000001011100010000100101010011
11101111100000000010111110000111
00000001011000000000110011010011
11000001000100000010001000100111
00001101110000000010000100000111
10011101101000000010100000100111
11010101111000000010001000100111
00000000011111110000110001010011
01011111000000000010010100000111
00000000110011101000011001010011
10010111000000000010110000000111
10011110010000000010101000100111
00001001101010110000010101010011
01100011110000000010100000000111
00000001111010100000100101010011
00001000110110111000110111010011
10110001100100000010111000100111
00010111110100000010000000100111
00000000001110000000011011010011
00000000010011100000011011010011
00000000000111010000111101010011
00001000001010001000011011010011
00000010100100000010100000100111
10100101010100000010101000100111
00000000100011101000101011010011
00001001000101101000111011010011
11100011001100000010111000100111
00000001100101111000110001010011
00001001000000000000001001010011
10101100010100000010001000100111
00110010000000000010100010000111
00000001011110000000111111010011
10010101110000000010111110000111
01100010010100000010001000100111
11010101111100000010011000100111
00000000000010011000111111010011
00001000101101011000001001010011
00101010110000000010010000000111
11001101011000000010010000100111
01000001001000000010011000100111
01101101011100000010111000100111
01111011110000000010001000100111
00001000111111001000011111010011
00000001000000110000111101010011
00000001111100101000011001010011
11100000110000000010001000000111
00001001010010000000110001010011
11110000000100000010001000100111
00000000111001101000110001010011
00001001000110101000111101010011
00000000101111110000011111010011
01101010101000000010100000100111
10101111001100000010011000100111
01010000101100000010000000100111
10110101100100000010100000100111
00001000000110111000011101010011
00001000011111001000101101010011
11110110000000000010010000100111
10000111101000000010110000100111
01101010110000000010100000100111
11100101000100000010010000100111
00000000000000110000010111010011
11001010000000000010100010000111
00001000000100100000101011010011
00001001010010101000100011010011
00110000000000000010101000000111
00001001111100001000100111010011
00000000100010010000100111010011
10111000110000000010111100000111
00001001011101110000010001010011
01111000100000000010010000100111
01111011011000000010011000100111
11101110000000000010101010000111
01001111110100000010100000100111
00001001001100000000110101010011
00000001010000001000100101010011
00000000100000111000101011010011
11011110111000000010010000100111
00001000000011111000001001010011
10011101110000000010101000000111
00000000000110000000011101010011
00000000110111111000000101010011
10000001001000000010111000100111
00100011111100000010100000100111
00001000110101111000101001010011
00000000101001101000010101010011
00001000111011001000010001010011
00000001101010010000101111010011
00000001011111011000001111010011
01010111010000000010111110000111
11111000100100000010010000100111
11101100111100000010111000100111
00000110011100000010100000100111
11110010110000000010100010000111
01000111000000000010010000100111
00011111110000000010001000100111
00000001111100000000001101010011
00000001000110000000011101010011
00000000100100110000100111010011
00001000010110010000001101010011
10011100000000000010110110000111
00000001000110100000101001010011
00000001111001001000101011010011
11100010001000000010011000100111
00001000001101011000101101010011
00001000101100100000001111010011
00000011000000000010110110000111
11011001010000000010101000100111
00001001000001001000100001010011
10000001000100000010100000100111
00110110100000000010110000100111
00000000001100111000101011010011
00000001010011000000010001010011
00000001000011010000100011010011
00000001000010011000001001010011
00000001110110101000110111010011
11011101001100000010000000100111
00001000100010011000011011010011
01010000001100000010001000100111
10111100011000000010001000100111
00000000110110101000101011010011
00000001011111111000100111010011
00001000101011110000000111010011
11101111000000000010011110000111
00000000011101011000011001010011
10101011110000000010010010000111
00000001000110001000011111010011
00000000110101110000000101010011
01001100110000000010010010000111
00001000001101000000011101010011
11011010100000000010100000100111
10001101001100000010100000100111
01010100100000000010101010000111
01110110001100000010111000100111
00000000011001001000001001010011
01011100100000000010100100000111
00001000001001101000001011010011
00000001101011100000011101010011
01101110010000000010001010000111
11111111110100000010111000100111
01110000010000000010011100000111
10110010100000000010000010000111
10010000000000000010000100000111
00001001000110100000110101010011
01010010010000000010010110000111
00000000110111101000111011010011
00100011010100000010101000100111
00000001101110110000110011010011
00001001111100100000011111010011
00001000100101010000110101010011
00000001001000100000111111010011
00000000010100111000110001010011
00000001101000110000110001010011
10000101100000000010110100000111
00000001000011001000000011010011
00000000101111010000100101010011
00000000010101111000000101010011
00000000010101000000110111010011
00000000100010101000110111010011
10011111100000000010110000100111
00000001111011111000011011010011
00100001001100000010101000100111
00010111010100000010110000100111
00000000001110010000100011010011
00001001100010111000100001010011
00000001101100001000100111010011
00000000011100000000011111010011
01111110010000000010110100000111
00001000010001000000100111010011
10111101010000000010101100000111
10010101110100000010000000100111
11010111011000000010011000100111
10101001010000000010101000100111
10010111101000000010011000100111
11110011000000000010110000000111
01110011010000000010000110000111
00000001100111000000001001010011
00000000000000011000100101010011
00000001100000010000100111010011
00000001011110100000001001010011
00001001101111000000000111010011
00011111110100000010010000100111
00000000001110010000100001010011
11001011000000000010110110000111
00000000111101110000111001010011
00110111110000000010111000000111
00000001001000101000101001010011
01111101000100000010001000100111
00110001010100000010000000100111
00000000100000100000100011010011
00001000011000000000110111010011
00001000001111100000000111010011
00001000100010011000011001010011
00000001011000110000110011010011
00001001100100001000011001010011
00001001111101100000001101010011
00001000000111100000011111010011
00001000111010001000110001010011
10000010111100000010000000100111
00000001000111001000111111010011
00001001110110101000101011010011
00000001010101010000000101010011
10100100000000000010001010000111
00100001111100000010010000100111
10110011010000000010000010000111
00001000000110110000111111010011
00000001010101001000010001010011
11000110001000000010011000100111
11100000111100000010110000100111
11110011110000000010000110000111
11011010111000000010100000100111
00110111110000000010010100000111
11101010000000000010100000100111
00000000111101010000111001010011
10111010010100000010001000100111
11101011110000000010111010000111
00001001011010100000001011010011
00001001110001100000111111010011
11100110011000000010111000100111
00000001111111010000010011010011
00001000101001101000111001010011
00001001001000010000001101010011
11101010010000000010110000000111
00001001111010110000010101010011
00000000011101111000010011010011
00001000101011000000010001010011
00000110100000000010000100000111
00010100011000000010011000100111
00001000101001110000110111010011
00010111010000000010001000100111
11100101110100000010100000100111
00000001011000101000111011010011
11111100010100000010110000100111
00100101010000000010010000100111
00001000000110111000010011010011
01100100110000000010101000100111
00000001010001000000010011010011
00001000011100011000010001010011
00001001011100010000111011010011
00001000110100010000101011010011
00001000010101110000011001010011
10111001110000000010101010000111
00001001110111000000101101010011
00001000101111010000111111010011
11100000100000000010001010000111
00000001001111010000010001010011
00000000011100110000001111010011
00000001010001111000110001010011
00010111100000000010100110000111
01101101010100000010001000100111
00000000011111110000001111010011
11101110110000000010111100000111
10000111000000000010111010000111
00111001111100000010111000100111
11111011110000000010110110000111
10111101100000000010110100000111
01101011100000000010001110000111
00000001100111001000010111010011
10011110000000000010010000000111
00110000100100000010110000100111
10000111110000000010111000100111
00000001100010010000110111010011
00000000110011100000001011010011
11001000010100000010000000100111
00000001110011111000011011010011
00000000111001101000001111010011
01001110000000000010010000000111
00000001111000100000101101010011
00000000110111101000111011010011
00000001111111100000100011010011
00001000111101011000101011010011
00101010110000000010010000100111
00000001101101000000010011010011
00001000001101101000001011010011
11001010100000000010011110000111
00000000011001000000001111010011
11010111000000000010001010000111
01111100000000000010111000000111
11010101100000000010111100000111
00000000011011110000000111010011
11001111110000000010100110000111
00000001110011101000011111010011
00110110110000000010001110000111
00000001110100101000001101010011
00000000001010101000111001010011
00000000000110111000100011010011
00000001010001101000011101010011
11101000110000000010110110000111
00001001101010111000101101010011
00000001000000010000000101010011
00000000110011110000111001010011
10100100110000000010111110000111
01111100110000000010111000100111
00110100100000000010101110000111
00001000000100010000111011010011
11110010001100000010110000100111
00100010010000000010110010000111
00000001111101001000101001010011
11111001101000000010000000100111
00000000111011101000111101010011
01001010010100000010111000100111
00100011010000000010100000000111
00000001101110101000111001010011
00001001001111001000100001010011
00001001110001011000111101010011
00001001110010000000011101010011
11010101000100000010010000100111
00000000001100100000001111010011
00000000101101100000110011010011
00001000000001001000111111010011
11001101110000000010110000000111
00011010100100000010101000100111
00001000100101111000101111010011
00100011000100000010101000100111
00001000110100110000110101010011
11110000100000000010100110000111
00000000101001001000011011010011
00000001010100011000000101010011
00001001011101000000010001010011
00000000000011010000100001010011
00000000111001010000000111010011
00000000111110011000001011010011
10110000010000000010001110000111
11100010100100000010110000100111
00101100100000000010000110000111
00000000101110100000101111010011
00000001011001011000001111010011
11111001100000000010111110000111
11000101000000000010010110000111
00001000001111000000110011010011
10010000110000000010100000000111
00000000101101100000000011010011
00001001110011111000011001010011
00001001111100111000100001010011
00000000000000000000000001110011
00000000011001001000111001010010
00000000011100000111101001001000
00000000011101101010100101111010
10101001100000010101101110101000
11111000110111011100000010000111
11111000110111011100011101001011
00000000011110010100011110111000
11010111011110110101100110111010
00000000001100000011110100011111
10000011100000010010111100110011
00000000001100011110000001110110
01111101100000001001000010011101
00000000011110110101000010001100
10010110011000011000100010101000
00000000010010001011110011011101
11011001011001001110100010100110
00000000001011101000010111101101
00011000111100001010011010001111
00000000001110010000010110001000
10011001001100000000111011111101
00000000000011101001011001001010
10110011010101011110010010001001
00000000011010001000011000101110
00011111110011001000010100100001
00000000011001101111111110110110
00000000101111010000001100110010
11100111111100101100111111111110
00000000000100110010010101001011
11111001001110001011110001010010
00011001011101110111101001110011
00000000000110111011011111100001
00000000000000000000000000000000
11110011010110111000011111111110
00000000000000000000000000000000
00000000001000011011110001100000
10100011011001111111010001100011
00000000010100111010111100000111
10010010100011010000011110000101
00000000011000101010001010000100
11111000000100111011111011100001
00000000000110100111010011010101
01111101100010011111111100110010
00000000001000111001110111101010
11001100100001111101111011110110
00000000010001010110001010000000
11010011110001000001011001101111
00000000000000011001101100000101
01110111011110000000001100100001
11100000010110011110100001100010
11111000110111011100000010000111
00000000000100111000000000000010
11011011000111101001101100011110
00000000011100001110111100011100
01001001000100000100110000011111
00000000010011101101111011000000
11011000011111001110000001001011
00000000001111101100011010011101
10111100101101010010111011111000
00000000000001010000110011010001
00010000000110010101000100010100
00000000000110010011110001101111
11001111111011111010000000010011
00000000000000000000000000000000
01110010010110001000000000000000
00000000011000101010001010000100
11100110101000100100100110010010
00000000001011100011010100100111
11111000100100111011111011100001
00000000001111111110010111001011
11110101101101001010100100110111
00000000000110001101010011101010
01001001101010001010111100111111
11111000000100111011111011100001
10111111001000110000111111010110
00000000011101100110011000010110
00000010001000101010110111001110
00000000001010100000110011010000
01110011100010001101010000000000
00000000001110110000000100010111
01001111111101001010110011011010
00000000001101001110101100101110
00001101010000101101100001101010
00000000000011000011100111101011
00111011011100101001001110010110
00000000010101111100110110110001
10100010001111011010001011101111
00000000010000010101100011111101
01101110000101011110011010110000
00000000001011011000101000001111
11111101101001110001111111111001
00000000000000000000000000000000
11010010011101100001111011110010
01110010010110001000000000000000
10010100011100000111100010001101
00000000001110101101100001101111
10101100101100101001101010001100
00000000011000100010100100111011
00111110110011010001001000011011
00000000001110010001110011010001
00011000101011111101100001000010
00000000010110110010010001010111
11110101101111101100001101100010
00000000010111010010010100101101
00000000000101100010000100111010
00000000010000111100000000101000
01011011001101111011001000100110
00000000001111011011011011110110
01111110111111101111100100101110
00000000000111100001101001111000
00101111001110011010100010000110
00000000010000101001110110010000
01010001000010101001111111001010
00000000011011011101011011101101
00000000000100110010010101001011
00000000001001011111101110100100
00111000111110100111010010111100
00000000010101100101110001111010
01001010001100010000111011010111
00000000000000000010110010011010
10000101110111101001110011111111
00000000010001100100111000011111
11010101101010100110000011101110
11111001011010110100100100100100
11111000110111011100000010000111
01111000100100111100010110100101
00000000000000000000000000000000
00000000000000001110011100001001
11110010111110111010001100010110
00000000000011111011010100001111
10110001010010001110001010011111
00000000010100110000010100101100
00010001010100101011001010010111
00000000001000011101110000001110
01001110010010001000001101011111
11110011100010001101001111111111
01010100011000100000111010100001
00000000011110000100100001001100
01011010111110101101010101100100
00000000000111100101110000101100
00111011010000110100101010010111
00000000000110101111011001000111
10101011000100111000010111110100
00000000011100011001101110011100
10010000100001100110110001111000
00000000000111000001001111101011
10011101111011011011110110111011
11110011100010001101001111111110
01100001000011101010100000110111
00000000010000000101100100111011
01001100001101100010010001000110
00000000000110011110011010100100
11001101011000010001101111010110
00000000010110111000010111010110
10100000100110101101001101010010
00000000010010011000101011000000
11100111111100101100111111111110
00000000000000010000110010101111
00000000000000000000000000000000
00000000001001101100111101111000
00000000000000000000000000000000
00000000010101101111001111011010
11101110000011011111000100110010
01111000110111011100011101001011
01001110010010001100100010111001
00000000000011000011111101101000
11000110100111110001100101011000
00000000000011001100001011010101
00000000010111100111001111101010
01111000100100111011111011100001
11111000011110011100000010010101
00000000001110101101001000001101
00111010010010111111110101001011
00000000000101100101100111100001
00000011000010000100101101111000
11100111111100101100111111111110
10101011101010101110011000100000
00000000000010000001110111101010
11111000000100111011000101011001
00000000000010110111111110101000
10111101110010011100000100010100
00000000001110110100110110110101
00101111001100110000111100010010
00000000001110101101111010010110
01111011101010000001000111011001
00100110000101100101010010010110
00111000011000100001011110000010
00000000011101101010000001101010
01000100110011011100111001001101
00000000011011001100100010001001
11000001000101011010001010001000
00000000011111001111000011100001
10100101100011001011100111001100
00000000011101000000100001010000
11110101011101100011010011000000
00000000000100010000010101111111
10111001110111100001111100001111
00000000000001110001011001100011
01110011011101001100001111000001
00000000001110101011000001101000
00000100000010111111000000010111
00000000000100001001110111100011
10101000110010111100101101001111
00000000011101011101010011010010
00111101100101001011010111010000
00000000000000000000000000000000
11101100110011101000110001110111
00000000001111110101011011001011
01000011010101110111001010010111
11001010001100010000111011010111
00000000000001110001011001100011
00000000000101101101001000101010
01111000110111011001111001010010
00000000000010000001110001101101
00100111001110001010110110000110
00000000011101111001111010110110
10111101111000010000111100001101
00000000011110001000110111010101
00100000100100101001010000010010
01100000110110011110100001100010
00101011110110101010100110101101
00000000010001000111111101011101
10100111001011101101101110000110
00000000011010110110001111101111
00000000000000000000000000000000
00000000001011101110100101111001
10100101001100011111111101110111
00000000000111001010011101010111
11111000100100111011101101111111
00000000000000011011100001111010
01110010010110001000000000000000
10101011000100111000010111110100
01101001111110111001001101111110
00000000001010010101000010001011
00000000000000010100101110110010
00000000000010011110110111000111
11100000010110011110100001100010
01110011010110111000011111011110
01000110101011101010100111101000
11111000110111011100000010000111
10000001101010110100111010101100
00000000010101110101010101111110
01001001110100000000010000011110
00000000011001110101100100101011
10011001101011011001011010000011
00000000010100011011001010101111
00101010110101101110100101001111
00000000011110011001001110100001
00101001001011000011101110011000
00000000010111011101001101111011
10111110101001110011000101010010
00000000001001001100111110111010
01100101110000010110101000001110
00000000000110110111111111101110
01010111000100110010010010001101
10100010001111011010001011101111
01110101001101011110000100010100
00000000000000000000000000000000
10110100111010111101011101101101
00000100000010111111000000010111
11101011110011010101100101111100
00000000011101100110000111100100
11110100001110010111001000010101
00000000010110010001110100111100
10110010100010001000000010001101
00000000010111110000101110110011
00000000111001000100000110010100
00000000001000001001110110111111
01110010010110001000000000000000
00000000001110100010100101100010
11111110100100101101101110001011
00000000000001010010111000111101
11101111100010111010100101110011
11111000000100111011111011100001
01011011100100001011111111000011
00000000001000111000011111010001
10001011010101001010010101100011
00000000000000000000000000000000
10111010100101010010011010001101
00000000011001100101010101100101
11100111100110010000100011110111
11110011100010001101010000000000
00111100101111101001001110011101
00000000000010010111011111110010
11001101101011000000111110101110
00000000001000010101010001111100
11111001001110001011110001010010
01111000000100111100010110100101
10011100111001101101111100101100
00000000000111111001111011001001
01001010010100000010000101111001
00000000000000010100101110110010
11111100100101101100010001110111
00000000001101011000000101110100
01101101111001110000000101001111
00000000001001001000001110011000
10000101011100111000000111011110
11111000000100111011100000011101
11101010011000011111100010010100
00000000001100011111110110110111
00111010100100000011101101010111
00000000001001000010011000111100
11110100001101100010110111001010
00000000000010111010111101011101
00000000000001110001011001100011
00000000011100100110010101011101
01111000110111011100011101001011
00000000011011111000110110011000
10101110010101010001001001000011
00000000000100000101111011111110
11110001010100000001011111111011
00000000000000010001110010000010
00001000001100111100010101101000
00000000001101111110100010000110
11010110000100100111010100011011
00000000010111101101001011000000
10010110101111100000110000100111
00000000010001100001100110010110
10001110011000000110001111110111
00000000010110100110010010111011
11110010010110001000000000000000
00000000001101111000010010011011
10001100100101000111110110100100
01111000000100111100010110100101
11001111001000010010011110101100
00000000010011100010000100010101
00110100011111011001011100110010
00000000010011010000011101111000
10000111111000101001110110111101
00000000011011010000101000010010
10110101010001000010000000110000
00000000000111110010011100101100
11110010010110001000000000000000
11111000100100111011100000011101
11111011011101000111010111101001
00000000011101110100111001010101
11111000110111011100000010000111
00000000010101111100110110110001
10001110010110001110000010000001
00000000011100011011111101010001
01101010110111101111010111101100
00000000000111010011011100101111
00000111101100111011110111110100
01111000000100111011111011100001
01000101000011111011010011111011
00000000011001110101100100101011
10000001100110010110101001111001
00000000000001000110011110011100
00000000011111110100000001001101
00000000011111001010011001011100
11110011100010001101001111111111
00000000001010110011010101011101
00010011000001110011101110001101
00000000001100000001000111111011
10011110000000011100101011001111
01111000110111011100011101001011
10111101101100011101101101000110
00000000011011011001111100000100
00100000001100001000101111000111
00000000001010011111110010101001
10011110011001110110110101101101
00000000010010111110011010011001
00000000000101100011111100101001
00000000000000101100001010101110
11001111000100111101101111010010
00000000000100011100101010000010
01111000110111011100011101001011
00000000010010101100111001001111
00000000000000000000000000000000
00000000001001011110110001001101
10011100110010010101011001111010
01100000010110011110100001100010
11000010110101000001111110000010
00000000000100100000010100001011
11111111010001001101101000011101
11111000000100111011111011100001
01111000110111011100011101001011
00000000001111011110000101010111
01110011101000100100001111011110
00000000001001000010000010001010
10010110001110111100000101000000
00000000011010110001001101100001
11101000101110000001101110010010
00000000000000001010100101000100
11110011100010001101001111101111
00000000011001111000111000111101
10110101001000100101100011100100
00000000000111110110010100010011
11111000110111011100011101001011
00000000010010011111000010101110
00000000001101100110001011101110
00000000011110000101101001011001
11000001000100100011011111100011
00100110000101011001011011110011
10110101001000100101100011100100
00000000001011001110100010100011
11111000110111011100011101001011
00100110000101100101010010010110
01011010110110001110101000101111
00000000011011110111101000110110
11011000011111100001101100110101
00000000011111101001110011100001
00000000011010011010000110001100
00000000011010110001001010110010
10111010011100111011101010001000
11111000100100111011111011100001
11101111010000010110011110101000
00000000000100111011000110100100
00110000001100111100011111100110
00000000001011000111010010001101
11001001010100010100001101110000
00000000001110011000010000011111
11011101101000001011101111101010
01111001110010110100000000011110
00111001100011101111101100010001
00000000011001110000010010010110
01111101111010100000000111110010
00000000001100111001110011000100
11100101001111001101111011100000
00000000010101010000110010011100
10110010111011011011000100100101
00000000010100011111100111000011
11100100100001001101101000000110
00000000000101101001100000110100
11100100100001001101101000000110
01101001111110111001001101111110
00000000000000000000000000000000
00000000001100110000100111100100
01110011100010001101001111101111
00000000011010011010000110001100
11111010010111101000100100000011
00000000011000000011001011111110
10111101111000000100000000001010
00000000000011111101110001011101
11001110010001111101111001000011
00000000001111001100111110010101
01100011001010100001010010010000
01111000110111011100011101001011
01101110011100001010111000001011
00000000001000110011011000100111
00000000000000000000000000000000
00000000010110100010110100100010
11111010110010100101111010101000
01100000110110011110100001100010
10101011010001101011101000010011
00000100000010111111000000010111
11000010100111010010100010000110
11111000110111011100011101001011
01101100101001111001001010100000
00000000011000110100111001100111
11110011011101110100000101111001
00000000001101000111101010011001
01110101000010101011010110010000
00000000010010010011001010111000
10111010111101101001001111011001
00000000010101110000101100100110
10101001011110111010001110101001
00000000011100000111101001001000
10111101000101011100110000100110
00000000011001000101101011110011
11110011100010001101001111001000
00000000001011111011010011001101
01001000111011100011011001110010
00000000011010100010110010110101
11001010001100010000111011010111
00000000001101000110111111101101
10001001100110011101110000101110
00000000011001011011001010010100
00110010101010001001100000000000
00000000011010001000111111011010
00000000000000000000000000000000
00000000001110100001010101000101
00000000000000000000000000000000
00000000010001100001110001010110
01001011110000100000110000110110
00000000001111010010101101001001
00000000000011101101001010010000
00000000001011110101010001010111
10011001101011011001011010000011
00000000010111011101010010001101
01111000110111011100011101001011
00000000001100110100111000110011
10011110001111010010000011111100
00000000000001101011001010001000
11111010111010100010101011011010
00000000000100010000010101111111
10000100100110111010010110010111
00000000000010000000010000111111
11000001101110010000001100011101
00000000000110110101000101111101
10100001011000000010010001010111
00000000000101100011110101111000
00000000000000000000000000000000
00000000001011111101001100001110
01010001001110111011100001100010
00000000001100001000000110011111
10110001010001000100111100011000
00000000010111101000000110011001
00011001011001000000011110101000
00000000001010001101010001110100
00000000001110110101001000011001
00000000000101000010011010110000
11000101101101011000111000011100
00000000001000110101110101101010
11111000000100111100010110100101
11111000000100111011000101011001
00011100110010011010001000011111
00000000001110110101101000001101
00001011110010101011011011100101
00000000000000000000000000000000
11000000101101001010111111000111
00000000010100101111111100010100
10101001010100011011111001110111
00000000011110001000110101010010
11101101100011100011111101111110
00000000000010011000011000011111
11011010101000101001101100101010
00000000001110001100000011001110
01001110110110111101110111100111
00000000010110001010110011010010
10001010010001011100110001011100
00000000010101100011100000101101
01111000110111011100011101001011
00000000010100101010100000001011
00100000101000011101010101011100
00000000000100100000010101010001
01100000010110011110100001100010
00000000001111100100010001010010
10101111100001110100101010101001
00000000001000000100001001111010
00101001010000110001111111000001
00000000001110110001001110000010
00111011011000011000001000100101
00000000011110111111100010111100
10101110100011100110100100011011
00000000001101100110001011101110
10100000010101110100111101100101
00000000010001011101001101000100
01110010010110001000000000000000
00000000000110010100011111111011
00000000001101100110001011101110
01111000110111011001111001010010
01011011000100100011110111010000
00000000011111100001101111101110
11000110111000011101011001001011
00000000011010100011000010011001
10101100011101010100110011100011
00000000000000000110010011101011
11101011100110011110011001011111
00000000001101010110010010110000
10100000101011001001000101101100
00000000010000100011000010111100
10110001010101011001010011101101
00000000000001100001101110110010
01101000111110110001110001001111
00000000000001000110000110001111
11010011000010000111011100000001
00000000011101000011110100001001
00101100101100000110111010011111
01111000110111011001111001010010
10000111111010101000100110101101
00000000000011000110011100101010
10100000010101100000101000101111
00000000001100011100001010111111
01110000101111101111011101011000
00000000011001001000101011000110
00000000000000000000000000000000
00000000010001011010111100100011
11111001110011010001100000011111
10101001000101101011100111010000
11000011111111010000011011100000
00000000010110010011101011000001
11100101000000000011101000001100
00000000001010010000111100110111
01011111111110000001111101111100
00000000001110100100100000000010
11111000000100111011111011100001
00000000011101010010000001111100
10011101110001101000110111010000
00000000011111010101100101111000
01111111010010011010001111100111
00000000011000111110100000110001
11110001110110000111010011110000
00000000001010101011000111111010
01011110011001001000000000001010
00000000010110010001101111010111
01110111100110101101001110111111
00000000001110110000010010000100
00000000000000000000000000000000
00000000011100110101001001001011
01111101010101010000010000111001
00000000010011110011100111001110
10110100001100100000010110000011
11110011100010001101010000000000
01111000100100111011111011100001
01111000100100111011111011100001
11110001110110000111010011110000
00000000010110000011000010111001
01111000110111011100011101001011
00000000101000101010101101000100
01000001000011011110000000000100
00000000010011110001001000001101
11101100110101111101000110000011
11111000110111011001111001010010
11001000000011100110000111111011
00000000000111100100100111000001
11000100110100110011010000011101
00000000001011110001100110010110
10100000011111010110011001001100
00000000001011110001001111100000
00001100101101100011010011110100
00000000000110000100010101010100
10101000000011100100111101110110
00000000000111000010010101101110
00000001010011110000101100111011
11111000000100111011111011100001
01001010001111001100000111111010
01110010010110001000000000000000
11000010101000011010001111000001
11111000110111011100011101001011
01000010101111101101101101000101
00000000001010001011101010011100
00010000011111101111100000110100
00000000011100011111100111011100
01100101010110100011111111100101
00000000001001001101010110011011
10110111010010100000100100011110
00000000000110101101100111010000
01000111101001001100100111110101
00000000000010111001101001111110
10100001111010100010101101110011
11111000000100110111101001110111
01110011100010001101010000000000
00000000010111110101101011110000
01110011010101000101111111111001
00000000010110011000101001111001
11011110001001001101010100011111
00000000010001110100110011111110
11110000101001001000001010110001
00000000010001011111001010011001
11110011001001010110100000000000
00000000000000001100100111100101
10011101101011111101110000101101
11111000110111011100000010000111
00111000110011010110110100011011
00000000000100101111110101001110
01111000100011100110100000001010
00000000000010001101100001111000
11100010100011111000110111110010
00000000011110000011101101000011
00100110000101100101010010010110
11111000110111011100000010000111
01111000111101011010000101111101
00000000001110110111000101001001
10101011100110101011100011110111
00000000000000000000000000000000
00000000101000101010101101000100
00000000000000000000000000000000
00001101000101110000011010111000
00000000001010001001110101011101
01110110110100001010100100010001
00000000010101100111001101001100
00101011010110010100000000010110
00000000011011100111010000100111
01000110110001110100101000100001
00000000010101010001110010010100
10111001011000101111101010100100
00000000011100111100000101110010
01110111101111011001010101110000
00000000001010001001011000011000
00000000010100101101111000001111
00000000011101110100111001010101
00001011000101110100100111100110
00000000011111001101100010010001
00001010101000000101110011110100
00000000000101001110101001011000
11110010101111001100101001010111
00000000011101000111001011011010
10010100000110000100111001110100
00000000010110110000010010111100
10000000001001010001001011110000
00000000010100111101011000011011
01111000000100111011111011100001
00000000010010101100111010011010
10100001101000110011110001111010
00000000010111000100000001000010
00000100000010111111000000010111
00000000011001110110001010010101
00000000000000000000000000000000
00000000001001101010011010001011
01000100010101011001011011101111
00000000010101001100001110100101
11000000101001011100001110110010
00000000011110001000100111010110
00100100000100100101100100010011
00000000010001000001110111111100
10011000111111110001101111100101
00000000011100101011110001000111
00000000000000000000000000000000
00000000000110110011100100001110
11011101011100001000001100001101
00000000011111111110010111010001
11001000000011100110000111111011
00000000011111110100000001001101
00100000010111100101000100010000
01111000110111011100111000001111
01110110110000100010001101110001
11100111111100101100111111111110
00000000100000001101001111000110
00000000000100010011001110110100
11011000011111100001101100110101
00000000010011011000011010010000
11110100011010111000001111000011
00000000001111000001011111000000
00110101000101101101111101010101
00000000000000000000000000000000
10010101111101110101111000110101
00000000010001100011001110101001
11110110010001001110111011111100
00000000001000001110000110110001
10100000010111011110110010001000
00000000001101010101100011011011
00000000000000000000000000000000
00000000010110011010100101110001
11100110010111110001001111011110
00000000001100000010101101101100
10001010100011110010001110010110
00000000001000101110101010101110
11111011111101001111100101100110
00000000010000110001111101011101
10101010110101100101110111101001
10101001000101101011100111010000
01111000110111011100011101001011
10011100110010010101011001111010
00100001101010111000101101001001
00000000010001111000110011101001
10110011000110000110011001111110
00000000001010011101010001100011
00101010011101010110101000000011
00000000001001011100000000100100
01100110011000010101110101110000
00000000001001100100110101110101
10111000100100011111000000011011
00000000011101101101110010001001
01100000010100001100101010000011
00000000011100111000110000111110
11100111111100101100111111111110
00000000011110010111000100111001
00010011101010011010000100100001
11100100100001001101101000000110
01011001010101101000011111010001
00000000000100111011011111001000
00111101000100010011100101100111
00000000001100100001011001010000
01111000100100111011111011100001
00000000001111111101011000111000
11000110111010011110010101110011
00000000001110111110101111111010
00011110101100001110111110011001
00000000011111101011001010011110
01110010000011000010101100010011
00000000000011001100001011010101
11111101110000000010100111111011
00000000000100110010010101001011
00011000100001100101011000000110
00000000011000111101010110011011
11111000000100110111101001110111
00000000000010100110001101101010
00111111110001110101111001001001
00000000111001101101101111101101
11001000100101011111101111111001
00000000000100000100111000010110
00111001000011100100100111001000
00000000001001100010101001001100
11000100101101101001111010010010
00000000010110011100101000001100
01011000001001110100010010010000
00000000000000101100101110011110
00010010100100110010100111101101
00000000000100011111001000110100
00000000001111010011100011000101
00000000001111010000110111100100
01101010010101101110010100000100
00000000000100011101111110011010
01010110100101000011000110011110
00000000010110010101100100111111
10010010100111111110101101100110
00000000010010100111100010001110
10100111011001011010110001100100
00000000000110110100000101001000
10111010000101001110111101101010
00000000000011111100011110000011
00000000001100101100010011101110
00000000000000000000000000000000
01001010010101000011110000100010
00000000000001110000010001010110
00000000010100101101111000001111
00000000000101001101011000111100
11010100011101010001100010111001
00000000000001011010100110000010
01111000110111011100111000001111
00000000000101100010000100111010
01011111011000101001110000001101
00000000001001010111111111110110
10111100111000111111111000100011
00000000000010001011011001100011
01100011101110001100010001100101
00000000000001111101111010111000
10110000010100111011101111010100
00000000001010001110111110101110
10100001011111100100110011111110
00000000000110110101100110110100
10001110111011010111000001110101
10000001100110010110101001111001
10000110010000011011111000011010
00000000000111100100111110101001
11111000011110011100000010010101
00000000011000110100110001001100
00111000011101100110110100011001
00000000010110011100001101001111
01001110111111100000111001000001
00000000010101101110001101111101
00011010001110000101011101110100
10110101010001000010000000110000
00000000010111100111001111101010
00000000001000100101000010111011
00000000000000000000000000000000
11111000100100111011111011100010
11000101111101101101000001110100
00000000010110100000001010110110
00000000010111101000000110011001
01111000110111011100011101001011
00000000001011111011010111001001
00000000001000110101110101101010
00101000111110101111101110110111
00000000001000110000100000100000
00000000001011000111010010001101
00000000001101011000000000010001
00100100100111011001110001000110
00000000000001110011110010011010
01000101111011111011001101011111
00000000001101101010110110110010
10100011011001111111010001100011
00000000001101100110001011101110
00011000100100010010100110101100
00000000001011100100000101010001
10110100110110101011001101100010
00000000011000001001000000000101
11001000000011100110000111111011
00000000011010000100111100001001
00101101000011111000111111011010
00000000010010100110011011101111
00000000000000000000000000000000
00000000010101010001100100110001
10001001011001100010010110110101
11100111111100101100111111111110
01110010011010100111000110010000
00000000011110011011100101010110
00011111111011001110010100001011
00000000000011101011001000100000
00000000000000000000000000000000
00000000001001000010011101100000
01001100011011110111100100111111
00000000000110111110100101110110
10001100000100001001100010110111
00000000000110010100100101100000
10110100100010101101010001101110
00000000000111110100010011111000
01110100010000000011010010100001
00000000011110101010011011001101
01001110111111100000111001000001
00000000000001110100100110010010
10101001000101101011100111010000
00000000001000101000000111101101
11101101011011000001110001010010
00000000000110000000110110111111
10100110000110110101111110000111
00000000001011111110000101101010
00011011011101010100100101010111
11110010010110001000000000000000
11111000100100111011100000011101
00000000011100101001001011011011
00010101111010100101100110110010
00000000001011111000100101111010
00111111101000001011100110110010
00000000001011001110100010100011
10000100110001110000000011000011
00000000011100001001000111011011
11000110011101000111101101101111
00000000001111010101100010001000
01111101010100101101110010110111
00000000010001100110000111110011
01000011010101110111001010010111
00000000010110111000100101010001
01110110011010001100100100101110
11000110101011101111111101110001
11010101110011111011110011111110
00000000000010111110100011011111
01010100100111101110110110101111
00000000000101100101100101100100
11001101111100000100101001001101
00000000010101011100101100001001
10101100001101001001100010111110
11100111111100101100111111111110
10001110100111011001101110001010
11111000000100111100010110100101
01001011010101001001010011111001
00000000011111011011000110010100
10110011101010001101000001001110
00000000001100101100010011101110
11001101011001100101000101001001
00000000011010010011100010100000
00101011010001011001100101001101
00000000011110001110111110110001
10110001000010110000001000011111
01111001010111011100001111101001
01110000011000010110100110111111
00000000010010001000010010100111
01000110101011101111111101110001
00000000011000001001000001000010
01111000100100111100010110100101
00000000011010001001101001011000
10010111100111111101100000100111
00000000010100101100101001101101
01001001111111101010110101000111
00000000010100010100110011100010
11111000000100111011111011100001
00000000000101010110011101100001
00100110000101100101010010010110
01110011100010001101001111101111
10110000100010001000011001111100
00000000001001010101101110101001
01011010000110011001100010101011
00000000011001101000100110101101
00000100000010111111000000010111
00000000011110010101100111111010
11111011110011011100100000100101
00000000001101011011001101111001
11100111111100101100111111111110
00000000000111000100000001110010
00000000000000000000000000000000
00000000010111010101111011000011
11001010101101001101010011011101
00000000000000011011100001111010
00010111100010011011100010100101
00000000011010010011110000001000
01011101011100001000001100001101
00000000010111010101000110010100
10101111011010111001001110000100
00100010001111011010001011101111
00001110111000110010010110111011
00000000001110111101110001001111
10101101110100001001111110101000
00000000001011001100000000001010
11111000100100111011111011100001
00000000010110110110000011000100
01100001000110111010000100110010
00000000000001110001011001100011
01010011101101111011000011100011
00000000000101100011111100101001
11111000100100111011111011100010
00000000011000111100101010000100
00110100100000100000010000010011
00000000011101101100110100110111
00101010000111111001110011111000
00000000001010010011100101110011
11000110011001001101000011001110
00000000010101111011100010111001
01101111011010011011000100101101
00000000011001000011001100001110
11011101011100011001111000001111
00000000011001101100111011110101
11111000110111010100011111000000
00000000010111100111001111101010
10011100110101001000111101000101
00000000000111001101011001111000
10001101001101110101011101111101
00000000000011100101100011000000
11110010000000111101010101010100
00000000010000011010100001011110
01101000001011101011001101101110
00000000010100011110111100101110
11100100111000011110111110000011
00000000010110111101001100000110
10111110110001010110010011100110
00000000001001010100000111000100
10110011100100010111111011101101
00000000011011101011010000110011
00011001000001000010000110001011
00100010001111011010001011101111
10000000100110110011111111101110
00000000010011000110110011100011
01111000110111011100011101001011
00000000001001111001101101011001
11001001001010111110000101111101
00000000011000011111100110111101
10011000100011010000000010000110
00000000010100101101111000001111
00010001111101101110100111101110
11111000000100110111101001110111
11111000000100111011111011100001
01110011100010001101001111111111
01100010000111011100010101111011
00000000000011010001010011001000
01001001000001110100011011010011
00000000010111000100110110100010
11100101011100001001101001001011
00100010001111011010001011000011
00000000001011000111010010001101
00000000000010000011010110100011
11111010011110101001011000001100
00000000010011110001000011010010
00010110100001111010011010001001
10000000001001010001001011110000
10101100001010010100111100111001
00000000001011011000101000001111
11110011000100111010010111000011
00000000001111111101000101100001
01011010010011111011011110001101
00000000000111011010000010110001
01101010110011111001100001111000
00000000000100110111011101111111
11100100100001110011110111001011
00000000001111001010101011000001
10111100101001110011100010010000
