01111111110000000000000000010011
01111111110000000000000000010011
01111111110000000000000000010011
00001000110010011000011101010011
10101011110100000010010000100111
00000011011100000010011000100111
00000000000110110000100101010011
11000001010000000010001100000111
00001000001001100000011101010011
10111110000000000010101110000111
00000000001010001000010001010011
00000000000111000000001011010011
01000101000000000010010000100111
01000010011100000010110000100111
01011101000000000010111000100111
00000000011101100000011001010011
11110000110000000010110100000111
11101000100000000010111000000111
10101000100000000010000000100111
01110000101100000010110000100111
00000000110110111000011011010011
00000001100001101000110101010011
10111010010000000010101100000111
10010011100000000010011000100111
11101011001000000010000000100111
11111001000000000010010110000111
00110100100000000010101000000111
00001000000011101000110011010011
00001001100100001000101001010011
11100100100000000010001110000111
00000000100001011000111101010011
10111100110000000010100010000111
00000001000011001000010011010011
00001000101001100000110111010011
00010000001000000010111000100111
01110011110000000010110010000111
00001000001111011000111001010011
00000001111111001000011101010011
11001011000100000010000000100111
11011010000100000010001000100111
00000000000110100000100101010011
10110001010000000010010000100111
11110000100000000010100000100111
00001000111111111000011011010011
00101100001000000010010000100111
00001000000111111000101001010011
01000001111100000010110000100111
11000001111000000010010000100111
00001000001011000000010011010011
00000001000001111000010111010011
11011111011100000010111000100111
00110001101100000010010000100111
00110111100000000010001100000111
00000000000110001000010001010011
00001001100100100000110011010011
01110111100000000010001010000111
00001011100000000010001000100111
00001001100110001000111011010011
00100000010100000010000000100111
00001001001110010000100001010011
11001011010000000010101000000111
11100000100000000010011100000111
10001010111100000010110000100111
11000001000000000010111000000111
00000001001000000000110101010011
00000000000001011000000111010011
10111000000000000010000000100111
00000000011011011000001011010011
00001001101001100000110011010011
00000001101001100000111001010011
00001001111111011000111101010011
10011101010000000010110000100111
00000000110100011000011011010011
00000000001010111000011101010011
00000011010000000010100000100111
10001000011000000010111000100111
10011101000000000010100000100111
01001001011000000010011000100111
00000001111100011000111001010011
10001111011000000010100000100111
00111111000000000010011110000111
10010001000000000010110000100111
00001001111100111000001011010011
00000001101101010000100101010011
01001101011000000010000000100111
01000010101100000010111000100111
00101011110000000010100110000111
00111111000000000010100000000111
01111111111000000010110000100111
00001000100110011000011011010011
00000000011001101000101001010011
00001001100110011000010001010011
00000001001101111000011111010011
00001011110000000010101000100111
10010101011100000010110000100111
00000001111111000000100011010011
00000001001011101000011111010011
00011001000100000010001000100111
00001001010000010000010001010011
00001000100010110000101011010011
00000001111110011000100001010011
00001000111010100000111001010011
10110110010100000010101000100111
11010010000000000010100000000111
00001000110000111000010001010011
00000001011011011000111111010011
00000000010101001000001111010011
00111100000000000010101110000111
00001000010110010000011111010011
00000000110101111000100101010011
00001000010011010000000011010011
00000001011111111000101101010011
10010111001000000010001000100111
10011011010100000010100000100111
00001001011001000000110111010011
00000001110011011000111001010011
00000001110001000000000101010011
00000000111011001000101101010011
10100110100000000010010000100111
00000001010000110000111011010011
00001001110111010000101101010011
00000000110010011000100011010011
00001000111100000000000101010011
00001000100000000010100110000111
11110011010000000010110000000111
00001000100011001000010011010011
00100111001000000010100000100111
00111000010000000010001100000111
00001000000001111000100101010011
00001001111000010000110011010011
00000000011101011000110101010011
00000001100001011000100111010011
11011100101100000010101000100111
00000001100001101000001111010011
01011010000000000010011000100111
00000001110100101000111001010011
00000000101101111000111101010011
00000000010010001000110111010011
00010010000000000010010100000111
00000001101000101000011111010011
10111001001000000010010000100111
00110101110100000010101000100111
01001110000000000010010110000111
00000001100010001000100011010011
00000001001001011000101111010011
01000101011100000010100000100111
00000001111101010000100111010011
00001001000111010000100111010011
00000001101111000000111001010011
11110100110000000010011100000111
00000001111010110000000111010011
00001000101010101000100111010011
01100010010000000010110010000111
00000001010000001000011011010011
10000001010000000010101010000111
00000001101111100000101101010011
00001000100000001000000101010011
10000110100000000010101110000111
01111101111000000010100000100111
00000001010110111000001111010011
10101011000000000010101110000111
11001010010000000010011000000111
00100111010000000010001100000111
01110100010000000010010110000111
00000001001011111000111001010011
00001001000101011000110001010011
11000000100000000010110110000111
00001100011000000010001000100111
00001001010101011000110011010011
00000001101101011000011111010011
00001001101100111000010011010011
00001001000010001000100001010011
01000000111000000010111000100111
00001001010111011000001011010011
00011011110000000010101000100111
00001001011100000010000000100111
00000001110010110000000111010011
00001001111111001000111011010011
00001000101100011000100111010011
11100010000000000010111100000111
00001000000111010000011011010011
00111010100000000010101010000111
01001110010000000010010110000111
00001001100011011000001001010011
10010111010000000010110010000111
00000000000101010000001011010011
01000011001000000010001000100111
11001010100000000010101110000111
00000000100001100000101111010011
00001001000110111000010001010011
00011110010000000010001100000111
00000000110001101000001001010011
00001000011111110000010001010011
11011111110000000010101000000111
10011100100000000010101010000111
10001001010000000010110100000111
00001000100111010000000011010011
00001000010011011000100011010011
00001000110100001000011011010011
00000000101100010000101001010011
00001001000011010000001111010011
00100011011100000010001000100111
00001001100101100000110101010011
01110110010100000010110000100111
00011011010000000010011100000111
00001000111001111000011001010011
11110110000000000010110010000111
00001000000011100000010111010011
00101101110000000010100000000111
00001001110111101000001111010011
00001001110101100000010011010011
00000000000011010000101101010011
01011011111000000010001000100111
00011100101100000010000000100111
01101010001000000010011000100111
00111101110000000010001110000111
00000000101101111000011011010011
10101010000000000010111000000111
10000111111000000010010000100111
11100011011100000010111000100111
01011111001100000010111000100111
00000001000000000010001000000111
01010000111000000010100000100111
10011010010000000010010110000111
00000001100111000000010111010011
11010000100000000010001000000111
01000101000000000010100000000111
10001010100000000010000000100111
00001000100110010000101101010011
00000001110011010000100101010011
00000001010000001000010011010011
00000000011011110000001011010011
10100000010000000010001000000111
00001000101100000000101001010011
00011011010100000010100000100111
10011011010000000010011000000111
00001000010001110000011001010011
00000000111000100000100001010011
00001001001110000000100011010011
00000001010010110000011001010011
00001001100001101000011001010011
00001001101110010000101101010011
01001100010000000010010110000111
11101111010000000010100100000111
00000000101011010000110111010011
00001001011001011000010011010011
00001001011100111000011011010011
00000001000100011000000111010011
01010110010000000010001000100111
01010101100000000010100110000111
10001110010000000010101110000111
00111010000000000010010010000111
10011111000000000010011110000111
01110100101100000010101000100111
00000001110001111000001111010011
00001001010010110000011101010011
00000001000010101000110011010011
10111111101000000010110000100111
01001110100000000010000100000111
01111111010000000010110000100111
00000001101010011000010111010011
01110011110100000010100000100111
01111100110000000010111110000111
00001000011101000000000111010011
00000000111111111000011011010011
00000001101111000000111011010011
01011101100000000010011000100111
00000001010010101000110101010011
11000110100000000010111100000111
11011110010100000010001000100111
11001101100000000010101000000111
10010010011000000010101000100111
00000000110011111000111001010011
00000001100100111000000101010011
00001000010101010000001011010011
00001001001100101000100111010011
00000000110111000000011111010011
00000000101001110000101101010011
00000000100000111000100101010011
11101000100000000010110010000111
00001001010100101000101001010011
01000000110000000010111010000111
00000001011010111000110001010011
00000001010101110000000111010011
11001000010000000010111000000111
01001000100000000010110010000111
00001000001100010000101011010011
00000000000111000000101101010011
00000100100100000010100000100111
00101001010000000010011010000111
00000000110000010000100111010011
00000000110011111000011011010011
00001000111111100000011011010011
10101111000000000010001000100111
10100111100000000010111100000111
00001000000100111000110011010011
00001000110000011000100101010011
00101001100000000010101010000111
00001000111101110000000101010011
01111110111100000010010000100111
00000000110101111000001011010011
10110010100000000010010010000111
00001001011011000000010011010011
00000000101111111000111111010011
10111010010100000010110000100111
00110010111000000010100000100111
00001000001000100000111111010011
10010100100000000010000110000111
00011000000000000010011000000111
00110000000000000010100010000111
00000001101001001000011001010011
00011011100000000010001000000111
11010100100000000010010000100111
10010100000000000010110000100111
00101001000100000010110000100111
00000000010000001000011101010011
01001000001100000010000000100111
11110010110100000010000000100111
00011000010000000010111100000111
00001001011110000000110011010011
10111000100100000010111000100111
00111110110000000010100000000111
00000000110100011000101101010011
00000000100000000010000010000111
10001101110000000010001100000111
00001001000011110000110001010011
11011100100000000010011100000111
01011111011000000010011000100111
10001001000000000010100000000111
00000000000111110000101111010011
00001000001011011000100011010011
00001001010111111000100001010011
11110011000100000010110000100111
10011110110000000010100100000111
10111000110000000010100110000111
00001000110100000000000101010011
10111011010100000010100000100111
00000000011110010000111001010011
00000001001010111000111101010011
11001001100000000010001100000111
00000111010000000010010000000111
00001000011100100000000101010011
00010011100000000010011000100111
00110001110000000010111110000111
01111011000000000010100110000111
00000001101111110000001101010011
00001001110111010000001101010011
10101111011100000010110000100111
10001100110000000010000010000111
01101110110100000010011000100111
11111001111100000010100000100111
00001001110010100000111111010011
00000000010101111000010011010011
10011000110000000010111000000111
01010001110000000010100010000111
00101100001000000010010000100111
00101110111000000010100000100111
00001001000011101000100101010011
00000001101110111000100111010011
00001000000001011000100101010011
11001111110000000010100110000111
00001001001011100000010111010011
11010111000000000010101000000111
00000001010110100000110001010011
00001001000010110000111101010011
00000001010000111000100011010011
10001110111000000010101000100111
11100100110000000010010000000111
00000001100001000000001101010011
01001000010000000010111110000111
01011100000000000010101110000111
00100001110000000010010000100111
10010001110100000010010000100111
00000000001111111000110111010011
00000000000011010000110011010011
00001001010101011000100101010011
00000000001001110000010111010011
00000001110100111000010101010011
11000010000000000010010000100111
00011101000000000010110010000111
10111101000000000010000010000111
00000001001100000000111001010011
00101010010000000010000100000111
01000011110100000010001000100111
00001001101101111000110001010011
00001000000000001000111111010011
01111111110000000010101000100111
00000001110100011000100101010011
00001001111110001000100011010011
10111111110000000010001010000111
00001000110110101000110101010011
00000000110011011000000011010011
10001000000000000010110000100111
00000000001001111000011111010011
11010011110000000010100100000111
00110010000000000010111010000111
00001001100010001000110101010011
01100110100000000010011000000111
00000000001010001000011011010011
00001000100001111000111111010011
11001000111000000010110000100111
00000000010111000000111001010011
10101011010000000010110010000111
00000101001100000010111000100111
00001000101011001000111101010011
01010010110000000010111010000111
00000000101100010000111001010011
00001101001000000010111000100111
00000001100110101000100111010011
01001010110000000010000100000111
00001001110100100000011101010011
00001000010001010000100111010011
00001000100010111000001111010011
10110000100000000010011100000111
10100111000100000010010000100111
11111100000000000010000000100111
00001001001101010000101011010011
00001000001100010000001101010011
10111010011100000010011000100111
00000001011001110000011101010011
00001001101010111000111011010011
01100100010000000010010010000111
00001000010110010000101011010011
00000000011111110000111101010011
00000001010101110000010011010011
00001000100110110000101001010011
11111110010000000010010000100111
01000010000000000010110010000111
11100110010000000010101000100111
10011011001000000010010000100111
10101011000100000010101000100111
10011001000100000010001000100111
11111100110000000010110100000111
00011100100000000010111110000111
00001001110100011000101101010011
00111010111100000010011000100111
00001101110000000010101010000111
00001001000100000010011000100111
00001001101010000000101111010011
00000110000000000010111010000111
01100000010000000010001010000111
00001000101011101000111001010011
00000000111000111000011111010011
11101100111000000010100000100111
11000110100000000010010000100111
00000000111110101000101011010011
01100010101000000010000000100111
00010000101000000010100000100111
11011111110100000010100000100111
00000000011010001000010111010011
00001001111111000000001011010011
00000000111101000000001011010011
11000100011000000010111000100111
11011000111100000010110000100111
01100100000000000010011010000111
00000000010010011000110101010011
00001000010010001000011011010011
00001001011011001000010111010011
01101011110000000010010110000111
00000001000010101000110001010011
00001000011101101000111111010011
00000011101100000010010000100111
00000001100100010000110111010011
10100001000000000010100010000111
00111011010000000010110110000111
00001001111000100000010111010011
00001001100111010000111011010011
11001010010000000010001000100111
00000001010010101000110011010011
00001001111100110000011001010011
00001000000000011000010101010011
00001000010100111000000011010011
00000000000100010000100111010011
11011000100000000010001100000111
00111110101000000010101000100111
00000000010101000000110101010011
00001000001101101000100001010011
00101101000000000010111000100111
00000000001010111000010101010011
00000001100010000000011101010011
00000000110110010000010111010011
10011011111100000010011000100111
00000001101011010000010111010011
00001001111110000000010011010011
01111100110000000010001100000111
00001000001101111000001011010011
11101110110000000010111100000111
00001000101010011000000111010011
00000000110110111000001111010011
01000110101000000010000000100111
10100001110000000010100110000111
00000001110010110000110011010011
01001100100000000010110110000111
01001011100000000010111000000111
00001000100000101000000011010011
00001011000000000010010000000111
00001001101010110000111111010011
00000001010000111000001111010011
00000000100110110000111001010011
11000110101000000010111000100111
00101110010000000010100000000111
00000001111110000000111101010011
00001000000111011000001001010011
00000000011111001000011011010011
00000001010110100000101101010011
00001001001111101000111001010011
00001000011111110000110011010011
00001001011101000000100111010011
10101110010100000010011000100111
00000000110011111000011011010011
01011010001000000010110000100111
00000101000000000010111110000111
00001000010111111000101011010011
00100101001100000010100000100111
00000001110101001000101001010011
00000000111010111000010011010011
00001001111011010000110101010011
00000001101001111000010001010011
00001001011100011000101001010011
01001011011000000010011000100111
00101101100000000010111010000111
00000001010110001000111101010011
01010101111100000010010000100111
00001000111100100000001101010011
00001001011011010000101001010011
00000001111100100000110001010011
00001001001011100000100011010011
10100111001100000010111000100111
00000000000001010000000101010011
01000100000000000010011000100111
00001001001010111000000011010011
00000000110000101000000111010011
00001000111101000000001111010011
00001001000001110000111111010011
00001000110000011000000101010011
00001001011010111000010001010011
10111111010000000010110000000111
00000000000010011000111001010011
11000011000000000010100110000111
00001000000000000010001110000111
00000000001011101000011001010011
00011010000000000010001000000111
00000000100110100000011101010011
11110101110000000010010100000111
00000001010011111000110111010011
11111100101100000010101000100111
10001000001000000010011000100111
01100100001100000010111000100111
00001001000101111000101011010011
11101011101100000010101000100111
10111100100000000010000100000111
00001001111110010000001111010011
11110001100000000010101000100111
00000000110001010000010111010011
00110101010000000010000100000111
00111000010100000010010000100111
10111010111000000010001000100111
00001000110111001000001111010011
00001001111001001000011101010011
00000001011010000000000011010011
01100000011100000010010000100111
00000101111100000010110000100111
11001000000000000010101010000111
00000001100010111000111001010011
11101110111100000010110000100111
10101000100100000010001000100111
01000001011000000010111000100111
00001001010111000000111101010011
00001000110110111000011001010011
01110100100000000010010000000111
10111000101100000010100000100111
01101111100000000010100000100111
00001001000001110000001011010011
11001010000000000010111100000111
00100011001000000010101000100111
10110101010000000010010010000111
00000001101000111000111011010011
00001000010011101000100011010011
00001000011111101000111011010011
00000001001100101000001101010011
00000001010100100000010111010011
11011110100100000010010000100111
00001001101000000000001101010011
10110101011000000010001000100111
00001001010110110000110101010011
00001000001010100000001111010011
00001001001111100000100011010011
00000001001010101000011101010011
01011001100000000010010110000111
11111001010000000010101000000111
10100111011000000010101000100111
01001011000000000010011000100111
00000001010101010000111101010011
11100000000000000010100000100111
10101100100000000010110000100111
00111010100000000010111000100111
00000000011101010000100011010011
10000110000100000010010000100111
01111001000000000010110010000111
00110011110000000010110000000111
00000000000011011000110001010011
00101011110000000010101010000111
10110001111000000010000000100111
00000000100111101000011111010011
00100100100100000010100000100111
01100110100000000010001000000111
10101011011100000010001000100111
00001001000010111000010111010011
00000000001101010000111111010011
10111101110100000010000000100111
00001000111011011000010001010011
01110111000100000010110000100111
01100011001100000010000000100111
11111110110000000010001100000111
00001001001000001000101011010011
00010110100000000010001000000111
11001110110000000010110000100111
00001000011110100000110111010011
00000001000010101000100111010011
01010011010000000010110100000111
00000000011001000000010001010011
00000000010000010000011111010011
00001000110010101000100111010011
00001000010011001000101101010011
00000001101111000000011101010011
00000111100100000010111000100111
00101111110000000010101100000111
00000001010111010000011011010011
00001001001001100000110111010011
10011000000000000010100010000111
00001000010111010000100111010011
11000001010000000010100110000111
11010100110000000010000010000111
11111101010000000010000010000111
00001001010001010000010001010011
00001000000110001000001001010011
10110110110000000010010000100111
01000111001100000010110000100111
00000001010100001000011001010011
00001001111101001000111001010011
00001000001000101000001111010011
00001001100100011000101111010011
11100101100000000010111100000111
10000111001000000010001000100111
00000001110001110000100001010011
10110001101000000010010000100111
00000000100111001000011011010011
10111010011100000010001000100111
00011001011000000010101000100111
00001000010010011000001101010011
00000000101101100000110101010011
01000011100000000010010100000111
00101011000000000010001100000111
00000001011000011000011101010011
00000000001101010000100001010011
01011111010000000010100100000111
00001011100000000010110110000111
00110000000000000010011010000111
11111101011100000010101000100111
00100110100000000010101100000111
10000101000000000010111000100111
00100011100000000010011000100111
00001000011111100000010011010011
00010100010000000010110110000111
00000001000010011000000011010011
01010011110000000010111000000111
10001101010000000010001100000111
00001000011100101000100111010011
00110010011100000010001000100111
10010100010000000010010010000111
00000000010000101000100011010011
00000001101101010000001101010011
10110110100000000010110000100111
10101011110000000010111010000111
00000000101100000010111000100111
11010001011100000010111000100111
00110101100000000010100000000111
00000001101011111000100001010011
10000001111000000010111000100111
11010100011100000010111000100111
11010100110000000010100110000111
00010011100000000010011100000111
00001000111000011000110101010011
11110000110000000010111110000111
00000000100101001000001011010011
00001001111011110000100001010011
11011101100000000010011000100111
00001001001010110000111011010011
10110011100000000010011100000111
00000001111011100000000011010011
01111010111000000010001000100111
00101110100100000010100000100111
00000000010110100000100111010011
00110100110000000010011000000111
00001000000100000000111101010011
10111010100000000010110010000111
00001001110001110000101101010011
00001001110110000000101011010011
00000001100011011000011001010011
10011100000000000010001010000111
00001001000100000000010111010011
00111010000000000010001010000111
00000000100001001000100011010011
11111101010000000010101110000111
00001001100101101000001011010011
00001001100010010000111101010011
01110100101100000010101000100111
11010001111100000010000000100111
10111100110000000010111010000111
00001000100110000000000101010011
00001001101100110000111001010011
11110001010000000010111100000111
00001000111011000000000011010011
00000001011100010000110101010011
10011110010000000010000000100111
00000000000010110000100001010011
01001010010000000010101100000111
01011010101100000010101000100111
00001001111101110000001011010011
10011011001100000010010000100111
00001000111001000000100001010011
00000001110000000010011000100111
00001000111101101000001011010011
00001000101111101000101001010011
00000001010000000010011110000111
00000001011100010000010101010011
10000001011000000010100000100111
11111110110000000010100100000111
11111000100000000010000110000111
10110000100000000010101110000111
11000011110000000010001000000111
01010011010000000010001000000111
00000001001000000000001001010011
00000000000100100000101001010011
11000110000000000010000000100111
01101011110000000010000110000111
11110101010000000010010100000111
10011100110000000010011010000111
00001001010001011000011111010011
11111110010000000010011100000111
00001001101101110000101001010011
01101000110000000010001000100111
11011001101100000010110000100111
00001001001111001000101101010011
00001001100000010000000101010011
10100011110000000010011110000111
00001000011000001000110011010011
01100000000000000010000110000111
11110100000000000010101000000111
00001000111000011000111101010011
00001000110010001000010111010011
10001100010000000010101000000111
01001101100000000010111000000111
00001000001110011000110011010011
00001001101000010000011011010011
11111110101000000010100000100111
10100000000000000010001010000111
11001101100000000010101000100111
00000000011110111000011111010011
00000001111111010000110101010011
00001001110000101000110001010011
00000000010111110000010011010011
00100111101100000010000000100111
11001010110000000010110010000111
11101011010000000010000010000111
00000001010110100000000101010011
10000100110100000010111000100111
00001000000001001000110001010011
10100111011000000010111000100111
10011111100100000010001000100111
01010101110000000010001100000111
01111001010000000010101000000111
00001001011011100000110111010011
00001001110000011000101011010011
01110011000000000010100110000111
11101101000000000010111000000111
00000000001001110000110011010011
00001001000001101000110001010011
00000011000000000010110100000111
00100010000000000010111000000111
00001001111000101000100001010011
10100100001000000010110000100111
10110011000000000010101000000111
00000001100001011000000111010011
11010110100100000010101000100111
01010100100000000010100000100111
00100100010000000010111100000111
00001001111011101000011101010011
00001001011001111000110101010011
00001001100010011000101101010011
00000001010000100000101011010011
10010110110000000010001100000111
11111100100000000010010010000111
01000110101100000010111000100111
00001001000100111000010101010011
11101011010000000010100000100111
10001001001100000010111000100111
00001001000100011000110101010011
00101111100000000010001110000111
01111001111000000010000000100111
00000000111100001000100001010011
00000000101010010000001111010011
00001001110010000000011101010011
00000000001000111000111011010011
00001000010011110000111001010011
00001000101111110000101011010011
00000001111011010000010011010011
01101010100000000010110010000111
00000001110110000000011011010011
00001001101000000000110001010011
01110100001000000010000000100111
00000000010001010000010001010011
00001001001111010000011011010011
00000011010000000010011000100111
00001001000010110000110111010011
00001001101101000000010101010011
00111100111000000010110000100111
00001001101010110000110101010011
00111000000000000010101000000111
00000000001111111000110111010011
11111101000000000010100000000111
01011001111000000010110000100111
00000001110011000000000011010011
00000000111100111000000111010011
00111110000000000010010010000111
00000000011000101000101001010011
00000000110101000000001101010011
00001001110000101000111001010011
00000001001001111000111111010011
00001001011001010000010111010011
00000001000111110000011111010011
10101100101000000010001000100111
00001001110111101000001011010011
00001000100101110000100101010011
11000010011100000010010000100111
00001001111110001000101011010011
10000000110000000010111000000111
00001001101010101000000101010011
00001001100001110000100101010011
11101111100000000010110000100111
11001000011100000010100000100111
00000001110010001000010101010011
11101001110000000010111110000111
11101110010000000010101100000111
00000001001001111000110001010011
00001001001100000000101011010011
00111011010000000010011100000111
00000001001011011000011011010011
00000000100000010000000011010011
00001000010001111000111001010011
01111100000000000010011000000111
11011101100000000010110100000111
00010111100100000010000000100111
00001001011000011000010001010011
11100001100000000010111010000111
00000000101010101000001101010011
00001001001010010000001101010011
00000001101001001000111011010011
00001000011011010000101101010011
10010100010000000010001100000111
00000000010000110000011111010011
11100111100000000010000010000111
11000101100000000010111000100111
00000000100000000000000011010011
00001001000110010000011001010011
01010001000000000010000110000111
00010010110000000010001100000111
00001001111010100000011101010011
00101101110000000010100000100111
00110011000000000010100010000111
00001000010000100000111001010011
00001111000000000010001000100111
00111011001000000010011000100111
11010100101000000010110000100111
00000001110101001000111001010011
00000001011011011000101001010011
00001001101010010000001011010011
00001000000000110000001011010011
10001111000000000010110100000111
11011001010000000010100010000111
00001000111001000000110101010011
00000000000100010000011101010011
00000000011010110000011011010011
10011000100100000010100000100111
10100111110000000010001100000111
10010111000000000010100010000111
00000000011010001000000101010011
11000011000000000010001010000111
10100011010000000010001100000111
00001000111010100000100011010011
11101010011100000010110000100111
10001011101100000010000000100111
00001001001011100000010101010011
11001010010000000010101100000111
00001001101111100000101101010011
01010100101000000010000000100111
00001000010111110000110011010011
00001001110011101000100111010011
01100101100000000010011110000111
00000001011011001000110001010011
00000001101011100000000101010011
00001001011000001000101001010011
10110010010000000010010100000111
00000001100010001000101101010011
00000000111011000000111101010011
11100011010000000010111000000111
00111100110000000010101000100111
11011101100100000010011000100111
10110100100000000010010010000111
01010010010000000010101000000111
11011001110000000010010110000111
10100110100100000010011000100111
11000101100000000010000110000111
00000001001100100000100111010011
10011100011100000010111000100111
00000001110100010000001001010011
01000101000000000010000000100111
00001000001100100000110101010011
00001001111001111000000111010011
00001001010010011000001101010011
00000000010100111000101101010011
00000001110101111000100101010011
11100101011000000010011000100111
01000101100000000010001000100111
10010101100000000010110010000111
01000111100000000010100000100111
00000000011110111000100111010011
00000001010110111000011001010011
01010001110000000010100000100111
00000000101110010000100011010011
00000001010011101000011011010011
00001000101101010000010001010011
00000101111100000010000000100111
01000001100000000010000110000111
01101000110000000010101000100111
00001001101101000000101001010011
10100101000000000010000000100111
00001000010100100000011011010011
10010010010000000010101000100111
11000100011000000010110000100111
00000001001001000000100101010011
00000000010101010000110101010011
10101111111000000010101000100111
01111010100000000010101110000111
00001001110101111000011111010011
00001000010010001000010001010011
00001001101111110000100001010011
11000100001000000010000000100111
11111110000000000010000110000111
11000001101000000010001000100111
00000001100110000000101011010011
01101111111100000010001000100111
00001001110100000000110111010011
00000001010000000010111110000111
00000001100010011000010011010011
00000000101000011000001101010011
11001010000000000010110000100111
11111010001000000010110000100111
10100100101000000010100000100111
10100101000000000010110010000111
00000001101001110000010011010011
01010011100000000010010010000111
00001001011011101000010111010011
01101000100000000010010000100111
01000000000100000010101000100111
11001011110000000010001100000111
11110101010100000010111000100111
00000000100101101000000101010011
00001001110111001000111101010011
01101100000000000010111000100111
10010000000000000010000000100111
00001001110010110000000101010011
10001001011100000010110000100111
11000100010000000010000100000111
00000001110111000000001001010011
11010101010000000010001010000111
00000000110000100000100011010011
10111101100000000010011100000111
00001000001010100000110001010011
01101110100000000010110100000111
00001000001101111000001001010011
00001000010001001000011101010011
00001001111010010000011111010011
00000001001100010000101101010011
10111001100000000010001000100111
00000000101011001000010111010011
00001000101111011000100101010011
01000101000000000010011110000111
00001001011010111000000011010011
00001000111111110000101101010011
00000000000010101000010101010011
00100000110000000010100100000111
00101111100000000010000010000111
00011010111100000010110000100111
10000111000000000010111010000111
00000000100010010000101111010011
00001001011011101000100011010011
01100100110100000010010000100111
01100001110000000010011000000111
00000111000000000010101110000111
01001111010000000010001000000111
00001000111011101000101111010011
00001001000011110000100101010011
01001001101100000010101000100111
00000010100000000010000110000111
00001010110100000010011000100111
00001000101111101000000111010011
00000001011101001000110101010011
00000001001011001000101011010011
11110100110000000010011000000111
00001000011111011000110101010011
00000000100001001000101111010011
00001000010000100000110001010011
11001000000000000010101000000111
00011001101000000010110000100111
00001001010100111000000101010011
00001001111010100000001101010011
00110101000100000010100000100111
00001000111000000000000111010011
10011101000000000010110100000111
11111110110000000010001000100111
11110001100000000010110000100111
11010010111000000010100000100111
00000000000000000000000001110011
00000000011111110001111100111100
00000000000100101000111000100000
00000000001010000001001100110110
00001100010000101101000001100110
10000011000111101110110001010001
00000111111011100111001011110100
00000000010010000001000010011110
11011011010110111001011101100111
00000000010111110111111011010100
00000101111100101001110101001011
00000000011010000010001001110001
00000011001010110001001000011011
00000000001010001110010000011101
00110110000111000100111111010101
00000000011011000000011000101110
11111010111110111001010000101110
00000000011010101110010110101001
11011110100101010100101111111010
00000000010101100110101110000010
11101010000111110001011011000010
11111000110011010110001111011100
11011101110111001110101100010111
00000000001001111000000010101011
01110111101001000100111111100011
00000000011001110010000101011011
10000010101000110111011001011110
00000000001001001101111111001000
11100010111001010001111101100111
00000000001011110110100101101001
00111101110111000010001111001100
00000000010001101111011111011110
00100000010000110100111010001111
01110111101001000100111111100011
10011011001111101101110100011000
00000000000110000111001001011001
01000011001001100001000010110010
10000000000111001111011010001011
11111001001001000100111111100011
00000000001100010100011011000010
11110111100011001011001111000101
00000000000011000001011011010011
10111011110011111100101001011000
00000000011101001011111011101110
00000000000000000000000000000000
00000000001101101011100100110101
11001011010110100111001010010111
00000000001001010000100100101000
11101111100010101111011011001111
00000000001010101010001111001100
01000001000010001011110101100000
00000000011100010001101000011111
01001011111001011001101100110000
00000000011000011001000111010111
10111100110101010110110100000111
00000000001110010010110010110111
10111001001011000110110000111111
00000000011011010000111100001111
00000000011010111000011100110001
11010100111111111110100000001001
11011101101000000001001001101111
00000000010010100001110011111001
00000000000000000000000000000000
00000000000101011111101110111100
00000000010111011100111000000110
00000000010110000000000011010010
11000000100000110111110101001010
00000000010010001101010101100011
00000000000000000000000000000000
00000000000101001010110000011110
01001011011100111010011100001110
00000000010001010111111000100011
00000001101100101011000000001010
00000000000000000000000000000000
01011100110001101101110101111110
01111000000011101111110101111111
10110001000100111110111101000110
00000000010100110010110011001100
00000101110111101001001111111101
00000000010001101010110011011011
01011010100111000001100110010010
00000000001101110011111101000110
00011000100100000110100001100000
00000000010011000001100011001101
00000000000000000000000000000000
00000000010011110111100011110000
00101101110110001001011110011010
10111010101001110101110001001001
00110110011010101010000100001110
00000000000100111001101101000111
10010100001001111101110011111001
00000000000101111110000000001001
00011110001101100000101000001000
00000000000101010001001000111101
11001111001001101000111111011010
01001001111011010101101001110111
10010100101010110101000110111110
00000000011100000010011111000110
10001111001001010101001010011111
00000000011000101100111000011011
11110000101101101001011111000110
00000000011000010000111001110011
01100001101101110100110101011000
00000000001111100111010001001000
00000000101110011011100100010000
11110111101001000100111111100011
01110111001110011010001001000111
00000000010010111101100101110011
00001001110011110101000000011001
00000000000100001000000110000010
10101101110011100110001011011011
00000000010110010100011001010100
00010011110011010111111101000011
00000000000001001010010000100110
00000000000000000000000000000000
00000000000010110000110000001000
00000000000000010000111000010000
01110111100011101111110101111111
11111000001001000100111111100011
00000000001110101000101101000011
11101110010110000100110011111011
00000000001100101101000001111110
10011100110100010100000111101001
00000000001001010100011000101000
10000001011111110000011100111011
00000000010111110111110001111111
11010110010110101100000110011100
00000000011110111010000011000111
01110111011001100010001111111001
00000000000100010101011111101101
11100010011100001110110111011111
00000000011001001110110100111001
01110100111001001101011101101001
00000000000010101011011100001101
10101001010000000100101001010010
00000000001001000000010110100111
11101111011111101101100010011111
00000000010101010111001000111011
11100010101011101110010110101001
00000000011110010010010110110100
01110010100100011101010000101010
00000000000010001000100111011000
11001000110101101010101111001010
00000000010111110101011101111000
00101001101000001111110000100110
00000000010100100011111110000000
00000000001100110011101000110111
00000000011000010100011111111010
10100011011110001110111101100110
00000000001100000000010110101100
10110110101011011100011111101111
00000000001001111110110011000101
01001001111011010101101001110111
01001110111010101101101010110110
11101110110000000111111101001000
01110111101001000100111111100011
11111100000000100001100100100011
00100001001111111000101000000001
00000000000000000000000000000000
01110111101001000100111111100011
00001100101000000101110100110010
00000000010011100110111100001110
10111011000100101001010000000000
00000000001111010101011111010001
01110001000101101000101010001011
00000000010001010111101110111010
11000110010001011011001100000010
11101001000010100001111011001010
00000000000000000000000000000000
00000000001110111000011110100110
01000100111001011111101110010001
01001001111011010101101001110111
11110001110100101011010100101000
00000000000011100001101100011110
01100100010100100011111001011110
11110110101010101001001100100100
10010010101111101000110100110101
00000000001111011001101111011000
11001101100001111001101010011101
00000000011000111011111111111010
01111101001101001001110011111001
00000000011111110100001010111001
01011110101111011110010111100110
10111010101001110101110001001001
00110101001010000010110101100100
01110111101001000100111111100011
01000110000100101101001000100001
11111000101010011010010001111010
11000110111001100000011101011100
00000000001100110110000101011111
00100100001000011100111000111010
00000000010101100111100111011010
00000000001011111000000001001111
00000000001100100100011000001100
01001101100100111001000000100111
00000000010001101100011111110101
01010001010011110111110000000001
00000000001111000001111110000101
10100101000010000101100011011011
00000000001100110011101000110111
00001001111001011001100110100010
00000000000010001010110110101010
10000000100000100001110111111110
00000000010101110000110001101110
10100011110101010101000100011101
00000000001110100101010011111000
10011010011100101100100111111100
01110111101001000100111111100011
01001110111010101101101010110110
00000000001101001100000101111011
01000100001100011011111101101111
00000000000011010011111000111000
01010000000101101100110011110100
00000000010110110111001111101100
11101110001101000101100110110000
00000000000110101010000000110110
01110111101001000100111111100011
00000000010100111010000011001100
11110011100111101010101011111111
00111010101001110101110001001001
00000000000101001010110001101010
00000000011000100010101101010010
00000000000000000000000000000000
01111001001001000100111111100011
10111010101001110101110001001001
00000000001001011111100111001011
01110111101001000100111111100011
00000000011101100010010101111111
00111110110111011111101011010001
00000000000000000000000000000000
00001110010110001101011011000101
01110111100011101111110101111111
00100001001111111000101000000001
01110111101001000100111111100011
01101001000010100001111011001010
00000000010100110110011011100001
00000000000000000000000000000000
00000000011110010001000000010101
01111000011101100111011111010100
00000000000101111111100110110011
10101000110010011101101000000001
00000000011010000011101011111100
11001001111011101110010111011101
00000000010001000010001111110101
10101000011110101111111000101001
00000000000111111001011011000111
00111000001111111011111011101000
00000000010010111001111100001101
11000101001100111111100100100110
00000000001010111100011001100111
00101110011101100110000001111000
00000000001011100010110101001101
00000000010100010111001011010111
00000000011010111001000001111110
00110000101100101101010001111110
01100001010011011111111111010100
00010110011000010001110000111000
00000000010100000011001110010010
10101100100110000110010001111110
00000000011000010100000100101110
11101011101100111010110101100110
00000000011001010011111111010110
00100001111111100011101111011000
00000000010000000011100100100010
01110111100011101111110101111111
00000000001101110111010001010101
01100001010011011111111111010100
00000000011110110111110011001001
10101111101100111010011111001001
00000000011000100111000001000100
01111000000011101111110101111111
00000000000101111110011111011011
00000111010110001111101100100111
00000000001001010000111101000010
00100110011101000101111110100000
00000000011111100110111100011111
10000000001101011110000010111110
11111000101010011010010001111100
00000000000000000000000000000000
00000000011010000010101101101101
00000000011111110100001101011001
00000000000010110101111111110111
11101111000101000001110001001000
00000000001000101101010010010110
10101100011100010010110011010001
11101001000010100001111011001010
00100100001000011100111000111010
00000000010001010011010101000011
01110000110010110011001100000101
00000000001100010101101001101111
01110111100011101111110101111111
00000000001010110011000001111100
11010100111111111110100000001001
00000000011100110100101000100011
00000000011010000011101011111100
00011111010101000011100000101001
10100101011100110101100101100001
00000000001110101000101101000011
10011100111000000101010001000000
00000000000000010000111000010000
00000000000000000000000000000000
00000000000001010010011110011010
11000010110001100010100000110001
00000000001000111100010001010011
01101111110110110101111111100100
00000000001000101100111110111001
01111010111000010110100101101001
01111000011101100111011111010100
00101000011000000010001110110000
00000000010011110011110100100001
00100111110101011000100111110110
00000000001100011000011011110001
01111001100001100110100110011010
00000000010011000001011000010100
11000001100100011010111011000110
00000000000000010110111101001100
01110111101001000100111111100011
00000000001000000010101001111010
00000000010010001110101100011101
00000000011000111111011101011110
11101011000110111000111100010111
00000000000111011110100011101000
00000000000000101101011010001111
00000000001110100111101101001011
01010010010010011010110000010101
01111000001001000100111111100011
01011100011101001100001000000001
00000000010010000011001101110001
11110101011000001101000001110001
00000000010001100110101100111101
11110111101110011110010001101100
00000000010101100011000101110000
11100111011100111110100001010010
00000000001001111000000010101011
11010000100011000110010000011010
00000000001110000010101010111111
11000001100110011110110010110100
00000000010000001010110110010011
00111100000111010100101001001010
00000000001110011001011100111101
00000000110110100111100010000001
01110111100011101111110101111111
00110010000100111001110000011101
00000000010110000100011111011001
10010101111101100100001010010101
00000000011110111001111000101001
10010110100011100100000101111011
11100000111010001011000010101010
00110011001011011100111110100101
00000000010011001101111111010010
01001011001000010101101001011101
00000000001101110110011011111110
00000010110011101101110111100111
00000000000011000011110001011001
11111000011010011000101110001000
00000000001111011000100000001001
00000000001111100110100111000111
00000000011101000100110000111010
11110101111100101111000001000111
00000000000000000000000000000000
10100100010010001001001100000011
00000000001111100110110010000011
00000110110001011001001100101101
00000000001100110101111011011100
11110101111101111111010010010101
00000000001111110011001010010110
11000101000000001001011010101010
00000000010011001110101011110110
11010100111111111110100000001001
11100001010011011111111111010100
01011101110010001110110001100110
00000000000000000000000000000000
11001100001110000111111010011010
00000000010110001110001011110010
11100110100100111001011011111011
10111111100111101000101011100100
00000000000011010011111000111000
00000000001101010011101010011000
00011000000000100110010101000111
00000000000010010110111100000011
00011100000000101100100101100101
00111000001111111011111011101000
00010011011100000001100110101001
00000000001111100011011110001110
11011110110101000010100011101001
00000000000000101100100100111010
00000000000000000000000000000000
00000000001111001000001100001101
00000111000011111100010110111010
00000000010011010011100011101111
10111111100111101000101011100100
00000000000011001110101000111111
10010111101110011110111101110110
00000000000000000011010011101010
01000001100100000001011100110100
00000000001100110010101010000001
00010101101011110110110011100101
00111010101001110101110001001001
00101001000110001001111110101011
00000000001100111011000111110000
00111010101001110101110001001001
01110111100011101111110101111111
10001100111000100001110110111111
00000000001000011101100000001011
10000011000111101110110001010001
00000000011100110001000101100001
10000000011110010101100111001001
00000000001010010001011100110010
11101010000011011010011011000110
00000000010100110110111100011101
01101110011111110101010111010001
00011111010101000011100000101001
01000000001100101000110110010011
00000000000110111101110110101101
11011110000000000010101111010011
00000000001100001010110000001001
11000100101000100010010000100011
00000000011000000100111010100111
11000100110111101000101100001100
00000000010100101010111111110011
10000000101111110000100000111001
00000000000011110010001110111111
00000000000000000000000000000000
00000000010001100011110010111111
10111101010100111011100111011000
00000000000100001111001110100111
10000000100000100001110111111110
01111000011101100111011111010100
01110111100011101111110101111111
00000000010111001011011110001001
01111100110011100100010111101011
00000000010111100001001110001101
01100001011001101101101011101010
00000000010001100000111111110110
01011010100111000001100110010010
00000000001011011010001010101011
10111101010010000001100001001010
00000000011010001110011011111101
00001011000011001000101110111000
00000000011110111101010000011111
11111010001101001110000011011011
00000000000111110001011110001100
10111100111000100011100011010000
00000000000011101110111000101101
01111001001001000100111111100011
00000000001110000110101101110100
10101110001100000100000101001110
00000000000010100001111010001101
01000011101110010001011001110001
00000000010010001110101100011101
00000000000000000000000000000000
00000000001011100010110101001101
00000000000000000000000000000000
00000000001001000010101101011011
00011100110100010100000111101001
00000000011111001101110001000001
00000000101100110101010000010101
00000000000000011111011101000111
01101011100100101100111100010101
00000000010001100010100010001101
11011110101110001000110010111100
00000000011011001101010010111011
00110111001110000010110001010011
00000000000011110100000001010011
01001110011010111101100001100000
00000000011000110101001011100100
00011101000010101000010100010100
00000000010010110010101110100100
01100011001010011001100110100010
01111000100111101111101101001100
10011000010011011111000000001000
00000000000000111010110000011010
00000000100011011111011100101100
00000000010000110011100100111101
00000010111000100010110011010100
00000000011010000011001000101110
10000101111100010010110010011000
00000000010110010010001001010100
11001110000011011111011000100111
00000000010110101000101011111011
00100111010000010010010000011101
00000000010110001001110000101000
00000000011010001101000101100111
00000000001011000101111101011010
01100100010000001111010111010110
00000000000010011111010111111111
11011100011110000000010010001101
00000000000100011001101011110001
11111011110001010010110110111011
00000000001101010100011101111000
10101000100100101011011000111100
00000000011110011111010110111100
01111000000011101111110101111111
00000000001000001111111110111100
00000000000000000000000000000000
00000000011110111010100100100110
11010100100001000111101011101100
00000000011110010101011001010001
11001000110101101010101111001010
01111000001001000100111111100011
11111000000100000101010101001000
00000000001001101101101000001000
11110111101110011110010001101100
00000000011000110101001011100100
00011111010101000011100000101001
00000000000001001110110010010111
00000000010010110010101110100100
00000000010100111000110011100010
11001010100011010110101110010000
00000000011111001110010100001000
00001110111010111100101110011001
00000000001000111010100110100010
11000110111001100000011101011100
00000000000000000000000000000000
11100101011000000011010011011110
00000000011010010011110000010001
11110110101010110110001111010001
11101001000010100001111011001010
11001101100111100001001001011101
00000000001101110011111000010100
01011010100111000001100110010010
10000000100000100001110111111110
00000000000000010000111000010000
00000000001101101001110110100000
10000111100110111010011010100010
00000000001100011100100001000011
00000000000011110010001110111111
00000000010110100111001010111011
00110010100100001001001100111100
00000000011001011001111010000110
10101111010000101011010111010001
00000000000011011110011110111010
01110111101001000100111111100011
00000000001000000010101001111010
00011000000000100110010101000111
00000000001110001001100111000110
10110001101111001011111111011110
00000000010101001111111100101000
11110000001000111000001010110110
00000000010100101100000000010010
01101001111101101101100010011011
01001000001110110010100111011100
01000100111001011111101110010001
00000000010111001110111101110000
10110000000001100101011110111011
01001001111011010101101001110111
10011100001010011100000011111011
00000000011101110110011001000111
01001001001010001101011001011011
00000000001100010111010111010010
11100111110111010010110110011010
00000000000000000000000000000000
00001110000011110111111001010101
01111000000011101111110101111111
01110000111010010100000011011000
00000000000000000000000000000000
10010101001100111101000011001111
00000000011000001101001011111000
10110010100100001101100001011101
00000000011111010110100000000000
00000011010111010001110111110110
00000000011111111011101110001100
00000000010111001110101101001011
00000000010001100100100011110010
11110000011000111110010111011000
00000000001001111000000010101011
00100011001111011001000010011010
11001000110101101010101111001010
10010101101101110111000000000100
00000000000110111010001100001110
10011100111100111001111111001111
00000000010000010010110101010010
00010001111100011000000110111010
00000000010010000101011010110010
11111101101110010001001110000111
00000000000011000000100010100000
11001101010011010101011010000110
00000000010000110101111101111110
11000110010001011011001100000010
00000000001011110100111111110000
00000100111101110101010100100111
00000000000000000000000000000000
11011110101110001000110010111100
00000000001010000000101101100111
01110111010101111010111001001100
10000000000110100100101110100100
10010011010001101011100011111101
00000000011000010110011000100011
11000100010000110100001100110101
00000000001001110000000000110101
00101000101101010110010101001001
00000000001111100110100111000111
00101000100001100100010100011111
00000000011011000001111101100100
10111000001111111011111100111001
00000000000111011110111011111001
11011010101001111011011001110011
00000000000001101010100111011000
10100010110110111110111010101101
00000000011110110001001110101110
10111010111110010000110100010110
00000000000111010011111111011110
11110011001101111111100000110000
00000000010001111111100110010100
10010000101010000001110010100110
00000000010010000011110101110101
11000110000110100101110111100011
00000000000000000000000000000000
00011011101111011010101011101011
00000000000001111111000001100101
11101011000001100010110101110110
00000000001111000110100111100110
11110111100011101111110101111111
00000000001010111010101101101101
10010011000000111000101110100110
00000000001001010101000101110001
00001100111001010010010110001101
00000000000011110011000001100001
00010011110011010111111101000011
10111010101001110101110001001001
01101000000100110111101101001100
00000000010111000111011101001110
10111010101001110101110001001001
00000000011111101011101001110001
01010110010100111001100100001111
00000000010000100101110111100101
10100111011101001101110000000010
00000000010100010011111110100010
11010001110110111001101011010001
00000000010000101011010110001000
10000100011010100111001010000000
00000000010110011100110111001000
11001011110010100111111010101001
00000000011111000101110011000001
10011101111110111011010110000001
00000000000110111110101011100001
11100101111101101011100100101000
00000000001010101110110100011101
01001010000100001000010010110111
00000000000101000100011011100101
00000000011100000010011111000110
00000000001111111101101000100110
01010010111000001101100111100010
00000000000011101001000111110100
00000010110011000101100011001101
00000000000010010101111011100000
10010011100100001000001011000111
00111010101001110101110001001001
11010111010011000010000001011101
01111000011101100111011111010100
10011010011111010010010101011010
00000000001001111000000010101011
11000000000000100111100100001111
00000000001000001111100010111001
00001011001001100011010111101110
00000000011100101111100101010011
10100101101001111011101011001111
00000000010100011011010111011010
00000000000011010011111000111000
00000000001111001000110101110100
00101000010110101110110110000100
00000000001011001110110010000100
00000000001111100110100111000111
00000000000001011001000100011001
00100011011110001110111101100110
00000000001101011001000011000110
10111010101001110101110001001001
00000000011111010110100000000000
00111110000110010000110101111111
00000000010011000111101110011101
00001101000001001011110101100010
00000000001100110001101001001001
10000011000110101110111110111100
00000000011110001100111001010101
01011001100101110000110110101110
00000000010100110100111010111111
01101011100000111100111011110111
00000000010100101001111001010010
10001100110111001111110010111100
00000000010000000110010010111001
10100010001100011000001001111100
00000000001001011011001101001100
11010111111110110001101111000000
00000000010110001111001101101111
00100111110001101000001110111000
00000000001100010101101000101000
10110011100011110000011010001101
00000000000000011100000100110110
01000110010001011011001100000010
00000000001010011001110110011000
00000000110010010110011000000001
00000000000110111111100001011010
10001010100001110111101110000101
11011010100111000001100110010010
01111010010111111001110111011101
00000000001100110111011010011110
01001101101100100000100010000010
00000000011010011111101001011100
00000000010001101010110011011011
00000000000100111101010101000011
10001000000001111111111011011010
00000000001111000110100111100110
01101011100000111100111011110111
00000000011110100000011000101001
00000000000000000000000000000000
00000000010000110111001110000100
10001011101000101001111100100100
00000000011010111110110111110010
10111011101001101011100001100010
00000000011010001101000101100111
11110001101111010011101010110100
01110111100011101111110101111111
11111011010110010001110010100101
00000000010101000011110010101000
11000110010001011011001100000010
00000000001011010100011011110100
00001100110100011001111010011011
00000000010111000100110111010011
10110000111101010011111000011001
00000000001000000100010010101110
11000111001110011110101111010110
00000000000011011101011111011101
01101000000100110111101101001100
01110111101110011010001001000111
01100011000000111100011100110111
00000000000110001111111010011000
10000101100111100001010100100101
00000000001000000011000001001011
01000101011101000001101111000000
00000000010110111100111000000100
00011110011000110100001100111000
00000000000100011101100000000100
01110111001110011010001001000111
00000000011010111011010010101111
11011100010011010001001111000010
00000000001010111001000011011111
01110111101001000100111111100011
00000000001101000111111101000010
10010001101110110100110000011000
00000000001000100111110100010010
01111101110001001001100010001010
00000000000111100011000000101001
10101111010000101011010111010001
00000000000001110100111100111101
11110100011100111000010100001011
11111000101010011010010001111100
11000100001101010101100001101101
00000000010101011000100110100101
00000110101111110011101100000101
01111101001101001001110011111001
00101110100110101010100010011000
00000000000000011000110001001001
10011011111011111001111010011100
00000000001111111110011110110110
10001110001101100111000111111110
11111000101010011010010001111100
01111000100111101111101101001010
00000000010001001110001000000111
10001111001001010101001010011111
00000000011111101101111001010001
10000110011101011110001010001100
00000000000110100100101110100100
11010010000100100001011001001111
01011010100111000001100110010010
01010101100101100100100101001001
00000000001010111000100101111110
01100110001000011110111011100101
00000000010100101110000111011101
10110010111011101010010010011011
00000000010111011100111000000110
00101000000111000011100101010100
01111000000011101111110101111111
00000000000000000000000000000000
01110111101001000100111111100011
11101110110000001010110010111000
00000000010111011100111000000110
01100000011000001111011000001101
00000000000111010100111001010110
11101011011000110110110010101001
00000000011010000010011000100110
00000000000000000000000000000000
00000000000000000000000000000000
11001000110101101010101111001010
01111001001001000100111111100011
00000000000000000000000000000000
00000000000000000000000000000000
01101000000100110111101101001100
00000000001011111100011010100001
10101100100000010011010101100101
00000000010000110001010001111101
11101001000010100001111011001010
00000000010111100101001101110101
10100001001111000111000110100110
00000000010001111100111101001000
01111001001001000100111111100011
00000000001001110000010000000001
00000000011000010100000100101110
11111000011101100111011111010100
01011010100111000001100110010010
00000000010001010110111011010000
01010111010011100001110100111011
00000000011010111000011100110001
01010000101110000010100101000111
01001100001110000111111010011010
00101001100000010010110010100010
00000000011111100010101111011000
00000011100110011100110011101010
00000000000100101000111000100000
01100000110000010100010111011100
00000000001100110111011010011110
01011001101011000000010100001000
00000000001001100110011010011111
11000101100101100101110010110001
00000000000001001100100101010000
00000000011010111000011100110001
00000000000100001100111101111000
00111000001001001110111111111000
00000000010001001111000010110011
00111101100000001101100101011010
00000000011010010100110110110010
10010110001011011011101100111101
00000000010010001010110001110000
01101000000100110111101101001100
00000000001000010010000011000100
10101001011101110110111110011001
00000000000101100100011110010000
01111001110111001111000001010000
00000000000011101101101010111010
11110011100110101011001101011111
00000000001011101111001111010000
00001100010100100100101111001001
00000000011000011101100110111100
01100111011010011000001101110010
00000000000100111000010110011001
00000000001100110010101010000001
00000000000011010110000111101101
11001110111110110010000100100100
00000000010010110001100010100111
10111001110100011111100001110010
00000000001110101100110101010101
00100011100111100101010111100000
00000000011011101111000000010110
00111111101110011100001101100010
00000000001011111000000001001111
00000111001110000010010100110000
00000000011100111011111011000000
01111000101010011010010001111100
00000000010110111011100010111100
10101111010000101011010111010001
00000000000010011111101011101110
00000000000101001010110001101010
00000000010101101000101110111001
11101000100010001110011000110000
00000000010100010100011010000010
10101011001110000010000000110111
00000000011110111010000011000111
10000011011000001111011100100110
00000000001011110010110100001101
00111101100111010110000111100010
00000000001100101110110101010000
00001011110000001100100000100110
00000000000110001001111101100111
11000010101101101110101101110001
00000000001101111100011100100000
10011100000000111010110100111010
00000000011010001101101010010010
00000011001101010110011110110110
00000000011000110110010101011100
00000000011100101111100101010011
00000000001011111110000010111111
11010100100010010011000110001011
10111111100111101000101011100100
11010011101001001000100001000111
00000000000000000000000000000000
11000000101101010100011100000111
00000000000000000000000000000000
00000000001010111101100110111001
00000000010000001101000010010011
01110111101001000100111111100011
00000000001101100001101111101010
10111101111110101010010011111001
10000000000000001101111011011001
01101000110101110000100111111011
00000000001101011101100101000000
11000010100001000100010001000000
00000000000000000000000000000000
10110001001101101100101110101111
00000000011111000100001111010100
01011111111111110111010100100010
01011010100111000001100110010010
11110111001101101101111011000111
00000000000011111001000100000101
00001111011011111001110001100000
10111010101001110101110001001001
11100000111010001011000010100011
00000000001101010000000110001101
11110111101001000100111111100011
00000000001000001010100000000110
11000001111000010000111001111111
00000000011001101000111111111000
11010011001010011101111001110111
00000000001110011110001011001001
01100001010011011111111111010100
00000000011000111010101101010100
11101101010000110110010001110000
00000000000101111001011011111101
10110000000101001010100100000001
00000000010010100000100010111000
00010011010100110000110100100100
00000000000011001110011011111100
00110011101111100000000100000011
00000000001010100001101011101111
01111000000011101111110101111111
00000000011000001011010011111100
00001001010010001000100000001100
00000000011101011001010011010011
01001111111010010110110111111111
01111000001001000100111111100011
01101000000010011101100010011111
00000000010101111001101101100101
00011010100110011111001111101011
00000000001110010001100011101001
00011011010010011001011101000111
00000000011110111101001011100110
00000101110010000010001001111111
00000000011000011110001001111111
10111110111110010101011110011110
01111000011101100111011111010100
11111000000011101111110101111111
00000000001011010100000111011001
00010111110100100001100111011000
00000000010011000111011011011010
10011101011100101011101100111000
00000000001011111001010010010001
00100101000011111100011110010111
00000000011100111111011111111110
10100010110110111110111010101101
10111010101001110101110001001001
01001100100100000000110011010000
00000000001011111011001011111111
01101101011010010101010010110100
00000000011100001101110100101100
10001011111010110100010100010001
00000000010101001011000110100010
01100001100101001000111100010001
00000000011010010011101101000110
01101110110110100111110001101110
00000000011100010100010111111010
01111000001000011001110111100010
00000000000000000000000000000000
01101011001100011101010100101010
00000000000011110010001110111111
10011001100110001001101010100010
00011100110100010100000111101001
00000000001011100010110101001101
00000000011010101101001011100001
10001100100110110011011100010110
00000000001001011100100011010111
01101001111101110000011000011010
00000000000101000011100001010010
01001010100000101101001101001010
00000000010011110011110011110101
11101011010000001011011100000011
00000000000110101110100101111100
00000000000000000000000000000000
00000000010100000110000010010000
00001000000101001001111100100100
00000000000011100000110110000001
01010100011010011101111011001010
00000000000101100101001100101010
10000000000111001111011010001011
00000000001101101101111100000010
10010010111010111010100000100010
00000000000100000110110110101001
10100011011110001110111101100110
00000000011101101010001111011100
01111101001101001001110011111001
00000000010111001000101001000010
00101101100000011011011000100111
00000000000000000000000000000000
11101101000111011000100100001100
00000000011010001100100101010001
01101000110010101011001011101111
00000000000111100000011100000010
01111000100000000001101000110010
00000000001100001001101011110000
01001101011100110011100110100100
00000000011101101100100110101111
01110111100011101111110101111101
00000000000010001000111011110011
00000000011100101111100101010011
00000000011110010011101000000100
10001000000011000000100001000011
00000000011110010000011111010110
01001000001110110010100111011100
00000000010000010001000100100100
11011100101111010111100010101110
00000000000010111101100100011110
11101010110011000101011111001111
10100011110101010101000100011101
01000011001001100001000010110010
00000000001000010011101000001001
01100100101000001001000101000101
00000000011100100100010000010101
11110101111011101100111010001100
00000000001001010100011010110000
10100001011001111110011100101000
00000000010001010100001011101001
11001001011011011101011011110001
00000000010000001111010010010101
10111010101001110101110001001001
00000000000000110011100001100100
00101101100111000000001100100110
00000000011010101000001011100001
10001100000100111100001010101001
00000000000011001111011110010000
10011100110100010100000111101001
00000000000010010101011110101101
11010000000101010011011000111101
00000000001000000010101001111010
00011000010011011111000000001000
00000000010010011110101110101011
11110010110110011011011001001011
00000000010110011011110101101110
00110101101110100000110111111001
