01111111110000000000000000010011
01111111110000000000000000010011
01111111110000000000000000010011
00000000101011011010111110110011
01000000110100010000010000110011
10101010011100000010010000100011
00001001010100110000010011010011
00000001100101110001101110110011
00010000101100000010010000100111
11100110010000000010001110000111
00001001110001001000101111010011
11010011010000000010010000100111
00111111011000000010000000100011
10100001001001011001110111010011
01111100110100000010111000100111
00100100110000000010110010000111
00000000100110101010010100110011
10001110010000000010001000100111
00001001000000000010010010000111
00000000101001101000110110110011
00001001000010100000000111010011
00000000010011001001111100110011
01111001100000000010001010000011
10100000011010110001011101010011
10111110001000000010011000100011
10001101000000000010110000100111
00000000100101100101001110110011
00000001010000000010010000000111
00000001010010111010101010110011
00000001100101001000101010110011
10100001110110100001110111010011
00000001100110010000011110110011
00000000101100000000101010110011
00000001011001100001000100110011
10111111010000000000111000010011
10010101110000000010010110000111
00000001000011110001101110110011
00000000001010110000110100110011
10011100111000000010100000100111
00000000001010100001101110110011
00000001001010101000001001010011
00001000011011101000101001010011
00000000110001011001100010110011
00001000111111100000111111010011
00011101011100000010110000100111
10100001010011101001011111010011
01000001001100001000100010110011
11100000000001110000101101010011
11110110100000000000010010010011
10101010000100000010101000100111
00000110010000000010001010000111
11100100000000000000100000010011
01000000011011010000110000110011
11110110100000000010100000100111
11100000000010001000100001010011
00000001010110111000011101010011
01000000100110011000111100110011
00000000001011110101011100110011
00000000010001100001001100110011
00000000000000110000110000110011
00000001000100011001010110110011
10100000001101101001001001010011
00000000100100101010010000110011
10000001110000000010101000100111
01000000111001111000100000110011
10100011000000000010100000000011
11110000000000000010110000100011
11100000000000110000010101010011
00010101110000000010110000000111
00001001010000110000101111010011
10011101010000000010111100000011
00001001101110001000011011010011
00101111000000000010101110000011
01000001000001101000010110110011
00000000011111001000110001010011
00000001101011011001101010110011
00001000111111110000111011010011
11100000000001100000100011010011
00000000111100111010100000110011
00001001110111111000111001010011
00001100010000000000100010010011
11001110010000000010111000100111
00000001001001111010101110110011
00000000010010100010111010110011
00010000010000000010111010000011
11111011110000000000001000010011
11111101000000000000001100010011
01100011010000000010101100000011
11111001000000000010001010000111
11001110000000000000000110010011
11011110100000000010111000100011
10011101111000000010011000100111
10000111110000000000101000010011
00001001000101111000100011010011
01000001100010100000110010110011
01000000010100000010001000100011
11100011101100000010001000100111
00000001001101001000110110110011
11111010010000000000100110010011
00000001011011101000000111010011
00000000110110101001101000110011
00000001010000010000011001010011
10100001110101000001011001010011
10100000011011010001110011010011
00000000011101011101100110110011
01000001001000111000101110110011
00001001111111010000011111010011
10000010001000000010101000100011
00000001100111001000010100110011
10100000001000111001101111010011
00001001110110100000001001010011
00011111001000000010010000100111
00000000101101010000111101010011
00000001111101101001010000110011
10100001010101010001001001010011
11100000000011011000101111010011
00100110100000000010011110000011
01011101110000000010111000000011
11011110100000000010010110000111
11110101001100000010101000100111
10100001111100100001101011010011
00000000001000001001010100110011
00001000010100001000110011010011
10001100000100000010100000100111
00000000000100001101010000110011
00000000101111110000111010110011
01011100100000000010011100000011
00010101111000000010011000100011
10100000111011110001000101010011
00000000011111100001111000110011
00110011011000000010010000100111
01000001100111011000011110110011
01000001101010010000001100110011
10000101100000000010111110000111
00000000110000000010011110110011
00000000100011111000110001010011
00100101101000000010111000100111
00000001111101001001101110110011
01101101000000000010001100000011
00000010001000000010011000100111
00000000111101111000101001010011
11001110100000000000010110010011
11100000000001000000011111010011
11000011000000000010101000100011
00000001010010010010111110110011
00000000111010110001111000110011
10100000010000000010000000100011
01000000010010100000001100110011
01000100100100000010111000100111
10100001111110011001001011010011
00000001100111011010010010110011
11100000000011101000100001010011
10111001100000000010110000100011
00000001010111010010010100110011
11110000000000000010110000100111
00010001100000000010101010000111
00000001101101000010101100110011
11011101010000000010001000000011
10100000101011101001100111010011
10100000111101000001001111010011
11100000000010101000011001010011
00001000010000001000100111010011
00000001001001000000010000110011
11100000000001001000111111010011
11111101100000000010111000100011
01000001001011111000101010110011
10100110001000000010000000100011
01000000111011010000110100110011
01111111000000000010100000000111
00001001100001101000110101010011
00001000111001001000010111010011
10110001010000000000101000010011
00000000110011110000101000110011
11100000000000011000110011010011
00000001101110001000001000110011
00001001110111101000011011010011
11110110110000000000010100010011
00000001100000000000100100110011
10100001111110011001001111010011
00000000001011101001111110110011
01000001110000010000001000110011
00000001101010000010011100110011
00000001100101110101001110110011
00000000111110111101010110110011
00001000000110001000011111010011
10100000110110011001001001010011
00000000101100111101001010110011
00011100110000000010100110000111
01011110000000000000011000010011
11100000000010100000111011010011
01000001100101101000111110110011
01001000000000000010101100000011
00000001000000100000110000110011
00000001100011100001100100110011
00000001100101011001100010110011
10011011100000000010001100000011
00001000011010010000100011010011
01000000101100110000101110110011
00001001000111111000001001010011
00000001000111010000110010110011
01100010010100000010010000100011
00000000100110101101111110110011
10010101010000000010000010000111
00000001001100001000110101010011
00000010000000000010011110000111
00000001000001010001111000110011
01101101011000000010010000100111
10011110000000000010010000100011
10100000110011001001111001010011
01000000011101011000110100110011
00000000110100011001100010110011
00110101100000000010011000100011
10100000010110111001001001010011
00000000100000000001101000110011
01110100010000000010001000000111
00001000011110110000100001010011
10111011000000000010111100000111
00000000001010010000111100110011
11100000000001100000000011010011
00000001000001001010000110110011
00000000010110100000101001010011
00000001111101101010101100110011
10100011100000000000010110010011
01110100101100000010011000100111
00001001111100010000010111010011
01001100010000000010101010000011
11100000000010100000001101010011
10100000110001000001101011010011
00000000111110010000011010110011
00000000001111000000101000110011
11100000000001011000100111010011
00001000111101100000000111010011
00010000000000000010001010000111
00000001001100011101000110110011
00000000101011001001100010110011
00000000110000001001110100110011
01000001100010011000010110110011
10100110100100000010111000100111
01000001101110001000110010110011
11100000000000000000110001010011
00000001001010111000011000110011
10010111111100000010111000100011
00000000101100010000001010110011
11101100000000000010111000000111
01000001111011111000011010110011
01100010000000000000101110010011
01111010100000000010101000000111
10100001101010111001110001010011
00000001011010011001101110110011
11100000000011100000010101010011
01000000110010101000000100110011
11111100011000000010011000100111
00000000110011101000010001010011
00000001010010100000000110110011
01010110101100000010111000100011
00000000011111110101001010110011
00000000000011010101011110110011
00000010101000000010010000100111
00000001111101111000010101010011
10100001000111000001001111010011
01110000001100000010011000100011
00000001110100101101100010110011
00000000000010011101011010110011
00000001010011101000001000110011
00000000101010100010010110110011
01100000100000000010110010000111
00010010001000000010000000100111
00000000010001010000011010110011
10101001100000000000110000010011
00011100010000000010010100000011
11011001001000000010011000100011
01000001000001001000100100110011
00001001000111010000110001010011
00000001100101001000101111010011
00001001100011011000001011010011
10010111100000000010101000000111
10100000110000001001011101010011
01001000000100000010101000100011
00000001100011010000001011010011
00111111010000000010001010000011
00011010110000000010111100000011
00000000000100001001101000110011
00000000110100001000111001010011
10100000101100101001000101010011
11010001110000000010011100000011
11010000100000000010101100000011
11100000000011111000100001010011
11100010000000000010010010000011
00000001111111111010111110110011
11100000000000000000111101010011
11100000000001110000100001010011
00001000010101111000000111010011
01100000110000000010000010000111
00000001100000111001001100110011
00000000110111010000111110110011
00110111011000000010011000100011
00000001111111110101110010110011
01111010000000000010001110000111
00110111010000000010001100000011
00000000100011000101010110110011
00000000100011111101011100110011
00000001011010001000110000110011
00000001000110101001011100110011
10110000111000000010000000100011
10111010011100000010000000100111
11100000000011101000111111010011
10101101001000000010011000100111
00000000000011110000010100110011
00000001100101111000111101010011
00000001011100011010110010110011
00000100000000000010001110000011
00001001101111010000001101010011
11100000000011001000100011010011
01111010110000000010011000000111
00000000011100111001000100110011
11100000000001000000110111010011
10100000011011000001100111010011
00000010110000000010000000100111
00000000010111011101101100110011
11000001110000000010010110000111
10001011100000000010100010000111
01111001000000000000011010010011
00001000001101101000110001010011
00000000110111001010100100110011
00001001001110100000011101010011
10111000110000000010010010000011
00000000010011000001011110110011
11011000000000000010000110000111
11100000000000111000110111010011
00000000010101000001000110110011
10100001000111010001000101010011
00110110110000000010011110000111
00001000000001011000001101010011
00000000100111000000011001010011
11101011100000000010010000100011
00000000011111100010010100110011
00001000000011101000101101010011
11100000000001110000110111010011
10100001100111101001011111010011
00001000001111001000101001010011
00000000000000110000011000110011
00000000100100011010101100110011
11001100100000000010111010000011
00000000101111011101011010110011
00000001111000000101010000110011
00000000011100101010010100110011
00000001101110010000110011010011
01000000011001100000101110110011
00000001000100010000110100110011
01111110100000000010000010000111
11011010100000000010000110000111
01000000101101111000001110110011
11111111000000000000010010010011
00000001011000111010000110110011
00000111110100000010000000100111
00000000011001100000101000110011
00001001011000000000001111010011
00001001011101110000110101010011
11100000000010001000001001010011
00000000000010011101000100110011
00000000111101001101010010110011
00000001101110001001110010110011
10100000110011111001101011010011
11100000000001110000000011010011
00000000101010000001111110110011
00000001010011101010110000110011
00000000100011101101011100110011
00000100111000000010111000100011
11010101110000000010110110000011
01011110100000000010010010000011
01000110000000000010001000000111
00000001111110111101101000110011
00000001101111101101000010110011
00000000001100101101011100110011
01000100010000000000000100010011
10100000101000011001010001010011
00001001011000110000100101010011
01100101100000000010001000100011
00000001101010011101111010110011
01100011010000000010001000100011
10100001000001111001010001010011
00000001110011101000011010110011
10100000100000000001011101010011
00000000101101111000011111010011
01000000011011011000110010110011
11000111101000000010010000100111
01000000000001010000101110110011
11110011100000000010001010000011
10100111001100000010010000100011
11100111010000000010001110000011
11010000010100000010001000100011
10100000010100001001101001010011
01111001111100000010110000100111
01111000100000000010101100000111
00000000110101101101010110110011
00000000111110110010101000110011
00000000110100101000111000110011
11110000100000000010110110000111
11001010110000000010100000000111
00111111010000000010111100000011
00000001010010111001000100110011
01010100111100000010001000100011
00000001111000001001001110110011
00000000000101000101100110110011
00000001000111111101110000110011
01011101000000000010011010000011
11100000000010011000000101010011
00000001111110110000101011010011
10100001101111010001101001010011
11101010101100000010010000100011
00000001100001001001110110110011
10100001000111000001111001010011
00000001011100100101001110110011
10100001001010110001101011010011
00000000100111100101111000110011
01011110011000000010111000100111
10101110000000000010110100000111
10100001011010000001001101010011
11111101010000000000001100010011
01100000100100000010101000100011
10001000001000000010110000100011
00001000011011001000000111010011
00001000010111001000011111010011
10100001000000100001011101010011
00000001000110100101101110110011
00000000001000011010100110110011
00001001000010100000001001010011
11100000000011101000100001010011
11010011010000000000010000010011
00001011100000000010101110000011
00001000110101110000011001010011
00000000110000111010100100110011
00000000010001100000100011010011
00001001101101010000001111010011
10100000011000100001010001010011
10011100000000000010011110000111
01000000001011010000001110110011
00000001100110000010111010110011
11100000000011100000000101010011
00001111010000000010001000000011
00000101100000000010000110000111
11011000010000000000111110010011
11000001011100000010001000100111
11101010011100000010110000100011
00000000101111100101100100110011
00000000011101110000100010110011
01000001100001010000001000110011
00000001110000101101100100110011
01101011000000000010100000100011
10100001000000101001110001010011
01000001011011000000101000110011
10100001010011111001110011010011
11100000000000000000110111010011
00000000001001010001011000110011
11100000000011111000111001010011
11100000000001000000101001010011
10010001000000000010110100000111
00000000011110011010010000110011
00000001111001011000011111010011
00001001111100000000011011010011
01000000001011110000010100110011
11100000000010101000001101010011
11100000000010001000110101010011
00000000111110110001100010110011
11010001000000000010100000100111
00000001011110100001010110110011
01000000110100011000011110110011
00000000001110011010000100110011
00100111110000000010101100000011
10100000001011011001000101010011
11100000000010111000101101010011
10100001110001010001111101010011
00000110000100000010110000100011
00000001001111010000011011010011
00001001111110110000000011010011
00000001010001111001000010110011
11001100010100000010101000100111
00111010110100000010010000100011
00000000110000111010010110110011
00000000100001010101000100110011
01101111000000000000010110010011
00000001110010111101010010110011
00000000001010000000011101010011
00000001000110011000011110110011
00000001110011100101000100110011
10110011010000000000101000010011
01010011010000000010101000100011
00000000100111000010111000110011
00000000011110001001110110110011
10010111110000000000000100010011
10000110110000000000010010010011
10000011110000000010101100000011
00000001011001010101111110110011
00000000011100100000000100110011
00100011010100000010100000100011
00000000010001000101000100110011
11100000000011101000111111010011
11001011000000000010001000100111
11100001010000000010011010000111
00001000010000000000100100010011
01111111010000000010000010000111
00000001110000010010110000110011
00001010111100000010000000100011
00111001100000000010100000000011
10100000101111101001010111010011
11100000000001110000110111010011
01000001010000000010010110000011
00000000101000111000010001010011
00000001000110011000101011010011
11111010010000000010011110000111
00001001010111110000001101010011
11100000000001000000001101010011
11001010101000000010000000100111
00011111110100000010011000100011
01011100100100000010111000100111
10100011010000000000101110010011
10100000101001101001001111010011
00000010110000000000101100010011
01000001100111100000001100110011
11110001100000000000011010010011
10100001111101100001101101010011
10100001110100101001111111010011
00000000110100101010010110110011
11100000000011010000111111010011
10000100100000000000100010010011
00000000000101111000001001010011
00000000001000000010101110110011
00000001001101100000000100110011
10010011000000000010111110000011
01000000010001100000100100110011
00000110100000000010110000000011
00000001000010000101011000110011
10100001011011001001010111010011
01011111100000000000110010010011
00000001010011001001000110110011
11001000100000000010001000000011
10100001110101011001010101010011
10100000011110111001100101010011
11001010101000000010110000100011
00000001010100110001010010110011
11100000000011000000011111010011
01011000101000000010010000100011
00000001101010011010001100110011
11100000000000000000110001010011
00000001001011110000101101010011
00000001101011000000101110110011
11010111000000000010010000000011
10100001000000010001010111010011
00000000101001100000100011010011
00000000100001110000001001010011
00000000110101010010000010110011
00000001100011010010111110110011
11100110110000000010001110000111
00000001001101001001110100110011
00000001111111101101100100110011
00000001101101011000101111010011
11100000000010001000001011010011
00000001100100001001010000110011
00000000000011100001111110110011
01000001100010101000111010110011
00001001001000111000000101010011
00100000011000000010011000100111
11100000000010010000011101010011
00000000101011101000110001010011
00000000010010001000000111010011
00000000111001110000000101010011
00000001001001111000000011010011
11100000000001101000010001010011
10011110010000000000100000010011
00000000111011001101110000110011
00011110110000000010011110000011
10100001100111000001110111010011
10100001010110101001111111010011
00110101000000000010111000100011
00001001011101110000011111010011
00000001000101101010010110110011
00001001110010110000001011010011
00000001011000101010101000110011
00000000000111101010110000110011
00000000101010011001110100110011
00011011010000000010111110000111
01001110110000000010111010000011
00001001000011011000110101010011
00000000110010111010011000110011
00000000011100011010001110110011
00011011010100000010111000100011
00000001010011010001110110110011
00000001001011111000100010110011
01000001001001001000001000110011
01100110000000000010001010000011
10110100110100000010101000100111
11100000000011000000001011010011
00001001101110001000111101010011
10110010010000000010100010000011
00000001110000110000011011010011
00000000010000001101001010110011
01000001010001001000101110110011
11100000000010110000110111010011
01000000000111111000001000110011
00011010100000000010001110000111
11110101110000000000001010010011
11100000000010100000101101010011
00000001100011111000101100110011
11100000000000100000010101010011
00001001010110110000100101010011
11100011100000000000100110010011
11010100110000000010111010000011
00000000100001100010001110110011
10101111000000000010100100000011
00000000001000100000000101010011
00000010100000000010101100000011
00000000011001110000011111010011
01101011100000000000010100010011
10011111000000000010000110000011
01111000110100000010010000100011
10000010010000000000000010010011
01000000010001001000010010110011
00000000011000000001100110110011
00000000101110010101001110110011
01011010000000000010010100000111
10000100010000000000010000010011
00000000101100011000100000110011
10100001101101100001100001010011
00110101110000000010101100000111
11001100111000000010110000100111
00000001101111101101110110110011
10100000100101001001100111010011
00010111100000000010001110000011
11100000000010000000011001010011
00000000100111000000100110110011
00111001000000000010011000100011
00000000101101101000011101010011
00000001100000011001011000110011
00000001100001010000101011010011
00000001000100111101110000110011
00011011001100000010011000100011
10010110100000000010111110000111
10011100110000000000011010010011
00001011010000000010110110000011
00000000000110111010000010110011
00000000010111100101100000110011
01011000010000000010001110000011
11101101100000000010010000100111
10100000101000001001010001010011
00000001010111101010110110110011
00001000100011111000111001010011
11100000000000010000001011010011
01100111100000000000100100010011
11100000000001110000100011010011
11100000000011001000111001010011
00000011000000000000000010010011
00000001011011110101011000110011
10100001110101001001100111010011
00000001111001110101110110110011
11111101000000000000100100010011
11100000000001110000010101010011
10100000011111110001101001010011
00000000101100000010100100110011
01000000110100000000000010110011
00001000101010100000011101010011
10001001100000000010100000000011
11101111100000000000001010010011
00000000100111000101011010110011
00100000000100000010111000100011
11110011000000000010001010000011
10100000010011011001110011010011
01000001110111010000000110110011
00000001111001110000111000110011
01000000000111011000110100110011
10100000111110011001010101010011
00001001001010111000111111010011
00000001010111110000100100110011
11001001100000000010111010000111
01101101011000000010100000100111
01110001000000000010101000100011
11100000000000001000110001010011
00000001101001010000110110110011
00000001010110111000000010110011
10100001000001110001011111010011
00000000000111101000111010110011
11100000000011100000100001010011
00001010010000000010101110000011
00000001011110101001110010110011
00000001101000011000100111010011
00000000000100000000011001010011
10100000110101001001011111010011
00000001001001111010110010110011
00001001111001001000010111010011
10110101010000000010111000100011
00000000000101111010111110110011
00101110010000000010000110000111
01000001011011110000111010110011
00000001000111001001000010110011
00000001110000001010110000110011
01000000111110000000010010110011
11100000000011101000010101010011
01000000111000011000111010110011
10011111000000000010010000100111
00000001111011000001100100110011
00010100100100000010010000100111
00000000000110000010111010110011
00001000000100110000001101010011
00000001110001001000000101010011
01001111010000000000010000010011
01000001000000000010011010000011
00000001000000010000101000110011
11000111010000000000011110010011
11100000000011000000001101010011
00000000000111001010111110110011
01000111010000000010110000100011
00000000001100000000010001010011
00000001110011110001101000110011
10100000011110100001101001010011
01000001100001101000001010110011
10100000111010100001111001010011
00000000110001011101100110110011
11100000000001101000010011010011
00000001110011111010111100110011
11100000000011010000111101010011
01000001101011011000001010110011
11011111001000000010111000100011
00000001011010000010110000110011
00000000110101110001001000110011
00001000101110111000000111010011
10100010100000000010111010000111
01000001001100001000111000110011
00110001000000000010011110000011
00000001001011010101000100110011
00000000001100011010110010110011
00000001110110010101001010110011
00000000100111001000010110110011
00000001000101001010110000110011
00000000000110000000000101010011
00000000001000110010100010110011
00000000001111110010110110110011
00000000101100010101010110110011
00000001000100011010101010110011
00001001011110001000100111010011
00010111100100000010110000100011
01010001100000000010100100000011
00000000011000011000100000110011
01000000100000000010110110000011
00000000000011011000000111010011
00111011000000000000010110010011
00000001010100000001010110110011
00000000111011101010001010110011
10100001110111110001000101010011
00000001100000111000110010110011
00001111010000000010101010000111
00000001101000010010111000110011
00000001011001000000101101010011
10100000100000000001000111010011
00001001110000000010110100000111
10010110100000000000110010010011
00000001110101011101010010110011
00000000100100001010111010110011
00000001001101000010111000110011
00000001101110110000111110110011
00110100000100000010001000100011
11100000000010111000111011010011
10100000010000001001001001010011
00000000001010011001100110110011
00000000101010001101001010110011
00000000010100110010000010110011
00000001100110110000000010110011
00001000101100111000111111010011
00000001101001000010110100110011
01000001010110000000100110110011
01111101100000000000101100010011
00010110110100000010111000100111
10100001101000110001001101010011
00101111100000000010101000000011
01101101010100000010111000100111
00000000110000101000101101010011
00001000010000010000110101010011
00000001101101001000010101010011
00000001000111011000111011010011
10100000100111001001010001010011
11100000000011010000110111010011
00000001011000000101100000110011
00000000010001011000111110110011
01000000110110001000101110110011
00000000100100111010001100110011
00000001100001000010010110110011
00000001111011001101100110110011
00000000101100101000110010110011
00000000001011001000111010110011
01001100110000000000111100010011
00000001010001101000000101010011
01111010111100000010001000100011
00001001100000010000101111010011
00100101010100000010100000100111
01011001100000000010001010000011
00000000010010001000111101010011
01000001101110111000110000110011
11111111110000000000011110010011
01011111110000000000011000010011
00000001011011010000001100110011
00000001010001110101001100110011
00000001100011100010100010110011
00000001000001011001111110110011
01001000110000000010011000100011
01000001111101011000001110110011
00000000110001110000010001010011
10010011010000000010111000000011
00000110111000000010101000100111
01000001110111001000001110110011
00000001011100011001011110110011
00000000000110000101001110110011
01000011010100000010010000100111
00000001111100110000010110110011
00001000110101111000011101010011
01101101010100000010000000100111
11100000000001011000100111010011
00000000111100100010001010110011
00110111000000000010111010000011
00000000110011000001001010110011
10100001111100000001110001010011
00000000111110110010011010110011
10010110000000000010010000000111
01111010110000000010000010000011
01000001101001110000110000110011
01000000111010000000101010110011
01000000110001011000110100110011
00000000010110110000001001010011
00011111100000000000100110010011
01000001000010000000010100110011
00000001101000110000111001010011
00001000000011101000001011010011
10010101000000000000011000010011
01000000000101101000001010110011
00000000001011011101100100110011
11100101000000000010001010000011
01000001111010110000110110110011
11100000000000111000011011010011
01010111110000000010100010000011
01000001011001111000110100110011
00000000010010100000100101010011
00000000010001110101101010110011
01010000100000000010000110000011
10010111001100000010101000100011
00000000101110011010011100110011
00000001000101011000111010110011
00000001011011111001010100110011
00110111011100000010010000100011
00000001101000010001110110110011
10000111000000000010111010000111
00000001010101100101010100110011
00000000010001000101110110110011
00000000111101000101000110110011
00001000000101000000101111010011
00000000110010011001110100110011
00000000001111110010010000110011
00001001100100001000000101010011
01100011010000000010110000000111
00000000111100110000111101010011
00000001010001111000110001010011
01000000010000001000001110110011
00000001110110010000000010110011
00111110110000000000101000010011
11100000000001010000001001010011
00001001000010000000011101010011
00000001110111001010111110110011
10101000110000000000100110010011
01111011100000000010110000000111
00000001001111000000110000110011
11100001000000000010000000100111
00001001101000111000100101010011
00010011111000000010010000100111
00000000110111110000111001010011
11111111000000000010101110000111
00010000010000000010110110000011
00000001110010100010111100110011
00000001011111100101110000110011
00110000110000000010100100000111
11100000000000001000100111010011
00000001010000000000011000010011
00000000000111010000011010110011
00000001101100100000110100110011
00111110000000000010101110000111
00000001010000100010101100110011
11010110000000000010111110000011
00000000101010100001111110110011
11111000110000000000110000010011
00000001010100001010010110110011
00000001111011111000110010110011
10100001110000010001000111010011
01000000110101010000111100110011
11011111000000000010111000100011
00000001001110110000000111010011
00001000101011001000011111010011
10000101000000000010010010000111
11000101010000000010100110000011
10100000011100010001100011010011
00000000100101001101110010110011
00000000000100100001010100110011
00000000111111000001010000110011
00000001011111001000010001010011
00000001000011110001001100110011
00000001110001001010111000110011
00111001000000000010100000000111
01010100001000000010101000100111
00000000111101001010000100110011
00000001010100100000110010110011
11010101100000000000100010010011
01000000110001010000010000110011
00001001000100011000111011010011
11100000000011110000001101010011
11100000000001100000010001010011
10100011010000000010000100000011
00000001001011111000111001010011
00011110110000000000101110010011
00000001000010101010000100110011
00000001100000010000011010110011
11111010010000000010111000000111
11111000101100000010000000100011
10001110100000000010111110000011
01000001000100100000000100110011
10010111110000000010110110000011
01011001110000000010100100000111
00110011001100000010011000100011
01000001100001101000001100110011
01000001001001011000110000110011
11000000110000000010000110000111
00100111010000000010001100000111
11100000000000010000111101010011
11100000010000000010101000000111
10100100000000000010111000100011
10011111000000000010000000100011
11011110101100000010001000100011
00000001001110100010010110110011
00000000101010000001001000110011
01110000100100000010000000100011
00100010000000000010000000100011
00000001010101100000100101010011
00000000001011111001101100110011
11000010110000000010101000000011
00000000111100111000010100110011
00000001110000000010000110000011
00000000001000001101111110110011
00000001110011010000000100110011
11100000000001101000011101010011
00000000111111100000111100110011
00100010110000000000111000010011
00000001110110000000001111010011
00001001011010000000101001010011
01110101111000000010011000100111
00000001011001000000010101010011
00000000011110010000100010110011
10100001101100000001000011010011
10110011011000000010011000100111
00000001101010000001100000110011
00000000011111110010011000110011
01011010110000000000010100010011
01000110111100000010110000100011
00001001011001010000100101010011
10110100100000000010010010000111
00000000011000100001110010110011
00000000101011011010100010110011
10100001110010010001100011010011
00001001001000101000011011010011
10111011110000000010110000000011
01000001000101110000010100110011
00000001110000100000001110110011
01100100011100000010110000100011
10100001001001100001001111010011
00000000000011001000001110110011
00100111000100000010111000100011
01000000110010110000101110110011
01100011100000000010001100000011
00000000111011000001011100110011
00000001010111000010100010110011
01100001001100000010110000100111
00010100110000000000111010010011
00000000110001100101110000110011
00001010101100000010110000100011
10010000100000000010101110000111
10100001101100001001000111010011
10100001101010010001000101010011
00000000000110011010000010110011
00000000101110111000100101010011
10100000010100100001000101010011
01000001011010011000101110110011
00000000011111110000011010110011
00000000110010001001010000110011
10100001111111110001010001010011
01101001010000000010101000100111
10110101000000000000100010010011
01000100100000000000001000010011
01010100101000000010101000100111
00001001001000010000100111010011
01000000101000010000010110110011
00001001111111100000000011010011
00000001101110111001001110110011
01101001101000000010000000100011
10100001011000000001110011010011
00000001111101101000001100110011
11000011010000000000000010010011
10000010110000000000101000010011
00000001111110000001011110110011
01000001001001011000100000110011
01000001010010101000000010110011
00111000101000000010010000100111
00000000100100001010101100110011
00000000010110111001110100110011
11001010100000000000100100010011
10111010110000000010111110000011
00000001001110111000001000110011
11100000000011010000010101010011
00000001110100111000111100110011
00000001111000100101111010110011
00100011101100000010110000100011
00101000110000000010001110000011
10101100010000000000010110010011
00000000000110011000010010110011
00001101000000000000010000010011
00000001110111101101000100110011
10111101001100000010001000100111
00000001111111011010111100110011
00000000111100110000000110110011
10100001101000000010000000100011
00011111101000000010010000100011
00000001110001110000101000110011
00000000000000000000000001110011
00000000000010100011000101011110
11110001010100000000111000000100
00000000011110111001110100000101
00001110010101000011111100011000
00000000001011100111111110101000
11011110111100101111000110010111
00000000010100110011011001111100
00010100010001101101001111111100
00000000010100101000010101010101
01101101011010111011010100111110
00000000000100000110101110111010
10010001000100000101111111000000
00000000011010000101111101101000
01011100010010100111101010111101
00000000001101011111000001011011
10010101100111001101100100101111
00000000001100100110111010000100
10000000000000101101011101001000
00000000001111001011100101001100
00110001111100111010110011001111
00000000001110011010101010100000
11011100101110100111100110111001
00000000000010111111111110110001
10101110111111000010100111101110
00000000001100111111001110110111
11111111001000101001111111010100
00000000000010110100001000011011
01110010000111110010110100100001
00000000001001001100110000111011
01010110111001010110001010101111
00000000000100000110000000011101
01101001111000001101000111001011
00000000010110110101101010011111
00010011001000010000100011001100
00000000000110111001000110100110
10100001011000111001101001011110
00000000000000001111110001110010
00000110001111010110000011000100
00000000001010101101000011011011
01001000001111010110111001000011
00000000001110010001000111000000
00010011011001110001101011010110
00000000010000000000010111101100
10001000001110000111110000001110
00000000001001011110011110001000
01000011001000111111010100000100
00000000010110100101010100001010
01110010010000011001011011110101
00000000000001011001011010000111
10111011100101000000100100101101
00000000001010010111001101111010
01101010110111011010101001111101
00000000010011111000101010001111
00111110000111101101010010000100
00000000000001100111110001010111
10011010010101111010010110100100
00000000000001110000100000000011
10010110000111011101010011101001
00000000001000010101110100111101
01100111011110011011101100000000
00000000001010001101101100000110
10100011000010010100001101110000
00000000010011111000010110100110
00111010001001001101101011100011
00000000010010111010011111000011
11110011000101000011111000010101
00000000000111010111110101000000
00001001101110100010100010010111
00000000000111010000111111001100
11000000101011101110000111000101
00000000000111001010110011000110
01110110101000010000111100111100
00000000000000000100000100011001
10010111101001011010110111001100
00000000001101111111110100011100
10111101111111100101111010100011
00000000011110011000001001111000
00010001011010101000001111110011
00000000011001010101101100010010
01001001010111000001111111011011
00000000010010001000111111101010
11110111111100000101010110111110
00000000000001100101011011001010
10000111111001010101100100010011
00000000010000100110000101101100
11001101001111010011101111110011
00000000011001101011101010001101
01111010110101111010011011000101
00000000010110000101111000101101
01110010011111111100010011001100
00000000010111111010001110100101
11010101000001001010011100110010
00000000001000010100100100000011
00100001100100010010110100001010
00000000001001110000011000000111
00111100110001010011011100000101
00000000001010110001000111010011
00001010011010101100010111110010
00000000011011010101011001100111
01101110100110110010111010000001
00000000001001000010000010011001
01101101100101100101101111011100
00000000011100100110110100100001
00011100000010010111010101011010
00000000010111011111001010001110
11001011010001010010101001101111
00000000011000011111111111011111
00001011000011000010111101001111
00000000011001111101011010111110
10010000111101011011101101110001
00000000001101101000001110101010
00001100010001010110000100110011
00000000010110011011010011000111
11010111000110011001001101110100
00000000000000011001010101111101
01100110111110001010111000001110
00000000010101000010000011111110
00000100000111111110111111001100
00000000010011110001100010101110
00000110111110001101001101110010
00000000000111101110011000011010
10000011000010001010001001111010
00000000010111011010000011111010
00101100000011001001000101011110
00000000000101110111011000000011
01101110101001001110100011111001
00000000011100010000110100001010
10110000111101011111111111110011
00000000011101000110111110111101
10011010101000110101100111011101
00000000000101111001110111100100
11110101100001000101011110100101
00000000000100010110111101001010
11110101110011011111111010000011
00000000001000011110011011110001
01100011011000100101110111101011
00000000011010101011000100110010
01011100101000110000101100011111
00000000010011001110101110110010
11000110011110111011001001100101
00000000011100011111110010110110
00101011001010010101111010011010
00000000001001010000101110110101
11010011001100010111110011010111
00000000000011110000100010000001
01101001110100101000011000001001
00000000000011101101011000011110
11001000000000001001100101110101
00000000010110001000001010111010
10111010110110100010000111110100
00000000000110011100001011000011
10001110010100100000001010111011
00000000011110000111101000110100
10111111011100000011110000010101
00000000000011001110100101010011
10000111110110011000110000000110
00000000010101011101111110100011
01011011101100010010010001110000
00000000001001010101111001001000
00010011001110010011110001111010
00000000001110001101001001111011
10101000111111110100101110100001
00000000011110100010000011100111
00111000110110110110000011001000
00000000011100100010110000010011
10100010010100100101000110100001
00000000011000100101001000000110
00101000000110001101101110100100
00000000001000011110010111011000
11110111110101100110001101101111
00000000001010111101010100101010
00110001100100110100010111100001
00000000000001100011101101010000
00010100000110100000101100000110
00000000010000111101011111101110
01101010110110100001011010010000
00000000001110100111111110000111
01110000011111101101111000110100
00000000011101111111000000110111
10101000100101000101010001110010
00000000010000011000001011011111
11010011110001100110111010010100
00000000000001000111100110011110
10100101010100000000001011100110
00000000001100010111110011000010
10010100010010001100010001011010
00000000000000110010100100111110
11101010110000110111110000001101
00000000000000010000001000100101
01100010000000101101000001000101
00000000001101000100110111000100
10101010111110111100000101000011
00000000010011111100000101011011
11011011010111000100011101110000
00000000000100100000000010001001
00011111000111011111110010111111
00000000000101001000011111011101
00101100000100010110100110000001
00000000001001000100100110001101
00001100011001101011110000001010
00000000010110011001100001010001
01011000100111001011101011111001
00000000000010011000100010001001
10101011001101100000101100101001
00000000010100001011010001001001
11011000110111110000101101011001
00000000000010100101000101010101
00010001110010000001100110001010
00000000011110000100111010111011
00011101101011000100100101011011
00000000011000101110100011100110
11000111101000010010010000110011
00000000000101101101101000011010
11111110001110101110010000010000
00000000010001110010110011110001
01011000000000000011000010001011
00000000000111011010011111101011
11111111000101000101100010001100
00000000000001010100110000101110
11011111111111100001100011111110
00000000011001010000101000101000
01001001110110001100110000111110
00000000000111111110010110011011
01100011111111101001101001001011
00000000001111001110111001101010
10001011010000101000010111011011
00000000010100110110101101000000
01110101110000000101100110010101
00000000001111010010010001000011
10000000101001101111011011111111
00000000011100111100110011101010
11100100100100110010110001101100
00000000000101111011101010000110
10111100110111101011110110110100
00000000000100001101001100000101
01011011011001010011100111011110
00000000010100110000010001001100
10101001110111001001010110011011
00000000011111101101111111110100
10001100011000010110100011000101
00000000001101000000101100110011
11101001001011110110101010100111
00000000011001010010111100001101
11110011111101110111001000101101
00000000000111011001001110100101
11000010001011001101010010011011
00000000011001010010101000011110
00101001000011001011100010001000
00000000010110001100001101101101
00000000001001001101001001111000
00000000001111011100010011100101
11011001010011111001100111010011
00000000000111000000110000010000
10000110101011110010100000010101
00000000011010100000011000000010
10110011010000111100010100001000
00000000000110010001001100011001
10111001111101010110001001001110
00000000010010110010111001110001
01000000000110110110100000010010
00000000001011000010010110111001
00000100001001010000001000000000
00000000001000101101100101000001
01000001101111111100110010001010
00000000001111111110001000100110
00000101011101101100001001010110
00000000000010000000001100101110
01111110001000111111111111000011
00000000000111001110111011011111
11101110110001111111010000100101
00000000001110111100111011001000
10011111100001000111110010101011
00000000010011001111011010100110
01101011101001100000001001111110
00000000001010010000000000100000
01110001110011011111011101101010
00000000010110000010010001001100
10001100100101100010011101100101
00000000000111110101111010000001
11110111010011110000101001001101
00000000011101100010010100000010
11101000011111101000000101001100
00000000010000001110000100110110
01100010000111110001110000111001
00000000011101000000001100111010
11100010010010010001000010001100
00000000010001111110111010111011
10000010011001011111000110100101
00000000011001010010010000100000
10000101111100101011101101000001
00000000011011001101011011001111
11101110001000000011100001010111
00000000011000101001011000010010
00001101001011001101001110100101
00000000011101001100000000010111
10100011011100101010100001010011
00000000010001000111010110011011
01110001100111011110100000001011
00000000010010101111000101101001
01000000000101100111111100100101
00000000011100001111100001001101
11001000110100100001011111010010
00000000000001001000100010111010
00011110011111101110011110111000
00000000001000110000011011011001
11100110011110101100100011000100
00000000000110101001100100100011
00100010100010111000000000011010
00000000010000111000110100101111
11001001101000100101101010110010
00000000011100010000001000001010
11111110001100100100110001001110
00000000011111100111101001001110
01100001001101101111011110001110
00000000010011010000000100100000
10001111000010110000011101011111
00000000010101000110100000101011
00100111111011110111000101110011
00000000010010010101110101100001
11111011011011000011001101111000
00000000010111001100110010111011
00111100110011111101001010110010
00000000000110101111000011110101
11101001011101001101000111110011
00000000000001011100100110010010
01111010001101011001011111011010
00000000001101100000001011100000
10111101110101011000101110011000
00000000001000100100111000110110
00100001001000010011010111001000
00000000011110100000100001111100
00011111010111110101110101101000
00000000000011001111111000010001
10100010111100001000110110010101
00000000011010100111110010100001
00010101001010110000100110000110
00000000011101110010101011000011
11010101001110110110100010010010
00000000000100010111000000001110
10100011111001001001001111110101
00000000011101100011111010101000
11101000011001110110000100100001
00000000010110100111110000110001
00111100110111010110001110110111
00000000011001000101100000110001
11000101100001000010000101100110
00000000010100010000101110100100
10110101111101010110011000100100
00000000011110010100000001101100
11001110000001111000101011110000
00000000001010100111111100001001
10100000000110011000100110000010
00000000010101000010111010101011
00111101000011100110111001001100
00000000011010000010001101111000
11011110010011010011101010001001
00000000011001001011010000110011
11110000001011001011001110011000
00000000010000011100011110001101
11101111000111000100010100011010
00000000000010111111101110111011
00000110110011000100011010110111
00000000000011100000001001011111
00111010100110001001100111110000
00000000000100001101110000111000
11110110000010101101111110010010
00000000011101010001110011010101
00011000011111011000110011001001
00000000001100101010010101101110
10001111100101110011110110001000
00000000001011000100111101000111
01111001000111111101011101100111
00000000010001011111010001010011
01100101011100010111101101111110
00000000000100110101110011110110
10111000111011011011101010101110
00000000010111101111001001000111
00100011001101100101000011101101
00000000001011110011001001101011
10111100111001111100100111011010
00000000001001101010001001101101
11100101101000101110000011110011
00000000000010011010001100000111
11011010101101101010100010110011
00000000010000001100000101101111
10000010101001101010110100101101
00000000000010110110011111110101
11011100000110110111011110111100
00000000001010000001011100001111
01100010101000011100111001000011
00000000011110111100000110000010
11001000000100011010000110101011
00000000010101101000010110010010
10011010101011000011101001010011
00000000011111101111001011110110
00101001001011110110100000101100
00000000001111100010111000101001
01000101010010001100010000100001
00000000000010100101000101100000
01010000010101011100100100100101
00000000001001111101001011010100
01111010011110100011000101011101
00000000000000110000100001010110
11011011100110001111101011011100
00000000000011100001010011100110
00101000111111111111011001111000
00000000011111011110010101011100
01001110001110100001110101010100
00000000001000001010110100001100
11000001010100111011110111010100
00000000000110111001001001001110
01100000011111010111100100100000
00000000001000100010001000101111
10110001001101000101111111011010
00000000010011000110000111001110
00010101001001010001101000011100
00000000010011011101100100111011
00000100010011011010001010011111
00000000010010101111000011011101
11111000011010110011001101101010
00000000000111001001010110111001
11110110101010101100011000000111
00000000000011010110111101001000
01001000111000010110010111110110
00000000001000011000000011110000
11110000010000111110001110100111
00000000000010110110100101101010
10010010111111101110111001101000
00000000010100011011110001110000
10010100100001011010011111010110
00000000000111111011111000011010
00111010100000000111001011101101
00000000001011111010011001010110
01011111001010001100010101001000
00000000011011011100101111100000
01010100010001100100100000101110
00000000010100001000100110001110
01110110001101001010011010101111
00000000001011000010111001111011
01110011001000101010111011011110
00000000011010010011110111101001
11101000011100011110000001101010
00000000010110010100010011110101
11100000100111001011100010101010
00000000000100110010001010110110
01111000111101001111011101111100
00000000001110100110100100000010
01000011110100001110011100111011
00000000000110101100111001010111
11101001001100100000111100010010
00000000010111101100011111100101
01010110011000001010000000001000
00000000001110011110111111100001
10110001101110111110111100111000
00000000000110110100011111001111
00000110101100101011111110111100
00000000000010001110101110010001
11111101010100001011001000110111
00000000011101110101111100111010
11110100011000000010010101111011
00000000001100111101001100000100
10101101001000010111000101100101
00000000010000011101110110100100
11110000100111100000000011010000
00000000000100100111010111011111
11001000100011011100010010100000
00000000001001000010111101110101
10110101111001001010100010010010
00000000001001001010000010000110
01110100101001111111010101111110
00000000010100111001000010001100
01110111011011001101101111010100
00000000001111000100100101000011
11101110110101001110000101100100
00000000010100000100010110010010
00100110011001011101100111000000
00000000011111100100110000010010
10010000101101001010001011100011
00000000011011011011111001110011
01110001101110011000111010001010
00000000001011111000011011101011
00110111000110101010111101010011
00000000000001011011001000110010
10110010000001010111011011010011
00000000010010110010001101001101
10001101110100100111110010110001
00000000010010111110100101010001
10000110010011000100101101001000
00000000010001110010010011100110
10011011100000011111100110010000
00000000000111100110100110001000
10100010100100111100000010101000
00000000000110001111100101111101
11011110010000000000001101111000
00000000001001011110010000001010
11000111000010101111001110100001
00000000000000110001000010011110
10111101100101101011100101110100
00000000011011011001011011110110
10110100001101100001110001011111
00000000000000001011101101000100
01011100101001111101101011000100
00000000011110101010101111010011
00011000000101110011011001101100
00000000001010011111111110000001
11100010001111101011000000011101
00000000000101100100101100110100
10111100111110000001010100110011
00000000010100010011001101000001
01011001011011110001010100010110
00000000000101111011110101101001
11110011000100110110110001111010
00000000010011111101111000100100
00110101010000010100001110000010
00000000010000110100100000011000
11110111110110001011010111001110
00000000001010110011001000111001
11000101100001000101110011101001
00000000000110111000110010001001
01110111011101111010111011111100
00000000000111000010100011110111
00100101101101001001010110011011
00000000001111001001111011010110
11001111000101111011100000011101
00000000011111100111000011110001
11011000010001010101011011010110
00000000001101110011011101110110
10100010010000010000111001101100
00000000011101101000110101101000
01011110101000111100011111111010
00000000001111111101111011111011
10010111000000001100110100101010
00000000011011001001001101000011
11100111110111000110111001111010
00000000010101011111000011100111
01110111011000111110111111011000
00000000000001100011001100011110
11111111011010110011100100101000
00000000000000100000001111101010
11000011001111011000000100001010
00000000000001000001101010001011
11110110101101010000001000100111
00000000010011000011011000111011
10010111101001000110011001011111
00000000011101010001010110100100
11011101111000110101100110100010
00000000011000111011101100010110
11100101111000101111111110111100
00000000000011010011000100010101
01001100001100110100110000010110
00000000011010111010101100000001
10010111001001000111011111110011
00000000010111101011110001110111
11010010010011101001011100010101
00000000001001001111011001010110
01011111110101011100001010001000
00000000011011010001000100011001
01001011101001011011100010011100
00000000001111110011011011001000
00010010100111011111001111101110
00000000001011101100101110000100
10111000100101000010101010010100
00000000000101110011010100011110
10111100110010000010110010000111
00000000010001000010101001010001
11101111100100010011100000100101
00000000010010011001111111000011
10010011011001101000100010010010
00000000000111010011011101100000
10000000111100010111011000110100
00000000000111000000111110100100
10110010101101100011111010011111
00000000010000001101101001011110
10101110011100000000011101111010
00000000010001011000110101010000
01101011111001110101101001001101
00000000011100000011000101000010
00001100011110001100000000111101
00000000001100111110111100001011
10010010000111111000111000001101
00000000001101100100110000010111
10010100000101001010110000111110
00000000000001101101110110001101
10111111000010101100111111001101
00000000011110111010011000010111
01000001111100110111101000010111
00000000011100111011110100110011
01110000000101110001101001101110
00000000010111100100110001000101
01110100010001011001100001000011
00000000000101100101111000010011
10001011011100011001100110101111
00000000000001101100011000011001
10001110011110110010110100110011
00000000010100010011111100111011
10010011101001111011011011010001
00000000000100011000111000000010
10001101100000000100110000101101
00000000010111101111010110100111
10110001110110001100111101001111
00000000010011100000101001011101
10010100001000111111010011010011
00000000011110100101010101001010
00110011110011001101100000100111
00000000001000110010011101100001
10110111010101100010000001011011
00000000000001000000000100010111
00100011100011101001001000000011
00000000001010010001100001010110
10110101001001000010010101011101
00000000001011100111111110010100
01010110110110111110101111001001
00000000010111110100000000101010
00110011100001110010011000001010
00000000000100011000000001010001
10000001010000000010101001101001
00000000001011101001110011000011
11010011000111000010010010101001
00000000011110010001111110110011
10011011010000100010111011111110
00000000000110101001010010100110
10010101101111001011001110100000
00000000000010001011000100111110
00100000111110010001101000000100
00000000010001100111101010000101
01101100011000110100111001001110
00000000011110001000011001110111
00110001010011100001100110101010
00000000001111110111110111001001
11011101100010010110010110000000
00000000000101101110101011001100
00011111011011110101000011010001
00000000010111101111111101011010
01000000001101011110110101101101
00000000000011001011111000111001
10000001001110111010010111101010
00000000010100011010001001111010
10111000010110010000100000100000
00000000011100110010111001001000
11001011001000011100111111011010
00000000010111011000011101001101
00100011111000000000110100101111
00000000010110101001010110110000
01001110001010010100111001001011
00000000001000000101001011100000
11000010010111111010100101001101
00000000000011101000000011011011
10010000011101001000001111000011
00000000010101111110011101000111
00100011010000001100001101001111
00000000011110100001010001101110
10111011101111001100001110101010
00000000010000100000000011101010
10010111010011011110111011010110
00000000000100100000000010110100
01000100111001111100001101001110
00000000011101011100100001011111
01001001110111010011011000100000
00000000001011010010111111101001
00010001001010000101111010011010
00000000001000100111000001010001
10101101100010001101001111011110
00000000000001000000000010101111
10101010010001001001011101100101
00000000011111111000001011110000
00111101010000101100011101000001
00000000011101001101010010001111
01111001000011101011100011001001
00000000011001000010000101110101
10001011011111101100010110011001
00000000001011101001010010101111
11001110110110010011011010001010
00000000010001111000000100011110
00000101011110000101100111101111
00000000001001100010001111010001
10010111101000010101100110001001
00000000001010000001101111100111
10101100011100100101100000111111
00000000011100010010110001111111
01001001110100111100100010100100
00000000010111010110110110110010
01111011001100101110010010001001
00000000011111000101101001010101
11000011111100011110110110111011
00000000011110001000111000110110
10110011100111000100100011010111
00000000000101100111011011101001
11100010001100011101011010100001
00000000010001001010011000110100
11101010000010010100001110101101
00000000011001001011000101010111
01100001110000101010110000100111
00000000000000100000111001010011
00001000001110010011001101000111
00000000001001000100101111100000
10110100001110101001001011111110
00000000001010011011100101111001
00011001010101000100001110101101
00000000000010001010001100101111
11010011010010110001100101101111
00000000001100000111111010111001
01010111000010100110100110011100
00000000011110100001110100000101
00111101011010111001100110000111
00000000011101011001010010001000
00101110101100101001011111101110
00000000001001011011010101001101
01000011110111101111110011011011
00000000010101000011110100001011
10111011011111001010100111111001
00000000001010110000111001000111
01100110010110110010100101111000
00000000011010011010101111010111
01110001011011100101100111000111
00000000001111111101001010000010
01000001010000110101111011000111
00000000001011001101101000001001
00011001111010010000101101101100
00000000010010000011000101010000
11010111011010101011001000111100
00000000001001110000111101011001
01001100110010111111001010010000
00000000000011001000010001110010
01100011101101010001101100010010
00000000001111010100001000110111
10011111111001000011100100101100
00000000011110110001011110010011
00111011101011000001110000101110
00000000010100101000000101010101
01011001110110001101101111001001
00000000000001000010110011000000
01001010010100111010000100101000
00000000000111101100011101011101
00010101010101101100111100011010
00000000010001101010010110111001
00101110011110001011000000000101
00000000001001010001110100101101
01101001011000001011101000111011
00000000010011001010110111100100
11110100011010110111111010000100
00000000001000000000110101100101
11110000100000000111000001011110
00000000000011011011111001011001
00101111111111100110001000010011
00000000001000001111100100110011
01011001110100011001001100111000
00000000010110010111001101100010
00100011101111001101100011100101
00000000000101110001100110101111
01000101111011100000101100010010
00000000000110000101001010000100
00011111110101011100000011010000
00000000001001010011010001000010
00100000000110010111101000100100
00000000001011010011001111110010
11010100000011010100010011011101
00000000001010001100100010111010
00011111100011110111000110110111
00000000001000000111001010110010
00110000000000110000100000111000
00000000011111000010011111101000
00100110100001000000010001111010
00000000010001010010110010000101
10010010011011101011110000111100
00000000011010110010011010101111
11011110110000110111111010100011
00000000001011100000010010001010
10110101001110010100000110100100
00000000001000101101110100111000
10001001100100110000010011101110
00000000010011001000100001101111
10110001111011110101111001010011
00000000001111111010000100100011
11100000011101110001011111110010
00000000000100011001111110000111
11110000010111010101100001110101
00000000010000000101101100110011
01100001111110001111101011000101
00000000000010001111100110010001
00100000000000111100111001001010
00000000010010110011000000111011
01010011111100001011101000111101
00000000001101001110110000100101
01011011100100000010010101001111
00000000001100101110001110110001
01010101110110111100001011000101
00000000011001110000111011000011
00000001011111111110011110111111
00000000010001111100100011110101
00101011111111110110011011000100
00000000010000000010110001010001
00010011100100010101010000001111
00000000001110001000001110000101
00000101011100011001101101110101
00000000011011101000010000111100
00011001110101100101001001101110
00000000011110011110110010111111
10100001011100111000101001000110
00000000001000000101001010000100
00010101011011001101100110110110
00000000001001001111010110011011
01010010010110000110001011110000
00000000011000111000100000001110
01000011100000010111001100111111
00000000010010001101001100111011
00110011011101011100110110011000
00000000001101001101000001010100
01000101111001001010000010011010
00000000010110000100000100000100
01010000111010011101001101001011
00000000001111001011010011100000
00110010000101001001101000110110
00000000011001001100100100011110
01100011010111111010000001111111
00000000010110010110111011110110
00010001110100111110010001000100
00000000011100010000011101011011
00110101011110000000101110110001
00000000000011001000100101111111
11000101111001010010001001000000
00000000000000000101010101101011
00000110011010000111000010111010
00000000010011111010000110001111
00011000000110001100101001011110
00000000010111000000000100011110
00001001111101110110110010101111
00000000000001010101000100100110
00100111000010011110000101000101
00000000000101010011110001010100
01010010110010110000101110110010
00000000010100100100100000000010
00001110010010000101111110111100
00000000010000000010010010110110
10100111100001001001110000010110
00000000010001100010100001001111
10001101000111101100000010110001
00000000000000000010110111001001
10101010011100011001010100110100
00000000001011110100101100110010
01100100101001101100001010011000
00000000001001001001100001100101
01110100111011001001101001010111
00000000011111101011100100110111
01001100000111010010101101101011
00000000000111111011001001100010
01011000000101001101001000100001
00000000010011001101001110000100
01101110101010110110011101101000
00000000001101111100001100010000
01001100100101101111001100101010
00000000001110101010101100000010
01010110001010100100111011001110
00000000001001001011111111110010
10001111011011101000010101111001
00000000010010001111110100110001
10000101101111001111001101011001
00000000001011111101110111101010
10011000010000000110001101011111
00000000011010101011000000010111
11011010110110100010111011001000
00000000000101011010011011001101
01001100000010000110100110001001
00000000010000110101100001111111
11001110001010000011001010100101
00000000000000100011000011100111
10000001100011011001110100110000
00000000010000011000011010100111
11000101100110111101111011000110
00000000001101100101010000100111
10101110101010001010011111011000
00000000011101110110110110000111
11011000000101110111001101011001
00000000011110100100110001110100
10110000100111111001111010100111
00000000010011010011110001000101
00110001001101001110101111011101
00000000010100000100111111011110
11111101110011110110101000101000
00000000010000100010000111010010
11001101101111111000100000100100
00000000001010110100111001001010
11001100110110010000101011110111
00000000010011001000101011100010
01100001101011100100101001010100
00000000000101110000110011011010
01000110110001011110100011110011
00000000010010010110001010101000
01000100010110011111101011010100
00000000001001101100010101000011
00001100011101011010101111110100
00000000010110110110100100010110
01000001001111001110010011001001
00000000011001000111101010110101
00100001011001000000011100001001
00000000011101011100011000010100
00011000000101011011011100111111
00000000011101011011101101010111
11101010010110011111101001001011
00000000010100010000001100111101
01101111111101111111111100000110
00000000001010000001000000000100
00010001110111101011110001100001
00000000011111001000000110100001
00001110011011011001001001001011
00000000011110110000010101010010
11000100011100000010011100000100
00000000000110110110100010001000
11100001001101001110010000001110
00000000011111100011101010010010
00111001101001001000100010000101
00000000010000110100100010101011
10100101000000010001101100011000
00000000001100101101110101111100
10000000001011000100101111001011
00000000010000011011011101010011
00001100111110011001010100101001
00000000011101011110100010111111
10001101000001001101000001000111
00000000001011001011000011010011
10010111000100010010100001000010
00000000011100000101010010110110
11110010000101011100000110001101
00000000010111011111010011111100
11111011010100000110011011001000
00000000001010011000100010011100
11010000110011101110000101100111
00000000011000011011011110010100
00100011010011101100101111011111
00000000000001011100111111001101
01100000110001010001001101010010
00000000001110101110111010000011
10001111011010110101100011010000
00000000000011101111111100111011
00001010000011001011100000111011
00000000010101111100100110001010
10100100111011111111110111000001
00000000011010111110001110101010
00100111111100010011011101110011
00000000001011001101101110110000
00011010000011100001001010010111
00000000011010100011001110010101
01110001100011111110100000000001
00000000000110100000010000110010
11001011100000100100010001001010
00000000000011011110000011011011
01111001011010011001110000000101
00000000011001011101000010001001
11001010111100001100000001011110
00000000000100010101100010101101
01000110010001100000100011110011
00000000000011110000000110110011
11010001001111111001010011111011
00000000000101011010001000010000
11110010011110001001101101001001
00000000000000011010000011110000
00110110000011111001110000010100
00000000000111100110010000001000
00010000101010010110000000010010
00000000011001100001110100010010
10111111000000010000001010001001
00000000011001011110100001010010
10111001001111100001010011100100
00000000001000010001001110101110
11101000001111100000001011001111
00000000011101001000110000000010
00011100001110011010001001010111
00000000000111000101010110101010
10010101111000011100001110100100
00000000011111100100100000111100
00011010011011010101110011101001
00000000001110101010111111110101
00001011100100010100110100010100
00000000001000010010110110111001
00001000000000111110010011110111
00000000001011000011001101010000
10001011000000101011101100001000
00000000010000110000111000110111
10011111000110001111101110101100
00000000000111111010000001111101
11111010011000010011111111111010
00000000000110011101110011010110
01101000111000011010010110110001
00000000001100101101101000000110
10010001001011001000100100100000
00000000010010000100001111001011
00011101100000000011101011010011
00000000000110011111110001010101
01101110010011110111011000001001
00000000011100001111011101110101
00111101010100010010011001010101
00000000001010100011000001110001
11101001010100001111100001001101
00000000001001010001111100001000
10110101101110101111010110110111
00000000001110110011101001010011
10111100101100100101001101010011
00000000010100000011100110001001
00010100001001100100010010001000
00000000010010010110001110100101
01001010110111111010110000010010
00000000011001011110000000101001
00010001111000110100011000010000
00000000001101011011110101101000
00100100010000111110010100000111
00000000011011011011000011101000
01100011111011011101000110101111
00000000011111000111011101111001
01010101110111111001100001111000
00000000000111000011011001011110
01111100100101111101000101101010
00000000000111110000101000101111
10101001101000110001100101101111
00000000001000011111100111001011
10010111011001011010110100001000
00000000010100110000011100101000
01001010000100111000010001010100
00000000011101101001011111010110
01111000011111001101101111000100
00000000010110111001010011011101
10000101110010000101010001110010
00000000011101110110111111010011
11000010100000001100001100001000
00000000001111101100011100001011
10001110001011001111001001001010
