01111111110000000000000000010011
01111111110000000000000000010011
01111111110000000000000000010011
00000000011010111000101010110011
00001100010000000010001100000011
00000000101001101101100010110011
00000001100110000010111000110011
10100111100000000010100110000111
01000001011110001000110100110011
01011011100000000010011010000111
01110011010000000010000010000111
00000001100000011000001111010011
00000001111110100101011100110011
10100001100001110001011111010011
10100001101011111001100001010011
10100000110000000010110100000011
00011001010000000010111010000011
00000000000000111000011111010011
00110001010000000010111110000011
01000001101001001000100000110011
00000000010000010010110010110011
00000001111010010001110000110011
10100000101000100001100111010011
00111101010000000000100010010011
10001010010000000000011100010011
00001000101000110000101101010011
00100100100000000010011110000111
00001001110111010000000101010011
01011111110000000000010000010011
10100001011011000001100111010011
10100001110110101001001101010011
10101011100000000010001000100111
00001001100101111000101101010011
11100000000011111000011111010011
00000000011110111000111101010011
00000001100010010000100100110011
00000000000011001101010000110011
11101011000000000010110000100111
00000000111110010001010010110011
00000000101011101000000010110011
10100111110000000000010010010011
11100000000001011000111101010011
10010011100000000010110010000111
00000001000101001101000100110011
00000001011101011010011110110011
10110000001100000010010000100111
00001000000101010000111001010011
00011000000000000010000010000111
10100000011101110001101001010011
00000001000001110001001110110011
11111011000000000010000100000011
11001011010000000010010110000011
11101100000100000010100000100111
00000000011011111001110010110011
10100000100010110001011011010011
00001000111110110000100011010011
01010001010000000010001000000111
11010110000000000010101000100111
00000000001000000000010000110011
11100011110000000010100000000011
00000000010101101000111011010011
00000001101111011000100000110011
00000000001001111000110101010011
00000001110111011000100000110011
00000000110010101000110110110011
00000000111100111000011101010011
00000001111001011000001100110011
00000001110011101000101011010011
10100000001000010001111101010011
10100001000000000010100110000011
00000000110000110101101100110011
10100001000111011001001011010011
10011100110000000010100100000011
10100000101001100001001111010011
01010001010000000010101000000011
01010111110000000000100000010011
00110111110000000000011000010011
00000111010000000010100100000011
00000001101011010000100100110011
00000001100100000000001111010011
11100000000010000000110111010011
00000000000011101000011000110011
00001000100000101000010011010011
11110001011000000010101000100111
10100001000000010001000101010011
00011101111100000010001000100011
10011010010000000000100110010011
01010101110000000010000010000111
01110101100000000010001000100011
00000000110110010000100000110011
10110000110000000010011000000111
00000001111110110001001110110011
10100000101110101001110001010011
00000001010111101010000010110011
00111000101100000010110000100111
00000000111111010001111110110011
10000010010100000010101000100011
00000001010000010101101000110011
00001000001101000000111011010011
01000000010010011000001110110011
00000000111001000000100110110011
00000000111101001010000010110011
11011010000100000010101000100111
00000001110011011001110010110011
00000000000010011000100111010011
00000000010110001010111010110011
10100000001010110001110111010011
01010100011000000010001000100011
00000001001011110101100110110011
00000000110101100101001010110011
00000001110110100101000100110011
10101011100000000000000100010011
00000001101101110010000110110011
00000010010000000000000110010011
00001000110010111000110011010011
01000001111110111000001000110011
00000001010001100010100010110011
10100001001101001001111101010011
00000000001011100000011101010011
10100001001011110001000111010011
00000001111111001001010000110011
11100000000011011000011001010011
00000001100011111000011000110011
10101010001100000010101000100111
00001001001001010000101011010011
00001000011010000000011001010011
11100110010000000010110000000011
00000001111111010000011000110011
10100001101101000001011101010011
00000000111101001101101010110011
10011101100000000000011100010011
00000000010001011001111010110011
01000001001000000000100010110011
00000000011010101000110110110011
00000001001100111010101100110011
01000001111011011000111110110011
01000000111000000010000000100011
01111011101100000010100000100111
00000000101001011000011001010011
00000000111000000001100100110011
01000000010111100000001100110011
00011011001100000010110000100011
10100000010011000001101001010011
00000000010111100000001110110011
10101100010100000010010000100111
00010100100000000010101110000011
00000110101000000010110000100011
10101001010000000000011110010011
00000001110110101010101000110011
00000000111101010000010110110011
00000001011111101001000100110011
00100111100000000010100000000011
00000001001010011010010110110011
11111011001000000010100000100011
11110111100000000000110100010011
10010000000000000000101000010011
10100000101000110001111111010011
00000110100100000010000000100111
10110101010000000000110010010011
00000001100001011101100100110011
00000000001111001001001100110011
11100000000000010000011011010011
00010011011100000010100000100011
00000001011100110101001010110011
10111110100000000010110010000111
11111010101000000010100000100111
00000000001010110000000111010011
10010000010000000010010110000111
01000000111111110000001000110011
11100000000001100000110111010011
00000001101001000000000100110011
00000000011001010000100100110011
01000000010110001000100000110011
01000001110100011000001010110011
01100110110000000010101000000011
01000111001000000010011000100111
00000000001111011101110100110011
11100000000001011000000101010011
00000000101100001001000100110011
00000000011100101010001110110011
01000000111111000000110000110011
10100001011011001001011101010011
10100000111000000001000111010011
10100000010110001001101001010011
01000000111000001000111110110011
00001000101001110000001001010011
11110101110000000010111000000111
00111011100100000010000000100011
10001110100000000000011010010011
00000000000100100001111100110011
00000000001000111001110010110011
11100100101100000010000000100111
00100000010000000010100000100011
01000100111000000010110000100111
00000000010011010000000110110011
10111110110000000010111000100011
00000001100100001001010100110011
11001001100000000000010010010011
00101011000100000010001000100011
00000001110110111001011100110011
00111110000000000000111010010011
11011010111000000010011000100111
00000000010011111101000010110011
10100011110100000010001000100111
00000000011011101000100110110011
00000000011000010000101101010011
00000000111101010000110010110011
10110100110000000010000110000111
11100000000011101000011101010011
11100000000011101000000011010011
00001000011000001000100111010011
10010010010000000010110000000011
10100000001011010001110011010011
10100001100101010001000101010011
00000001101011010010111100110011
01101001110000000010001010000011
00000001000000001010001000110011
11101100110000000010100000000111
01101001010000000010001100000011
11010110110000000010001110000111
10100001100000101001110001010011
10010100100000000010100000000011
01000001011110101000000010110011
01000000001101100000111000110011
00000000011110101010001100110011
10110111001100000010010000100111
00000000001111000000110111010011
00100101010000000000101010010011
01000001111010110000110110110011
00000000011101101001000110110011
00011010101000000010011000100011
00000000110000000010001000000011
00000001000101011010111100110011
01110101101000000010000000100011
00000000000011101001000110110011
11000111111100000010010000100111
11010001101100000010001000100011
11000101100000000010101100000111
00001001010000010000110111010011
00000000101100001000110000110011
00000001010100110000000010110011
00100111100000000010100010000011
01000001100110100000111110110011
00000001000111000000001100110011
00000000010011111001100100110011
11010110000000000000011100010011
00001001011001110000000101010011
01001011110000000010011110000111
00000001010101111101110000110011
11100101110000000010000010000011
00000001010010010101000010110011
11001100001000000010110000100111
01000000111110100000000110110011
11001011000000000000010010010011
01011100100000000000001110010011
11010000010000000010110100000011
00000000101100001000001010110011
00001001010000110000101101010011
00000000110110001000110111010011
11100000000011110000011001010011
00000000100010010001010100110011
11001011110000000010100010000011
00000001001010110000011011010011
00001000110110000000111001010011
00000000100110001101010000110011
10100001011110010001001011010011
00000000000101001000110000110011
00111100000000000010100100000011
01000000101110101000000100110011
00000000000011000101001110110011
00000000110011000001111000110011
00001001001101101000100101010011
10100001000100000010110000100011
00101110110000000000010100010011
00000001100101101001011010110011
10100010000000000000110010010011
00000000000101010000100110110011
10100001111101011001110011010011
00000001101000001000101010110011
10101000001000000010110000100111
01000001010000110000111010110011
11000111011000000010010000100111
00110100110000000000010010010011
10110111101100000010100000100011
00001101000000000000110100010011
11011101000000000000010000010011
00000000100010110001010000110011
00101001101000000010110000100111
00000000111110011101010000110011
10101000100000000010000110000011
01111110100000000010001110000011
00110001110000000000001010010011
10111100111000000010100000100011
00001001001110111000011101010011
00001000001010011000110011010011
01011101000000000010100010000111
10100001000011011001010011010011
10100001110010101001010001010011
00000001111100110010010000110011
00000000000010111000001001010011
11100000000000111000100011010011
11100000000000111000111101010011
00101101010000000000101100010011
00000001111011010101100100110011
10000100001100000010000000100111
10100000000111010001101101010011
00000000000101010000110110110011
11100000000011000000110111010011
00000000110001001010100110110011
00000000101010100001011110110011
11001011010000000010011110000011
00001001011000001000100001010011
10100000000100111001011011010011
01101110110000000010111000100011
01000000100010100000111010110011
01000000010001000000100100110011
00000001000010100010110110110011
11011110100000000000010010010011
11100000000010010000111001010011
10111000010000000000111000010011
00000001111110001000010110110011
00001000101100101000111111010011
00000001001100100001000110110011
10001110010100000010110000100011
00001001110001010000010111010011
00000001111100111001010110110011
00001001110111100000110101010011
10100001101101100001110101010011
01000000000010110000001110110011
00000000111001110010111110110011
00000001000101010000010010110011
00000000010111111000100111010011
10100001001000111001001011010011
11100000000001001000111101010011
01000011010000000010000100000011
11111111100000000010001110000011
01000000001001000000010110110011
01000000001100000000111100110011
00000000101001011000001010110011
00000001000101000010111010110011
01100010110000000010100110000111
00000001101100001000011011010011
00001001100010111000111001010011
01000000101110111000000110110011
11100011000000000010011100000011
11100000000000111000100101010011
00000000000100010000001101010011
10010111000000000010101100000111
11100011100100000010011000100011
00000000001001011010010110110011
01010000110000000010110110000111
10111011010000000010111000000111
10011111111000000010001000100011
00001000011001011000100101010011
10100000001001100001010011010011
10111011000100000010110000100111
10100000111011000001100011010011
01011000001100000010101000100111
01000001001010010000000110110011
00110000111000000010100000100111
01000000011111001000001000110011
00000000000011000101011010110011
00110100010000000010011110000111
10011001110000000000010100010011
00000001110111110001110100110011
00001000000100000010100000100111
00000000011010000101001100110011
00100011010000000010110000100011
10000001010000000010010010000111
01111101010000000010100110000011
01110110110000000010010000100111
10100010110000000010011100000011
10100001101110100001011111010011
01100010100000000010111000100011
10100001111011111001011101010011
00000001001110110010001100110011
00000001011011001010010100110011
11001000100000000000000100010011
10100000101100111001100001010011
00000001100101110001000100110011
01000000101000110000011110110011
11100000000010001000101001010011
01100000001000000010111000100111
01000001011101111000100100110011
10001100010000000010111010000111
10011001000000000010110000000011
00000001011100001010101110110011
11100000000001010000101111010011
00000000011110101010000010110011
00000000100101001101011010110011
00000000001101100001101010110011
10000110000000000000011100010011
11100000000011001000111111010011
01000000100011010000010000110011
10000111100000000010011000100011
01000001111001110000000100110011
00000000100110110000001010110011
11100011100000000010000100000111
01000000011110001000001000110011
10100000000101001001001101010011
00000000010100001001110000110011
11000101100000000010001010000011
00001001000101010000111011010011
11100000000000101000011011010011
10100001011000010001100111010011
00000001011010011001010000110011
11000000110000000010111000000111
00001000011111010000010011010011
00000000000111000000011010110011
10100000000110101001010101010011
11011001100000000000011100010011
00000001101101101000110011010011
10001011010000000010011000100111
01110110100000000010001010000111
00010101000100000010001000100011
11010100100000000000001000010011
00000000001010011000100100110011
01000001000010111000010100110011
00000000001010111101001000110011
10100000111111011001110111010011
00000000110110111101010000110011
10100001011111000001001001010011
10100001001010110001001011010011
00000000111100010000110011010011
00000000110011110101000010110011
11100000000001101000111011010011
00000000001100000010110110110011
00000000011011111001001110110011
10100000110001010001000111010011
00000000011001010000011110110011
00001001110000000000011011010011
00000001110011101010101100110011
00011111000000000000011010010011
00000000000100010101011110110011
01110111000000000010010100000111
00000000111111001101010000110011
00011111110000000010110000000011
10100000010111011001011101010011
00000001110011110000010110110011
10100000111100111001000101010011
00000001010010010101100000110011
10010001111100000010001000100111
00000000000001110000001001010011
00001001011011001000001001010011
00000000010001101000101100110011
10100001010011101001010111010011
00000001100101101000010100110011
11000111010000000000011010010011
11001010000000000000001010010011
00001000000100011000111101010011
00000001001011110101011100110011
01000001001101000000110110110011
00000000110010100010111100110011
01000000110010101000011100110011
00000000111111010010101100110011
11100000000011111000011111010011
00001000011000111000101111010011
00111111110100000010000000100111
11100000000000111000001111010011
00000001100100101010001000110011
01100000010000000010100000000011
00000000011000111000011001010011
01111111001000000010100000100011
10100001100010110001010101010011
00000000111010011101011110110011
11100000000010010000101111010011
01100101010000000010010100000011
10100000001110101001010011010011
00000000111011010010110110110011
00100000000100000010111000100111
00000000011000010000110000110011
00100110110100000010100000100111
00001001111001101000110111010011
11101001101000000010100000100011
11100000000001010000001111010011
00000001010010111101011000110011
00001000110011000000000011010011
11011101001000000010010000100111
01010011100100000010010000100011
01010010100000000010010000000011
11100101100000000010110000000011
00100111011000000010000000100111
01001000000000000010110010000011
11010000000000000010110010000011
00000001010110100010010100110011
11100000000011101000000101010011
01000001000000000000101000110011
01000001011010101000001010110011
01000000101110100000110110110011
00001001110011100000111111010011
00000000111110010000100101010011
00101000110000000010010000100111
11001110100000000010010000100111
00000001110001010000111000110011
01100111000000000010111110000011
01000000001001010000111100110011
10100001001001100001100111010011
00000000011001110000100000110011
11100000000000001000110101010011
01011110101100000010001000100011
00001000110000010000001011010011
00000001011111110000101111010011
00001000111101010000100011010011
00001001100000000010111010000111
00000000011111011000110000110011
00000001011111111000110101010011
00000001000010110010010110110011
00000001101001000000010101010011
01110100010000000010100000100011
10001110100000000010001010000111
00000000001000100000100000110011
00000000111010111000001111010011
11100111010000000000101100010011
11001110110000000010001000000011
10111110101000000010000000100111
00000000110011110001011100110011
00000000110000010001111010110011
00000000010000110000111000110011
11100000000010000000011101010011
00000000000111100001101000110011
11111001110000000000111000010011
00000001001010011001111100110011
00000000100100010010010100110011
00000000010001000101011010110011
11100000000001100000011101010011
01000001101010110000000010110011
11100000000001100000101111010011
00000000110100111010011110110011
00000000011011110000111010110011
00000001001101011001110000110011
01000010100000000010100100000011
10100001010100100001010001010011
00000001101110100001111110110011
10100001010100000010000000100111
00000001001010001000001010110011
01000011101000000010000000100111
01011100100000000010110010000011
11000100010000000010011100000011
00000001100101110001001110110011
10001110010000000000111100010011
11010111110000000010100010000111
00000111100000000000110110010011
00000000110001100001000100110011
00110001110000000010011100000011
11000101000000000010100100000111
00000001111011101000010110110011
00000000100100110000110000110011
01110000000000000000000110010011
00001001011111010000111111010011
00010110110000000010110010000111
10001100010000000010101110000111
00000001111100011101100110110011
00000001110101010000010011010011
00000000110101000000100110110011
00000001010000111000001111010011
01000001011101111000010010110011
10100001001001101001100011010011
00000000111010011000100111010011
10100001000111111001011101010011
10100011000000000010010100000111
00000010101100000010101000100011
01000000001001011000001000110011
00000001000010100001001010110011
00000001000001011000110100110011
01111101101000000010000000100111
11100000000001000000100111010011
00000001111011110001000010110011
00000001001010100101111010110011
11101000000000000000111110010011
00000000100101000000010011010011
10101001000000000010111000000011
00000000000110011000000100110011
00000001111010011000001111010011
00001000001001100000010111010011
01011100110100000010001000100011
00000000100111110000010011010011
00000001101111011010000100110011
01111111101100000010010000100111
01011010000000000000010100010011
00000001100100001001000110110011
10100000010100001001000111010011
10110111100000000010101110000111
11100000000011110000000111010011
11100000000000111000010001010011
00000001101110001000000011010011
01000000000110011000101000110011
00000001101010000001101000110011
00000001111101101000100111010011
11100000000001100000111101010011
10111101110000000000111100010011
00000000011111011000110001010011
01000001001100001000000110110011
00010110000000000010011000000011
11001111101000000010010000100011
00110000100000000010001110000111
01001100101000000010100000100111
00000001110110000000011001010011
00000001010010101001010110110011
00000000101100010101000110110011
10111100000000000010111010000011
00001001010111001000000011010011
10010111011100000010000000100111
00000001010110101000010110110011
11000010000000000000111100010011
11100000000000010000101011010011
00111001000000000000011100010011
00111100110100000010111000100011
10111100110100000010011000100011
11100000000011001000010011010011
00110111100000000010001010000111
00000001110111001000011100110011
10101101100100000010100000100011
01101101100000000000100100010011
01000010110000000010101100000111
11100010100000000010010000100111
00000001110111110000100010110011
00000000010001001101111010110011
00001000110100000010011000100111
00001000011000010000011111010011
00000001011001101010010010110011
00000000001011010000111010110011
01000001001110110000101110110011
10100000101110101001010111010011
00100001010000000010110000100111
00000111000000000010011100000011
10101011111100000010111000100111
11010100010100000010000000100111
00000001011010100001111010110011
00000001000101100000010110110011
00011100100100000010000000100011
00000001111101100001011010110011
00000001011001100000111001010011
00000000010011100001101000110011
00000001010100000101100100110011
11100000000010000000101001010011
01000000010001110000000010110011
00000001101010101010110010110011
11110100110000000010010000100011
00000001111110000000011001010011
10101111010000000000011100010011
00000000100011011000011001010011
01000000011001000000101000110011
00000000110111001010001100110011
11101000000000000010001100000111
00000000110110000001100110110011
00000000100010011101011110110011
10100001001100100001010011010011
11001001100100000010000000100011
10110100000000000000110010010011
11011001010000000010011010000111
00000000010110011101101100110011
00000001101110111010101000110011
00111010010000000000100000010011
11100000000010011000111111010011
01000001101000100000010000110011
10101101010000000000100000010011
10001000011000000010111000100111
10100000001110011001111001010011
11100000000010100000101011010011
00000001111000110101101100110011
00000001111011100000100010110011
00000001100000110000001111010011
00000000100111110101010100110011
00000001110001011000011010110011
11100000000000010000111001010011
11011001000000000010111000100011
01111100101000000010010000100011
00000000110011001001110100110011
00001000111001001000001101010011
10000010010100000010101000100011
10100001001010101001000101010011
11101011111100000010000000100111
01000001111011000000010100110011
00000001111000110001111000110011
10000011000100000010010000100011
00000000110101000000111000110011
10100001000011010001110111010011
00000001110010001010000010110011
11110010100100000010111000100111
00000001001101000000100110110011
11100000000011110000010011010011
11100111000000000010100010000111
01000001110011101000100110110011
10100001100100100001010011010011
00000000011000101010011010110011
00000000011100000001010100110011
00111010110100000010011000100111
10100000011000000010000000100011
00001001110110010000100101010011
11011010011100000010011000100011
01000001001100011000101110110011
11100000000010001000111111010011
01000000010000111000101000110011
00000001101011000000110101010011
01000000000100001000101100110011
00000001010111000001010010110011
01101000110000000010010100000011
00001001100100001000001111010011
00010100000100000010000000100111
00000001110011101010110100110011
00010111111000000010110000100111
10100000101100001001111001010011
00000000111011010000110100110011
11011000100000000000011010010011
00111001100000000000011110010011
00010101100000000010101100000011
00000001101001101000110001010011
10100000000011110001100101010011
00000001101000100101100010110011
01010011000000000010101110000011
01011001011100000010100000100111
00000000100010011010100010110011
11100000000011010000011001010011
00000000110000001000011101010011
00000000110111001000000111010011
11100000000010000000101001010011
00001000011011111000101101010011
01000000000100100000111010110011
00000001010011001001101110110011
01001100111100000010000000100011
01100000110000000000011110010011
11000001010000000000000110010011
00011011011000000010110000100011
00000001101101111010111110110011
00000000000111001000000011010011
00000000010011011000111100110011
00100111100000000010000100000011
11011011110000000010101100000111
00110010001000000010011000100111
00000000001111110101111100110011
00011111100000000000111010010011
01010011011000000010001000100111
00000000010000111000111111010011
00110010011100000010010000100011
00000001000001100010100010110011
11100000000010001000000101010011
10101010010000000010110000100111
10100000001001010001100011010011
01011011000000000010110100000111
01000000001111110000000100110011
00000000011101110001001010110011
01001110100000000000001110010011
00000001000001011101000010110011
11010100000000000010011110000011
00000000001110000010100000110011
11100000000010110000101001010011
00000001101100111101000110110011
10100101000100000010110000100111
01000001010001101000101100110011
00000001101010110000101000110011
00000001101010110010000110110011
00000001001111000001110110110011
00111101000000000010110110000011
00001101001000000010100000100111
10101100010000000010111010000111
00000001101100100000001111010011
01111111010000000000100000010011
00000001010011110001001010110011
01001010111100000010100000100011
00000001111111000101010100110011
11100000000000010000111011010011
00111000000000000000011010010011
00001001000000001000001001010011
00000001111101010000101010110011
10100000011111111001011101010011
01000000101100101000111000110011
00000000100000100000111111010011
00000001000001111101100000110011
01000010110000000010110110000111
00000001100110101101111100110011
11001100110000000010110000000111
10111001010000000010110000100011
00000000011011000001110100110011
00000000101000101010111100110011
00000001110011000000010011010011
00010101110000000010100100000111
11101100101000000010110000100011
11100000000000101000101111010011
10100010001000000010010000100011
10110000011000000010000000100011
01001111010000000000010110010011
01000000100111001000111010110011
10100110100000000010001100000111
11100000000000110000100011010011
11001001010000000010110100000011
00000001100000010101100000110011
10100001010111101001111011010011
00111001000000000000110010010011
00001001100111101000111011010011
00110101010000000010100100000011
11101011000000000010110000000011
00000001011100001000011101010011
11100000000011001000101001010011
00001000010000000010111010000011
10001111110000000000000010010011
01101110000000000010011000100011
00000001010000010001001010110011
00000000111110110101010100110011
00000001010010101101110010110011
00010111110000000010110010000011
00001000000000000000010101010011
00000001110100100000010011010011
11100000000000111000001011010011
11100011010000000010110110000111
00000001010001001101111000110011
11100000000001100000011001010011
10100001000010000001111011010011
00000100010100000010101000100111
00001001000010000000001001010011
01001111111000000010111000100111
11100000000011010000111011010011
00001001000011001000111111010011
11000110010000000010001010000011
00000000100101110001010100110011
10010001000000000010010110000111
00000000101100001101011110110011
11100000000011001000100001010011
00000001001001111010011110110011
11100000000010000000101111010011
00001001110110001000011101010011
00000001011001001000110101010011
01000100100000000000111010010011
01000000110000000000101010010011
00000001011101010101111100110011
00000001001100000001011100110011
10110100000000000010100100000111
00000000111010111010101100110011
00000001010101000101010110110011
11000000100000000000100110010011
00001001011100111000101001010011
00000001100000100000010101010011
00001000000010110000110111010011
00000000000100000010110000100011
10100001110010010001010101010011
10100001011001001001100101010011
11010010100000000010111110000011
01100101100100000010110000100011
00100100100000000010101010000111
00000000101101000000110101010011
00100000101100000010001000100111
00001001001100000000000101010011
00000000110101001010100110110011
00001000011011101000110101010011
10000001101100000010101000100111
00000000100110100000111010110011
01111100011000000010010000100011
00000000101001110000110101010011
01010110010000000010000100000111
00000001001011111000111100110011
00000000101011001001001110110011
10100000010101011001111011010011
01101010100000000010111000000011
00000000101101010101101010110011
11100000000000111000010011010011
11000000110000000010101100000011
00001101000000000000101110010011
00000001110100011001001110110011
01111010000100000010010000100111
00001000010010001000111111010011
11100001100000000000100000010011
00100001110000000010001100000011
00001000110100010000101111010011
10111110010000000010110000100011
11010111010000000010100110000011
00000001100001100101101110110011
10100001010011100001000111010011
01000001100000001000001000110011
01000000110001100000011010110011
10100000110111001001110111010011
00000001100100000000011100110011
00000001110110111000110111010011
00000001001110111010011100110011
11110001100100000010110000100111
00001000100111101000001011010011
11100000000011000000011011010011
00000001000111000000111100110011
10100101111100000010010000100011
00000001111111101101101100110011
00000000011011011101011110110011
00000000011100011010101100110011
01000010011100000010110000100111
00000000010000001000001011010011
10100000111000011001110011010011
00000001010110011010100100110011
00000001001010000101001010110011
00001001001111001000100101010011
00001000101100000000100001010011
10011110110000000000100000010011
10100000101111100001110111010011
01000110000000000000011010010011
10010110100000000000001110010011
10100000011001011001001011010011
10000011010000000000110110010011
01000110010000000010011010000111
11100000000010111000010111010011
11100000000000100000111001010011
00000000110110001101110110110011
00110100010000000010010110000111
10100001010000101001010111010011
00010100110000000010110010000111
11000101100000000000111110010011
10000101110000000010001010000111
01111001110000000010001000100111
11100000000011010000001101010011
11000100000000000010001000000111
01000000011000100000001100110011
10101110110000000010011010000111
11110101110000000010101100000011
00011001001000000010010000100011
11100000000000000000011101010011
11100000000011000000011001010011
00001100110000000010001100000111
11100001000000000000010000010011
10100101010000000000001000010011
00110010100000000010101000100111
00111010000100000010110000100111
00000000100111100001100110110011
00000010010000000000000100010011
11101111110000000010001000000011
11100000000011111000011111010011
00000000100011100101001100110011
01100101110000000010001010000111
10100001100100111001100101010011
10101001100000000010110110000011
00001000001011011000110011010011
00001000000110111000110001010011
00000001000111011001101110110011
10001000010000000010100010000011
11110000010000000000010000010011
01000000111010110000010100110011
00001001100001001000100101010011
00000001100001110000101110110011
01001010110100000010001000100111
00000001101010000001100110110011
00000000011001011000110011010011
00000001001000010000010100110011
00110110100000000000111100010011
00000001011000000000000011010011
11000011010100000010000000100111
10100001000100101001010001010011
00000000000001111001111010110011
00000000111100100101110000110011
01110011000100000010010000100011
10001000000000000010100010000111
01000000011010100000111010110011
00000000001011010000001000110011
01000000100011011000110110110011
00011001010100000010110000100111
00000001100110010000011111010011
10100010110000000000111010010011
00000001100100101001101000110011
11001111100000000000111010010011
00101011010000000010111110000111
00110111010100000010110000100111
11101101101100000010011000100111
11100000000000000000110111010011
00000001001101011000011101010011
00000000100110011001000100110011
00000001110111101000001101010011
10100001010100010001000111010011
11111010110000000010101000100011
00001000001001011000110111010011
10010001110000000000101100010011
00000001001011100000001111010011
01101111000000000000011000010011
00001000001100001000001001010011
00001000010110110000111011010011
00001000011000000010111000100111
10111000110000000000101010010011
00000001110101000010010010110011
00111011010000000010110100000111
00000000100001011000001001010011
11111001110000000010000100000111
01001110011000000010001000100011
00110011010000000000011110010011
00000000101011011000110001010011
00100101000000000010000100000011
00001000010101111000110111010011
11100000000010001000111001010011
00000001111111001101101010110011
10101010111000000010111000100011
00000001100001111000001110110011
01000100010000000010101100000011
00000001100011001000101111010011
00001000001000010000001011010011
00000001111011000101001100110011
00110110101000000010100000100111
00000100000000000010101100000011
11100000000010110000001101010011
00000001001110101001000010110011
00000001001011100010111000110011
01101110101100000010101000100011
00000000110111010000110001010011
11101110100000000010100000100011
00000001111000001001000010110011
00000000111110011101001110110011
11011101110000000010010000000111
11100000000010010000100001010011
00000001110100100101110010110011
00001001011010001000001011010011
00111010000000000010100000100011
01100010110000000010001110000011
11010100100000000010100000000111
11100000000010111000010101010011
01101101001000000010001000100011
00000000100100110000101111010011
00000000011001010000000101010011
11100000000001000000010101010011
01000011001100000010101000100111
11100000110000000010000110000011
00110001100000000010010000000111
11001010100000000010110000000111
01111001100000000010110000100011
11010010110000000010010110000011
11100010000000000010111000000011
00111110000000000000010110010011
00000001100111001000110110110011
00001001001111011000011011010011
01000001100011010000100110110011
00000000101110010000001110110011
10100010100100000010110000100011
00001000011011111000111111010011
00001001101000111000110101010011
00000000000000000000000001110011
00000000000111001100011001100110
10010111001011110010000001010011
00000000000000100001100001110000
00110011100101001011111000000111
00000000011101100111100010111110
01001100000101110110001100000111
00000000010100011011010001011000
00000000000000000001010000010101
00000000010110100111111010111001
00100110000101100100110110100110
00000000000000000000000000000000
01000101011010111111010000011101
00000000000101100000011010100110
00000000000010110111001111101011
00000000000110111100000110010001
11110110110101101001111011110111
00000000010110100111000100000011
01101010001111100110111111000100
00000000000101001101010010101010
11111100001101000100110010001110
00000000000111110010000101001000
00101010111001001001110100011011
00000000000100101011111001101001
11100111011010011011111100101101
00110111111100101100011100010111
00000010111110101011110000100000
00000000010111010001100001010000
00010000011010011000010000001111
00000000010100010011000001110110
10011011010100111101101100010101
00000000001000110101011000000011
00101100011001010011000110111111
00000000001100100110000001001101
11100011111110111011010011000100
00000000010011001011110100010111
10011000111011011100100010111100
10001000000000000100010110111111
01000100101010010110111000001110
00000000000101101111010000100011
11110011110010110101011100101100
00000000000000000000000000000000
10000011000101110011000100010001
00000000001000100101010001101100
01001010101000011010101010111110
00000000000111010111100111111100
11100010100111111111001110100101
00000000001010100101100011000110
00111111010011011001000001100111
00000000010100010100010011100111
01101010110100111101010001100011
00000000001101101110011001100010
11111110100010010101110001100001
00000000011011001010001110011110
11001100011010001110000011010001
00000000001100011100101110011010
10111000001001000110101000110010
00000000011101001001011001010000
11110111010100100110010011000010
00000000011110010011101100011110
00000000000000000001101100010000
00000000001010111111101100100010
11010110011100101101011111001100
10000000000000011110010110011011
11001101011101111001110110100000
00000000001100101111011011001011
00111010101110110100101010001000
00000000010011111111001100011011
11000101011000101000101000010110
00000000001100000101001100100011
01100000101011010110001010110001
00000000001101001001010110001010
01010000101001000111101101010110
00000000000010010000000100111111
01100100010101101111110100100101
00000000001110001001000100011000
11010011100111010100111101100111
00000000010110011011001001010101
01110111101101101001000010101001
00000000010111000100100100000101
11001000101010001111011001101100
00000000001010110001111000011100
00000101010010110011000101100110
00000000010110001101001111100110
00110101110010110111010001011001
00000000010101010011010001000101
10000011000000111110001110110010
00000000010001100100000010100101
01111000010000111011001100110101
00000000010001110000001011001001
11010111000010100000000001001011
00000000010111011001011100011100
00101001111101000111000111001101
00000000000001101001011101010111
00010010001100011111101111110010
00000000000011000111101111000111
01001011100110101101101010010001
00000000010001010001001011100100
00110111111100101100011100010111
00000000000001100011111011001001
00111111011001001010001101001110
00000000001101001000011010011010
00011100010101000110110110000001
00000000001000000101010111001111
11001101110001000011001101110001
00000000011111101111101101100001
01010111111111000010010110001000
00000000001100001100001101110110
00001111101000011001100001110011
00000000010000100100011001111100
00000011110101010010001000010001
00000000011010010010001101000010
11111110101010000001100011001111
00000000001100111100010101101000
10100010001110011101000010100100
00000000000110101000001100111100
01111101111001010101100111110011
00000000001110001011001001011100
01110111111010101110001100000001
11111111101000101000010100010100
11100001000011101011100111000110
00000000001001111011110011000110
10001010110011110111100101010000
00000000001001010110101110011100
00110110000000111111100010000100
00000000011000011010010111000001
00000000000000000000000000000000
00000000011110100001001101110001
10001000101110111000011011001001
00000000010011010010000111110111
10101011101101001100111111000100
00000000010000000010100010100010
00000000000000110100110000110010
00000000000111110110000000100001
01111111001111000011100001001100
00000000000000000000000000000000
11111111111111111110101111111000
00000000011011001010010100110010
00100100100110010111101101011001
00000000011100101101101101000110
00000000000000000000000000000001
00000000010010010010100011100011
10000011011111101001011011101010
00000000010011111111000111111010
10100000101111010001001110110110
00000000010001101001101111000110
10011010101000101010100110100001
00000000010000001100001111110100
01111000100000010011111000010100
00000000001000111101111111001000
00000000101011101101000100100111
00000000010110000110011111110000
11010011001110010101000111111010
00000000010111111101001011111001
11000111101101101011001110010001
00000000011000101111011101001010
10111111110001110000001111100001
00000000010100001101011010101101
11001100010110000011000000100001
00000000010010100101111100001101
00010000110000111110010110100001
00000000000100101111111000111100
11010010101100001101110001100111
00000000011010111000010101110011
00011111110010111111010010111110
00000000011011110111101111101011
10110010111011000001000100011010
00000000000000000000000000000000
01111010101111110001000001111101
00000000000010010010111001101001
11111001001000111000110110100101
00000000000000000000000000000000
01010111000010100000000001001011
00000000000000000000000000000100
01001100100111001001000011000100
00000000010000010101000110100111
00000000000000000000000000000000
00000000010101001001011111010010
11110000000101001010010110011000
00000000000010011011111110001101
11000110100011110010001111111111
00000000000111000010010000110101
11111111001101110011100111010100
00000000010010010010110011001110
11000011011001011011110111000001
00000000001011001110011011011001
11010101110111110011111011101100
00000000001110010111011111010111
00001111011010001111001011111001
00000000011100101101100011110001
00000000000000000000000000000000
00000000001101011101010000000011
00000000000000000000000000000000
00000000011101000011111010111010
00010111101110001001011111101001
00000000000011001110010111010010
01010011001111010101111001001111
00000000000000000100100110110001
11111011010011000111010101010001
00000000000000001011110011001101
10111000101010001111100111001110
00000000010000010110001111110000
01101001000100011011000011101010
00000000010011101100000011100110
00111010100011101110101001111100
00000000011101011001001101111000
01000001001100111111101100010000
00000000001010010010001100100001
01011011100100101010001100111001
00000000000010110111001111101011
01000110110101111000110110111101
00000000011010100111011001000110
01010001011111010001011111110001
00000000011000000010101000011101
11000010001100100010001011000101
00000000011111111001011111100001
00000000001101001000101101001010
00000000010010000110000001011100
00000000000000000000000000000000
00000000001110101011001110001011
10000011000000111110001110110010
00000000011001010111011010111010
10011010001000100110110000101010
00000000010110111010001110100010
01101000111101000111111001011100
00000000001110010101010010000000
11111010000010110100111111110000
00000000000101110001010001001001
00000000000000000010100001100000
00000000010110101001110001110001
01011100001011101001110000010111
00000000001010000101101111000100
10100010000111101010100011100000
00000000001011100010011111010001
00110000001000011110000001110001
00000000000011001111001110101101
10010011111100111010101111001000
00000000011111011011100100001101
00011000111111000000110000011001
00000000001010101111001000111011
00001111111010111000001110100101
00000000000000000000000000000000
00000000000000000001010101010100
00000000011010011111101101101011
11000001010000010000100111000100
00000000011011110111111000011100
10011111110010111111010010111110
00000000010011001001000010010000
10101111011011101010011001100101
00000000001111001110011001100011
11010100111001000000010110011000
00000000001000101100010000111111
00000000000000000001000011011000
00000000100110100100001111101110
11101100001001100001111000011100
00000000011011011011001100101100
01000111011000010010111001001000
00000000011101010000011000110000
00100111011000000111110110011101
00000000011100100101111111000000
01011100110000010110001100000111
00000000010100101101001100000000
00100011100000110100111110101010
00000000001111100111001110101011
11001010111010110001000001101001
00000000001010101101011111010010
01011010110011001111000011100010
00000000000101111110000101000111
01011001010011101010100001111101
00000000010010110011001111101110
00010111110100110001010001111000
00000000000000010111111011001101
00100100010001101110011001010101
00000000000101011011010101110000
10110100001110000101110000000111
00000000001010010011011011011000
10011111110010111111010010111110
00000000000010101000100001100110
00101111010011010100111110100011
00000000011111010100010011011000
00000000000000000000000000000000
00000000011100101101111011101101
01000010101100100101011100001011
00000000001101011010010000111010
01111000110101011000100011001101
00000000011111001011100010011010
00000000000000000000000000000001
00000000011010101011101111110100
11001000110101111000100011010000
00000000001110001011011000111000
00101110101101101000000001111101
00000000001011001110001101010001
01111000011011000110110111111101
00000000011111000101110011010001
00101001000100000110000010000000
00000000010010101110101111011100
10110011011101000000111000010100
00000000011010101011101010100010
10111101011110010101100110000100
00000000000001101011011101111101
01111101001111111001000011100001
00000000000000110100110000110010
01010000011000101001111111100111
00000000010101010111101101110110
01101001010001010010000110001101
00000000001101111110101011001001
01001011110000010100100100100011
00000000001011101100111111101110
00011111110010111111010010111110
00000000001110000101010111110000
11000000001100111010000011100110
00000000001000010100101001110100
00000000000000000001000011011110
00000000000100101110001010101111
11100011111100111100010010001100
00000000011100100111101001011011
01011000001111111111100001010000
00000000010001101001000011001101
11111000011101111110011101011111
00000000000000000000000000000000
10000100001000000100110111001110
00000000001011010111001011011001
11001110001100110011101100101101
00000000001011000101111001100010
11000011110000110101010100101001
00000000010010101101101100100101
00101000101011111000011010011101
00000000001001101100010100101001
10100000101111010001001110110110
00000000000000110010110000110111
00000100001111000001011100110010
00000000000001010001010001111101
00110010010011010011001111111010
00000000010000101100010000001011
11101000111001001011010010100001
00000000000111011110111101011001
10000001100000011101001110010111
00000000011111100000101100001001
00000011111001010011001110101111
00000000010110001000000111111111
00001011110100011001000100100001
00000000011000011111001101000110
11011000101110100010010011010010
00000000011010011010010110011111
00111011101101011100101100110010
00000000011011001001101110010000
11111001100010111110110110111010
00000000000000000000000000000000
11011010101111110100001010001111
00000000000111100001110110001011
00011110001001111110010111000100
00000000001001010111101100011000
10100001010111111011111010101001
00000000011010111001011101001101
10101100001101110001000010101101
00000000010101011100100100100111
11011010101010010011100101111111
00000000000000000001001011001000
00101100111010011111101100011101
00000000010111000111011101001011
00000111101001111101101111001010
00000000000000000000000000000000
10110101111111011011010111011010
00000000001101001000101101001010
10100001111100101000001001010001
00000000000000100001100001110000
00100010011110011111100101100111
00000000000101000100010111001001
10011111110010111111010010111110
00000000000011111010101000110010
11001010011110010111011011110011
00000000001011000110011100110011
01110111111000111111101100011111
00000000010110000100110101101111
01000101010000110100110001100111
00000000001010110100000011110001
01011000001001110111101110111011
00000000001010100001111010011101
10000101000001011001110010101111
00000000000001011010010011001011
01111010110000001100110001101111
00000000010101001110101000000100
00010001010010100100000000101101
00000000000000111101000010001000
00011100101111010010101111110011
00000000000110010101001011100100
00000110001100010010001000101000
00000000001111100101100111001010
10010100111100101101100011001101
00000000001011010111110010110010
10010011000011010000101000110010
00000000011001001001011010000001
00000000000000000000000000000000
00000000000000000000000000000000
00011111110101101001001100001011
00000000010010110100010110010011
10000111100010011110101110000101
00000000011001110110100000110000
00000000000000011110010110011011
00000000011010000000100100000100
10011001111101011100011001001101
00000000000011010000101101101000
01100001000001111001010110000011
00000000011011100110001001011001
01110000001111101101000110100011
00000000001011011101000111001001
10010101010000001010001010000111
00000000000100001110100110011001
11011010100100110101001101101001
00000000011010010111001000000000
01111000100000010011111000010100
00000000000010100111110001111101
10101100001100011010110110011000
00000000000010100111101101000010
10001000000000000100010110111111
00000000000111010011101111011000
10101100011001100001001101100001
00000000001001001011110100011101
11111111010001010000101000101000
00000000011110101101011101111000
10100000101010000000110100111111
00000000001010110010111111011010
00000000000000000000000000000000
00000000010111010111011110000010
00100001001000000110110000000011
00000000011100011011111101111001
00010101110110111101011010110100
00000000010000111000100011010000
00000000000000000000000000000000
00000000001100000000101000001100
11111110111010101110000111101011
00000000001001000000001001010111
10010100101001111101010101001111
10000000000000110010101011111000
01010011111101100010010000101110
00000000010100111111101111111110
00000000000000000000000000000001
00000000001100101110011010010110
11000110101000001110111010100011
00000000001110000000110101111010
01010011001101100100001100001101
00000000001011011011001000100000
00000000000000000000000000000001
00000000011011001011000110111100
00001001111101011001100101010101
00000000001100100011011001010100
10100100101101011100011101111011
00000000011111010100110110010001
00100000010010111100110010100000
00000000010010011100101111111100
11100000111100011100110101100100
00100011100000110100111110101010
00000000001001110101110000101110
00000000010111110011011000111000
01011110110110100101011101000111
00000000010100001011011100111011
00101000111000010111101101000011
00000000010100101011111110001101
11000010010010111000001000011000
00000000000101110111111000101110
00011001000011100110110101000000
01110001000010111110011001110111
01100011011111010101110111001101
00000000001000001110001101100010
01000111001110001111111101000010
00000000011000110111111101000111
01101110111101010110001101111110
00000000001011010001001001011010
01101101101011110111100011111001
00000000011100011111110100000110
11100101100100101111111111111001
00000000011010110110001000101000
10010100110111001001011101101000
00000000011100111101000110111000
10000111011101011010010000110000
00000000001111001100000100011101
10101001101110010111000011100111
00000000001110001010011000101101
01110111011000101000000011010110
00000000000000011101000101011010
11101011011101111111010000110000
00000000000000001000100001011111
01111110111010111010101011010000
00000000010001110110010010001100
01011101011111001000011011000110
00000000011011100101101110010111
11000000001011111011100110001010
00000000010010001111111000001101
01110000010010100111010101100011
00000000001111001010101010100110
00000000000000000000000000000000
00000000000000000000000000000101
11011100111100100010011101010000
00000000000100000110001001101001
11110101111001011101100011001111
00000000010111100010101110101011
11001010010010011110101111011111
00000000011110001000010011011000
01110100101110100111001001010101
00000000000000110100110111000101
01110000010111001110010011111001
00000000010001011100100000010001
01100010010011010111111110010101
00000000001110001000000110001110
01000111001100000111000000010100
00000000010001101011001101010000
11111100010001110100101010110000
00000000001100111100110110111010
00111011001111101000111100110000
00000000010010000010110100101011
00100101110001100110110101100100
00000000000110010110110100011001
10001100001010001001100010010000
00000000001011101100100101110000
11000111000100111110010010100000
00000000001001100110011001001011
00000000000000000001000011110000
00000000001101101110100100110111
00100001000001011101100100111111
00000000000000100110000011111010
01101101011101100010110100000101
00000000000100000011100011001010
11100001111001010111100001011011
00000000000000000001000011011000
01111100101011000001101101111110
00000000011101001100100101000010
01110110110111001100110111010000
00000000000100100101101010011001
00100000100000100110111111101001
00000000011010100111000110100111
10001100101100010000100011001111
11101000111001001011010010100001
11100111110010111011100101101101
00000000011100010110100100111000
00000000000000000000000000000000
00000000011000010111011001010011
00010011111110111100110000011111
00000000001011101111100100010000
10101001011100101101110000101001
00000000001101111111100001011111
00000000000000000000000000000000
00000000001110000110011110001100
11110101000110000111101101100000
00000000010010110010010110111100
11001110111000010110000000111111
10000000011101010000011000110000
00000000001101001000101101001010
00000000000100110011011101100101
01110001000010111110011001110111
00000000001100111110101011110010
00110011001100001000101101010111
00000000001111010000011111001101
10110000010001100001010110101110
00000000001100110011000011100101
11100101110011000110110111111010
00000000001011100001010000100100
10111100100111001011010011010101
00000000000010110000110110001100
00101110110100111001111011001110
00000000011001010100010110111011
10011110001101110101100000101001
00000000011100000011010011101011
11110001000010111110011001110111
00000000000001101101111110100000
00100011011000100000001011100010
00000000000010001111110000110001
01101110000001011111100110111110
00000000001011100000010111010111
01110010000010111001111000011000
00000000010011110100110000110111
00111101100011011010100111111111
00000000011101010100111011000111
00000110111011101110110110001011
00000000011001010100001000100011
00100110101111000110010101111110
00000000010011001111110100100110
00101100101000000011110100010010
00000000010110010011000001001011
01110111100011111101101111000000
00000000011111000011010010000000
00001011010001011111100101000100
00000000011111010101000110101010
00000100110111111111100101011011
00000000010000010110000110111010
01101100101111011010110001000101
00000000010000000011101111110111
00000010011000101001100000100000
00000000011111110111001000011001
01101100000001101001101010011010
00000000010000010011111010110000
00000000001001110101110000101110
00000000000000000000000000000000
00000010011000101001100000100000
00000000000111011000010000100100
01111100101110011111110000001110
00000000000011011101000010001101
01000100110000000011100000110001
00000000000000110110100110011100
01000111001110001111111101000010
00000000001100010001110100011101
01010011110101000011011101101101
00000000001001110101110000101110
01100100010100100110001111010100
00000000011001101100000011100000
10000000001010010001011101011111
00000000011010000010110011100110
01010011111101100010010000101110
00000000001001001000001001110011
00000000000000000000000000000001
00000000001010111001100111110011
10011101010011010101010110111010
00000000000000011010110000001011
00100011100000110100111110101010
00000000000001010111001111101111
00000010101111000110110111010011
00000000001001010010000010100000
11101111000111111101100100001110
00000000000000000000000000000000
01001011010111111010101101110110
00000000011101011110011000101110
01000100110000000011100000110001
00000000001010000110101101100000
00000000000000000000000000000001
00000000000101011001101101100001
10010001111000100000001111000010
00000000001001000011101011010111
01100101011011100011100001000000
00000000010110100001101101100110
11000100111010100110001111010011
00000000010001010001111000110110
11111100010110010101010011111111
00000000000011110011000010110010
10100011001000111000100101100001
00000000010110011001000000111010
00011001000110010001000010011110
00000000001101000111010111011110
00011000111100000111111101011111
00000000011111011010010001101110
10001011000000111000011011110111
00111010101110110100101010001000
10110110011100010001101010110011
00000000000110100001111000010010
11111111111111111110110101111000
00000000001110001110000111101111
00000000000000000000000000000000
00000000001101001000101101001010
00000101100100111001100100011010
00000000010011001111011111010011
11011101001101111101011110011000
00000000010111100011100011111011
10101101110011111001111010011100
00000000000000011001110010000010
00000000000000000000000000000000
00000000001100110100010001110000
00100000100111100101100110010011
00000000010111111010110101001101
00100011100000110100111110101010
00000000010111101001110011010011
10010101001110000111010001010100
00000000011001110111000010111110
00011011010010001100100010011000
00000000000000100000010100100010
11010111000010100000000001001011
00000000011001000001010010111011
00111000011100010101111100000010
00000000000100110010111011010110
10000000011101010000011000110000
00000000001110110111101100001111
11011110110101010010101010100000
00000000011000111100101101010101
10011111111111101000011011011100
00000000001111011101101101110110
00011111110010111111010010111110
00000000000100101010111010111111
01000001011111011010110111110011
00000000010101010110101000100110
00100011100000110100111110101010
00000000011010101000010001000101
10000111011101110000011001011000
11111111011001011101010000000110
00110001110100100001010010001001
00000000001010011011011001011110
11101010111101100010110010111000
00000000000101001101100000100101
01111110011101101001110000001001
00000000010100001100101101101111
00100110001010110111010100111001
00000000011010111000011101001101
11010110111111000111000101110100
00000000011101110010011110001110
00101101010000110100010001010110
00000000001011011000010111110010
10011011001000010011010100000100
00000000001111010110011001010111
01101001111000110001110110010100
00000000011000000010001100000011
11011100010010011010011011000010
00000000010111010011011110101101
10101110111010010100000101001101
00000000011110011000101000110100
10110101010000100011101100101101
00000000011110001100000001011101
01110011110101110001101101101100
00000000000000111110100110011001
01010010010001001000000100000000
00000000000011010010100101111011
10000000001101001000101101001010
00000000000101011001101101100001
10110100110110000011100111010010
00000000000010101101100010010100
11100011111111010110111001000100
00000000011001110101011101111111
00000000000000000000000000000000
10000111100010011110101110000101
01111000110010100010100111000000
00000000000000000000000000000000
11011001100110100011100010111001
00000000011001101011110001110010
11001110110110001110111110111111
00000000011011010011111110110110
11001011100011111100010100111111
00000000011001001001101010100101
01110001011101110001101100110110
00000000001011000100101010111010
01011100100010010100010101101010
00000000011000111100010010111010
10110111011000100001111000100000
00000000000111000111001111010011
01001000011011001011111011100000
00000000000101011000100111111111
00000000001101111110101011001001
00000000001110110110111010000111
00100011100000110100111110101010
00000000001011110110011011110110
00110001111110111111011001101110
00000000010101100101011110011101
11111100010110000100011011011101
00000000001010101000011001101101
01111011100101001101010111001100
00000000010101011100011110101000
00000000000000000000000000000000
00000000000100011110010110000010
00000000000000000001001101001000
00000000001100110101000011010001
10010011100111101101010110011100
00000000010101011100100100100111
00000000000000000001011111110100
00000000001110101000111000111000
00000000010011101011100001011100
00000000010010010000001110101011
11110101101111110000100010110010
00000000001011001111111101000011
01010100111010101111010011111001
00000000000010001011100011001101
01111100011111101101000110001010
00000000000110101111001001100010
01000111110101010111000111011010
00000000000000000000000000000000
00010011111100111010101111001000
00000000011111101001010011111101
01110100000111000110100111110010
00000000000101101000001100111000
11100110011110101010111001011100
00000000001111010110000111001011
00111100101011110010001100001100
00000000010001010011100010100100
00000000000000000001000111001100
00000000001110110001111111111110
11111010101100011110000011011000
00000000010111011000100000000000
00010101001000011011100001000010
00000000000010000011110101110001
01001011000100010101010010010111
00000000011000010111101001011100
10011111110010111111010010111110
00000000000110100000111000001000
10100111000011100000000001101111
00000000001100011011100001101000
01110101001000101110111000001111
10000000011101010000011000110000
01010111000010100000000001001011
00000000001101111001000001111110
00010011100011101110100001001111
00000000011000011001000110100011
10000100001010111001000010111010
00000000000111001011101010101011
01101000001000100000011110011011
00000000010100100101101001111111
10000000000101010110000110100001
00000000010011010111011000100011
10001101000011011110101111111101
00000000010100011011001010110101
00011100100101010001100010010011
00000000000000000000000000000000
10011011100011101000110011110101
00000000001001111110001110110101
11100000000000010010010001001011
00000000001100001101100110101100
11100010110101100000001100111100
00000000011110100111111101101110
00110100001110100101110110001011
00000000010100100110001001110110
01011011000010001000111001010100
00000000000010000111000000000100
11111100001101001011011001000011
00000000001011000101110101111011
11111001111010101110101100011000
00000000001011001110011011011001
00110011100000000001101110001100
00000000010010001101101111010111
11101000111001001011010010100001
00000000011101001010010010110010
01011011001011011011000101111010
00000000011111110011110110011110
00000000000000000001101110001100
00000000010100110000100011100001
00000010010101011101001001001101
00000000001011000001111011110111
00100100100110010111101101011001
00000000010100000000000011110011
11001111011101100110101010101011
00000000001100101001111101001001
11011111111001000100110010000001
00000000000000000000000000000000
01110001001011010000001001000101
00000000011100001110010101001110
11011001110100110110011011001111
00000000000101100001000011110111
11001011010011001001100100000110
10000000001010010001011101011111
10011100010000001100001001101001
00000000010111011101001000001111
11100011110111110000010101100101
00000000010100100100100101100011
11001110100100001111001011101111
00000000001110100001011000000000
00010111101000001001001001001100
00000000011100101001011001010110
00001011010110010001000001100011
00000000000000100001100001110000
00000000000000000000000000000000
00000000001110001010010001000001
11110011101010000010111011010100
00000000011000010110011111010010
01011000101110110000001101011000
00000000010110110011001100110001
11100010001011111100101001101101
00000000000001101011011110000001
11101101101010110110011101000101
00000000000010010110011111100101
01001111101110101010111111011001
00000000011010001111100111010101
10010111010101010101111001011000
00000000001101001000101101001010
11110111111010101011000000100001
00000000001110001010100010110110
00110111110000100111100011011011
00000000001001100110111101010000
01110011100111100101100101111101
00000000010110101001111110001101
01011000100111001000101011101011
00000000000101001110110000101010
10100110100111010011111001000000
00000000011001010111100011111100
11110101110111011110000110100100
00000000010000011001011110110000
10000011000000111110001110110010
00000000000010110111001111101011
01001001000000011010001001101001
00000000010111111101101000111011
01010100101101100010001110011111
00000000001111100110101010101010
00100100110111010001010100111010
00000000010111000111001001010011
11000110100100111001101100101001
00000000011101101010110100101110
01101101101000111111101000010011
00000000000101110100100010100001
11100111000000110100011000011110
00000000000000000000000000000000
11110000000101001010010110011000
00000000010000101111111110110010
10010011111100111010101111001000
00000000000100000010100011011010
00100011000100010101001000010101
00000000001111111000001101100011
00011011101110110110100001000011
00000000000000000000000000000000
10101010000100011001111100011001
00000000000001101011100010000110
11011010100101100101000011010100
00000000011000100101111001110010
11100101001101010010110000100010
00000000000000001100001101011100
10001100000101101000110001010110
00000000011100000110010111010100
10110001001000011101100110001101
00000000010110000000101110010111
10110100110010011110111010110011
00000000000100111011110101111110
11101111000001000111101111101110
00011111110010111111010010111110
00011100100101001010110111001100
00000000001111100111000011111010
10000010111010111101101100110011
00000000011100100010001111100111
01110110111010011100100111001101
00000000001000001110100010010100
01111011001011110110000110011010
00000000000000000000000000000001
11100011000110001001110000110011
00000000011001001011110100000011
01100100010101111010100110001000
00000000000011011001000000101000
11000001110000010111101011100111
00000000000010001011101101100101
00000000011010000010110011100110
00000000000100000110011000110101
11111100001011111001011111110111
00000000011010001000101001010110
11111010100010001101000011111100
00000000010101111110000111110010
00010111000111110110101000101010
00000000001101100001011101010100
11100010000110001011111100110000
00000000001011000011000000001001
11110101010010000110110011011010
00000000011010101000110101001011
10001001111010111011110001011100
00000000010110010101001100100111
11110100110000101001111101101001
00000000000101100101110010001101
00111110001001011101010110111000
00000000010011111101110111000001
00011101011101010100110100101000
00000000001000101110000010100100
00011111101110101111011101010110
00000000001000000010100100110101
10101111100110011100101111111101
00000000000100110101001100001111
01111001001100011000000101110110
00000000000111010000001111101101
01100001001111000101101001101101
00000000000000000000000000000000
11101110011101110101111011101010
00000000010010000001010110100001
00100101001101011011110101100010
00000000000101001011101110101100
00110110111111101001011001100010
00000000001111101001010001000000
00111111110011111010111010110101
00000000011000100110001100011111
01111010110101011110011101001100
00000000000000000001011111110100
10110100111100111011011011111110
00000000000000000000000000000001
10010100111000001011110100101110
00000000000000000000000000000100
10100001101011000000100111100100
00000000011001001111011110010000
00111011100000101110110011010110
00000000001000101011100000001101
10011110101011001000001110111110
00000000011111100001010000101111
01000000110101001001101100111101
00000000000010101000101101110000
10101011100110001100011111110110
00000000010111110001011011110011
00000000001000110101011000000011
00000000011010010011010011110010
00001011101000011111101100111001
00000000000101010110000110100001
01000111110101010001111111011001
00000000010111101100010100101100
00000000000000000000000000000100
00000000000000000000000000000000
11000100110011011101011000011001
00000000011111011001110110000100
00000000000000000000000000000000
00000000000110011101001011110011
10001101100010011001010111001111
00000000001011011110000100011011
10011011111000110110101100101010
00000000001010011011100001110010
00000000000000000000000000000000
00000000010000111000111011111110
01111100100110100011011111001000
00000000011000101011000111000000
01100110111111110011111100001010
00000000000011111001011111000011
11010001101110010100101110101001
01110001000010111110011001110111
01001010111011111100011010001111
00000000001000001111010010001001
01000110000010010001011110101101
00000000001100011110010101000110
00000000000000001100100011011001
00000000010100010111001111110001
00111010100001010111010101100100
00000000000101111001001101111110
00000000010011101011100001011100
00000000010010000110000001101111
00000000000000000000000000000000
00000000010011101010010000010010
01101111011011011000101001010011
00000000011001100100101010011010
10011111110010111111010010111110
00000000010010010101000000000000
00000000000000000000000000000000
00000000001011001010000000011100
10110100100110001110001011000111
00000000000000000011010001111101
11111001101111011000001010011000
00000000000010011101000111110001
01010100010100111010111101100101
00000000010111110101011001010010
10000000010010111110111011010001
00000000011000010011001000101100
00000000010111011000101101000000
00000000001100001010100000100101
00010111100101111010110111101000
00000000011110001010101000110001
00010111001101010110100011100011
00000000000100110001110011100011
01101001111011001001010111101101
