01111111110000000000000000010011
01111111110000000000000000010011
01111111110000000000000000010011
00010100010100000010101000100111
00001001111001011000000111010011
00001000000000100000101111010011
11110110001100000010101000100111
11001111001000000010000000100111
10010110101000000010110000100111
11101110010000000010111100000111
11000111110000000010110000000111
00001001010111001000010111010011
00000001110111110000100111010011
00001001000010100000001101010011
11010100010000000010101000000111
00001001100010001000000111010011
00000001110001001000101011010011
11000100000000000010000100000111
00001000001100101000110001010011
00101010010000000010000100000111
01100110011100000010000000100111
01011100110000000010001000000111
00000111100000000010000010000111
11010111011000000010111000100111
00000000101001111000110001010011
00000000111010000000111011010011
00000001000000110000010011010011
00000001000110010000001011010011
00001000101111101000001111010011
10000010101100000010100000100111
00001000101010111000011111010011
00000001000001000000001101010011
00100000011100000010010000100111
00001001101101010000100101010011
00000000100000011000000101010011
10000011110000000010101110000111
11011100100000000010001010000111
00000001011001010000010001010011
01110101010000000010111010000111
00000000100011101000010011010011
00001000100100001000010111010011
00001000101010110000011111010011
00000000111100110000101011010011
00000001011001101000001101010011
00001000110110010000110011010011
11010100000000000010101010000111
00000000011111000000001011010011
01000010100000000010011000100111
00001000100100100000000111010011
00001000111101110000000101010011
10101011110000000010010100000111
00000001011010101000100001010011
00001001001111010000111111010011
10111001100000000010110000100111
00000001100001101000010011010011
00001000110000000000011111010011
00000001011010010000110111010011
01100110010000000010000110000111
00000000000011010000011001010011
00101101111100000010001000100111
10010110010000000010110010000111
00000001110011111000000011010011
00001001110111111000111101010011
00000001100110111000101101010011
00110000100000000010001000100111
00001000101100101000100001010011
00000001010000100000011111010011
11001111110100000010101000100111
10101101101100000010011000100111
00000000001010100000010101010011
11011010100100000010100000100111
11010011000000000010100100000111
01001011110000000010011000100111
00001001001010100000000111010011
00001001110001011000011001010011
10100010000000000010001000000111
01101110010100000010100000100111
11011011100000000010011000000111
00001000110000011000111101010011
00001000110110010000110001010011
01110100010000000010101100000111
11111100000000000010010100000111
01011000000000000010010000000111
00001001101111000000001001010011
00001001110111010000001011010011
00001001101101101000110111010011
10010010000000000010100100000111
01110110100000000010111010000111
00001001010110010000100011010011
00000001110000001000010001010011
00010010110000000010100000000111
11000011100000000010111010000111
00000000000110000000000111010011
11001011100000000010001110000111
00111001101000000010000000100111
00001000011011000000000111010011
11011001101100000010110000100111
00000000101011101000011101010011
00000001000010100000100011010011
10010110100000000010110010000111
00000001111101100000001001010011
00000001001110001000001001010011
00010101000000000010001000000111
00000001011100111000011111010011
00001001110001101000110011010011
00110011101100000010000000100111
00000001111000011000010111010011
00001001100100000000001001010011
00000100100000000010011000000111
00000101011100000010111000100111
11111001110000000010011010000111
10100001110000000010010000100111
00011001111000000010010000100111
01111111100000000010011000100111
00000010111000000010000000100111
00000000100101110000101101010011
11011010000000000010010100000111
00000001001011010000001001010011
00000001001010011000110101010011
10001011110100000010011000100111
10000010001000000010110000100111
00000001001000111000001011010011
00001000100111110000000101010011
10110001110000000010110010000111
11100101010100000010100000100111
00000000010101000000001001010011
00011001101100000010001000100111
00100110010000000010010100000111
11101111111000000010101000100111
00001000110001000000110101010011
00000000100011001000110011010011
00000000111000001000110111010011
00111011100000000010010110000111
01010111010100000010000000100111
01011111100000000010111000000111
11101100110100000010110000100111
00011000010000000010010110000111
00001001101101101000000011010011
00001001011001011000101001010011
01110010111100000010000000100111
00000000001010101000011101010011
00000000101010000000110101010011
00010110000000000010000100000111
01010010010000000010011010000111
10111011001100000010100000100111
00001000101011011000001111010011
00001001011010101000011001010011
11111100111000000010011000100111
00001000000001010000100011010011
00000000011111100000011101010011
00001001011110101000011011010011
00001001110101011000001011010011
00000001000001000000101001010011
00000001100001011000100101010011
00111100110000000010011000000111
01100100101100000010010000100111
00000001011111000000001001010011
00000000110101110000001001010011
00001000101110010000011001010011
11000111010000000010011010000111
11100010110000000010100010000111
10011001000000000010111010000111
00001001000110011000110011010011
10001110100000000010101000000111
00000001010101000000001111010011
00001001000101101000011011010011
00101110000000000010011010000111
11000110000000000010100010000111
11110011010000000010000000100111
11100010100000000010101000100111
00001000001001111000000011010011
00101011110000000010101000100111
00001001101110111000001111010011
01010101110000000010100000100111
00001000101011010000101101010011
00000001110001001000010001010011
10011001101100000010101000100111
11100010100000000010011000000111
00000000101111101000101101010011
00001001101011101000111111010011
00100010001000000010111000100111
11010101011000000010110000100111
01111011110000000010010100000111
00001001110000000010110000000111
00110011011000000010100000100111
00000001101010111000110001010011
00001001000010110000100101010011
00001001110011101000001101010011
01011011000000000010101100000111
01110100110000000010001000100111
00000000101101000000011001010011
00000001110100010000000101010011
00000001110010101000101111010011
00000000000111101000011001010011
00000111000100000010100000100111
10111000101000000010100000100111
10101000111000000010001000100111
00000001011100110000010101010011
00001000000010011000001001010011
10001110110000000010000100000111
10000100000000000010001000100111
00000000011010110000010001010011
00000001111001111000110001010011
00001000110010111000101001010011
00111100101000000010101000100111
10101111000100000010101000100111
01110111000000000010101110000111
00000001110101000000001001010011
01001010110000000010110110000111
00001000011110111000111011010011
00000001010101101000111001010011
10011100001000000010000000100111
00001000100011110000011101010011
01101100010000000010010010000111
00001001001000000000110111010011
00001001011100100000000101010011
11000101110000000010100110000111
01110000000000000010010010000111
00000000001001001000010001010011
01011001111100000010101000100111
11010110011000000010101000100111
00000000001010110000100001010011
01110010000000000010000110000111
00001000111000010000100101010011
11001101010000000010000010000111
00001000001111000000100111010011
00001000101100001000111011010011
00001000000010111000111111010011
00001001100110100000100111010011
00001000010101010000110001010011
00001001110110011000101001010011
00000000111001110000110001010011
00110101010000000010011000100111
01111011100000000010111010000111
00000000100100110000011001010011
00000001111000101000010101010011
00001001011000101000001111010011
01000100110000000010111100000111
01111101110000000010011000000111
00001001101110010000011001010011
00000001110010101000111111010011
00000000001111110000000101010011
00001000111001001000110011010011
00001000110000000010011000100111
00000000100111100000110001010011
00001001001011101000000111010011
00001000000010000000111011010011
10111110100000000010101000100111
00000001101100110000000101010011
00000001111110101000001001010011
00001000001111100000100101010011
00000000110010001000111111010011
10001010011100000010110000100111
10010111001100000010001000100111
00000000010110111000111001010011
00000000110110010000000011010011
01111000011000000010000000100111
10100101010000000010001010000111
01000100011000000010111000100111
00000001101000010000010111010011
11000000110000000010010000000111
01000110100000000010101000000111
01011001111100000010010000100111
00001000010001010000100111010011
00000000000110111000011001010011
00001001101100011000100101010011
00000001101110011000101011010011
00111110010000000010110100000111
01010000000000000010001110000111
00000000110000000000011101010011
00000001111111001000001011010011
10000101010100000010111000100111
01000110101100000010110000100111
00100000000000000010010000100111
00010010110000000010110100000111
11100001111100000010010000100111
10000111010000000010101010000111
00001000001011001000010011010011
00100010010000000010111110000111
01110011100000000010101000000111
00001001001010010000010001010011
01001100110000000010001000100111
00000000101100011000000011010011
00000000100011101000110111010011
00110010110000000010001010000111
01110011011000000010001000100111
00000001001101110000101011010011
00000000001000110000100111010011
10110100101100000010010000100111
00001000101001110000010111010011
00000101101000000010110000100111
00000000001011101000100101010011
00001000001010010000001011010011
10101000011000000010001000100111
00000000111000110000110001010011
00001001111001011000001011010011
11100010110000000010001100000111
00001001100110000000001111010011
00000001000110011000010101010011
00001000000001000000100111010011
01010111100000000010111100000111
00000000101000011000111001010011
00001001000011010000000111010011
00001001100111111000011001010011
11000111100000000010010100000111
00110001010000000010011000000111
00001000011001001000101011010011
00001000000010110000101001010011
00000000110110110000101101010011
00001001001001010000010001010011
00001000100001101000011011010011
11100000001000000010110000100111
00001000110000101000110001010011
11000110110000000010101110000111
00000001101011011000010001010011
00000000011101101000001111010011
11111001010000000010001000000111
10000101010000000010000000100111
00001000000110111000010101010011
10001111001100000010101000100111
10010110010000000010011110000111
10110001111100000010010000100111
00001001100101100000101001010011
01010001111000000010101000100111
11001001100100000010011000100111
00000001110010110000111111010011
00001001101110110000110111010011
11101101011000000010110000100111
10100000100000000010101010000111
10000110000100000010000000100111
11101100100000000010110000100111
00000000100000010000100011010011
01011010110000000010100110000111
11000100110000000010010100000111
10101100110100000010001000100111
00001000010100011000100101010011
11000111000100000010100000100111
00000001010001101000011101010011
01010001110000000010010100000111
00000001001001111000010001010011
01110110100100000010001000100111
00001001110110111000001101010011
00001000010101001000111111010011
11011111001100000010100000100111
00000001101000000000101011010011
00111001110100000010111000100111
00000001101010100000100001010011
00000000001110001000010111010011
00111110100000000010111000100111
10111011000000000010010010000111
00011000100000000010101110000111
00111010010000000010110010000111
00000001111101101000100011010011
00001000010101100000100011010011
00000001101000001000100111010011
00001001011110011000000011010011
00000001010001110000100101010011
10111101100100000010010000100111
00001000101011101000011111010011
00000000011000101000101011010011
00100110100100000010101000100111
00000000010011101000110111010011
10010010010000000010110100000111
00111000110000000010101000100111
00000001111011000000110101010011
00000001001011011000001011010011
01000111100100000010001000100111
00101000110000000010110000000111
00000001011101011000011001010011
00001001100000011000110111010011
00000000010001101000011101010011
00000001000111101000111001010011
00001001111001110000101011010011
00001001111001010000110111010011
00001000101100001000010001010011
00001110110000000010011000100111
00001100100000000010010110000111
10011100010100000010001000100111
00000001011100010000100101010011
00000001010101000000000011010011
00001000101000011000110101010011
00000001110000010000101101010011
00000001110111110000110111010011
11111100010000000010110100000111
00001000110000001000010001010011
00000000100110011000111011010011
00001000011000100000001011010011
00001001010011100000011001010011
11001011100000000010010110000111
00001001010101010000000101010011
00000000000001001000100101010011
11011011010100000010101000100111
00111000011000000010010000100111
00110010100000000010011010000111
01001010110000000010100100000111
00001001010100111000011101010011
00001001101110001000010011010011
00001000011110100000111011010011
10010101101000000010100000100111
10100000010000000010010100000111
00000001101001011000010101010011
00000000001000010000100011010011
11110100100000000010100000000111
00001000101110001000101101010011
11011101110000000010110110000111
00011110010000000010010110000111
00000000110010101000010111010011
00001000000010001000110111010011
00001001011001001000110001010011
01101101000000000010111000100111
00000000111100000000100011010011
10011011010100000010111000100111
01011010100000000010001110000111
10010100101100000010001000100111
01110101000100000010110000100111
10000011000000000010001100000111
11000110000000000010111010000111
00001000101110111000001101010011
00000001001001100000111001010011
01110111010000000010100100000111
10111110010000000010000000100111
00110001011100000010011000100111
00001001000111111000100011010011
10111001110000000010011110000111
00001000101001100000011001010011
00000001011111011000011101010011
00000000001111000000001001010011
00000001101001110000101101010011
10101110010100000010100000100111
00100110000100000010111000100111
00001000100100111000011111010011
00001001111110011000011011010011
00000000011010011000010011010011
00111101010000000010111100000111
10101100111000000010101000100111
00000000010000000010011000100111
00111011010000000010011000100111
10010111000000000010000110000111
11100100011000000010101000100111
00001001011101111000010111010011
01000111110000000010010000000111
00000101001000000010000000100111
00000000110110001000110001010011
11011011100000000010111000000111
00010000001100000010111000100111
11001110010100000010011000100111
11010111010000000010001110000111
01111010000000000010011000100111
01110000000100000010000000100111
00001001100110101000110001010011
00001001100010010000011101010011
00000000000111101000111001010011
10110001010000000010101110000111
00001001101111011000110001010011
00000001110010011000101111010011
00001001100011110000101101010011
01011001000000000010001100000111
01111101100000000010010010000111
00001000100001001000100101010011
00001000100010111000101011010011
00001001011101111000001101010011
00000000000010101000001001010011
10111011111000000010001000100111
00001001011010110000001111010011
10101010111000000010010000100111
00000001010101010000011001010011
00000001101110101000010011010011
00001000000111011000111011010011
00000001000001101000000011010011
00001000010010111000001001010011
00001001110101001000101101010011
10001001100000000010100100000111
10111100110000000010110100000111
00100111010000000010101110000111
01110110011000000010110000100111
00000001010111101000101001010011
01100000100000000010000100000111
11110000000100000010010000100111
01011110010000000010001000000111
00001001111001010000111011010011
11000110010000000010101000100111
00000000110101101000000101010011
01110011110100000010111000100111
00001001000101101000010011010011
00001000001001000000011101010011
00001001111111111000000111010011
01001001110000000010111100000111
00000000110001101000001111010011
00000000110011010000111001010011
00100011010000000010000110000111
00001001101011010000000101010011
00000000011000000000111111010011
00001000111011110000001011010011
00000001111011011000111101010011
00011100110100000010100000100111
10011111101000000010001000100111
10101110100000000010011000100111
01000001010000000010001110000111
11001101011000000010001000100111
00000101100100000010110000100111
00110100110100000010001000100111
00111000100000000010001000000111
00101101100000000010101110000111
10000110001000000010110000100111
00110110111000000010011000100111
00000101011100000010101000100111
00001110100000000010001000000111
00000001011100001000101111010011
11110011011100000010010000100111
00000000110100101000101101010011
00001000100110101000101001010011
00000001011011100000100001010011
10001010110000000010000000100111
00001001111101001000111011010011
10100011100000000010110110000111
00000001000011100000100001010011
01010101010000000010001110000111
11101100010100000010011000100111
01111100010000000010110000000111
00000000010000010000010111010011
00101101000000000010001110000111
00000000110111011000101101010011
10000101010000000010001110000111
00001000101010100000001111010011
00000000000010001000000111010011
00000001001000001000100101010011
00001001001010000000001001010011
11010110110000000010010100000111
00001011010100000010110000100111
00011111101000000010110000100111
10111010100000000010010000100111
00001000000010000000001101010011
11011000010100000010001000100111
00000001100010001000011001010011
00001000111111001000111011010011
00001000100100111000010011010011
00011101100000000010110010000111
11000010010100000010101000100111
00001001000001100000110001010011
10011111010000000010001100000111
00000001110011001000001001010011
00000000011001101000101001010011
00000000011100111000100101010011
00000001011111010000000011010011
00000001111101001000111101010011
00001000000100010000101101010011
00011110100000000010101110000111
00001000100011100000110001010011
10100010001000000010101000100111
10100111011100000010110000100111
00000000111010110000110001010011
11010010100100000010100000100111
00001001111100000000000101010011
11010101100000000010011000000111
00001001001010110000010111010011
00001001000111001000001101010011
10110111100000000010110100000111
00000001000011011000001011010011
00000001110110000000001011010011
11001101101000000010111000100111
00001001010011110000100111010011
00001001110010010000010111010011
00100111100100000010011000100111
00001001011001111000011001010011
01110011010000000010000000100111
11001000100000000010111100000111
10110001000000000010000100000111
00000001100001000000110111010011
01001010000000000010101000000111
01011000010000000010101100000111
00111110100000000010001000000111
00001001010101010000111111010011
00001000100000000000101101010011
00000000100010010000111111010011
00000000111001010000010111010011
00000000110100000000011101010011
10110100010100000010100000100111
00001000110001010000111001010011
00000001100001101000110001010011
00001000100000110000010011010011
01100111100000000010010000000111
00000000011100010000100011010011
00001001010010100000100111010011
01101101010000000010110000000111
00000001110100111000101011010011
10010101010000000010001100000111
00001001001100011000101001010011
00001000010001000000001111010011
00001000011101100000011001010011
01101011111000000010010000100111
10101001100100000010110000100111
10011110010000000010010110000111
00010000000000000010110000100111
11001001110000000010110100000111
10001011100000000010010100000111
10110111100000000010100110000111
00001000011101100000100111010011
00000001100111001000110011010011
10111100101100000010100000100111
00100010010000000010010110000111
00011001101100000010101000100111
00001000101000111000011001010011
10110010000000000010110110000111
00001001011110101000101011010011
00001000011110111000111111010011
00001000101001111000100101010011
00000000100010101000100101010011
11011001000000000010011100000111
00000000110101110000111001010011
11000010100000000010010010000111
00000000100011010000111011010011
10000011010000000010101000100111
00000001110001011000100001010011
11011110111100000010011000100111
00111101001000000010110000100111
00000000110010111000000011010011
00001101010000000010111010000111
00001000011101100000001111010011
00000000110011101000100001010011
00001000111111011000001101010011
00001000110110111000001001010011
00001001001000011000001111010011
00000000111000100000111011010011
00000000001000110000110001010011
00000000101000110000010111010011
11110011100000000010111000000111
00001001011011111000111101010011
01001110100000000010111110000111
00111000110100000010100000100111
01100001100000000010010000000111
10001111110000000010101010000111
11010001110000000010100100000111
00011001011000000010000000100111
01010011110000000010100000100111
11101010110100000010000000100111
11011011000000000010011110000111
00001000100001101000111001010011
00001001011011111000111011010011
00110101101000000010100000100111
00000111010100000010110000100111
01001001110000000010001000100111
01011000111100000010000000100111
11000000011100000010011000100111
01110011001000000010111000100111
00001001110101011000100111010011
00001001011111000000000111010011
00000001011110111000100001010011
00001000011000100000001011010011
10000000110000000010000110000111
10000011111100000010011000100111
00000000010011000000010001010011
00000000000000011000011001010011
00001001011000100000110001010011
01111110001000000010010000100111
00000000010000000010000000100111
00000000010010011000110011010011
00000001100001101000000101010011
10010010001000000010111000100111
11001011000100000010001000100111
10111011000000000010111100000111
00000000100011111000101011010011
00000001110100110000101101010011
00000000000111101000011001010011
00000000001101011000101001010011
00000001110001110000010111010011
11011111100000000010001100000111
10100001011000000010001000100111
00001000100011111000001101010011
00000110100000000010010100000111
01000110100000000010110100000111
00000001011100110000010101010011
00001011111100000010100000100111
00001000101010011000111011010011
00000001111100100000101101010011
01001100000000000010111010000111
10001011111000000010101000100111
00001000010100111000010111010011
00000000010100010000011101010011
00101101110000000010111000100111
00001001110111101000100011010011
01100011100000000010110010000111
00001000000101101000110001010011
00011000010000000010001000000111
00001001100001010000101101010011
00000000100000000010100110000111
00110010110100000010001000100111
00001001101110111000100011010011
11011100111100000010101000100111
00000000000111011000101111010011
00001000010010010000011101010011
11111001001000000010001000100111
00101101110000000010011110000111
11011011110000000010010010000111
00100001010000000010100010000111
10000011111100000010101000100111
00001000101100000010111000100111
00001001001000110000011001010011
10001101101000000010001000100111
00001000110101010000010111010011
00010111100000000010110110000111
00111100010100000010111000100111
01110100010100000010001000100111
00001001011010100000010001010011
00001001011100001000000101010011
11111100010000000010111000100111
11110111000000000010000110000111
00000001000000110000100001010011
00001001100110111000011011010011
11000111100000000010001000100111
11111110000000000010110010000111
00110100110000000010110000000111
01011101110100000010111000100111
00101010100000000010111010000111
00000000110111111000100111010011
00001001100110110000100101010011
00001000000100010000101001010011
00001001101110000000111101010011
01101101010000000010001010000111
11001111000000000010101100000111
10111000000000000010100000100111
00000001000110011000110101010011
00000000100001010000100101010011
01110100001000000010101000100111
00000001001101101000010111010011
00000001000101100000000101010011
00000000101000000000001001010011
00000000110011001000101011010011
00111000100000000010000100000111
00000000001010010000001111010011
00000001011100010000111011010011
11110000111100000010010000100111
10011110001100000010101000100111
00111111010000000010101100000111
00001000000000101000100101010011
11010100010000000010000100000111
01001011010100000010011000100111
00010001100000000010110110000111
11011001100100000010101000100111
11110010110000000010110000000111
00001000001001100000101101010011
00001000010110000000101011010011
10111100111100000010010000100111
01001110101000000010010000100111
00000001011000111000010011010011
00000000001001011000001111010011
00000001110001111000010011010011
00001000101011111000010011010011
00101111100000000010100110000111
00000000110001000000100001010011
01010000000100000010011000100111
01110101000100000010111000100111
00001000101001110000111111010011
00000011111000000010000000100111
00000001101011000000110001010011
00001000000011101000111001010011
00000001010000000010101010000111
11110111011100000010011000100111
00000000101101100000110111010011
00001000010011100000001111010011
00111100000000000010000110000111
00001001010101010000001111010011
00000000111111100000100001010011
01101001110100000010011000100111
00001001101101111000001001010011
11100100100100000010100000100111
00001000110111111000111011010011
00111111010000000010011000000111
00000000010000111000100011010011
01011001000000000010110010000111
00000001001000001000100101010011
00000001101100110000100101010011
11101110000000000010111000100111
00000000011001001000000101010011
01000010000000000010000110000111
11001001000100000010000000100111
01100100110000000010111010000111
00001000010011000000000111010011
11111101010000000010000000100111
00000001000011001000011101010011
00001001111001110000100001010011
01111100101100000010100000100111
11100001010000000010010110000111
01111010110100000010111000100111
11011011100000000010010100000111
00001001001101111000001011010011
10111100111000000010011000100111
00010110111100000010100000100111
00000001100100111000010111010011
01010101110100000010000000100111
01111100010000000010011010000111
00000001101100011000110011010011
10110011110000000010001100000111
00001001011101001000101111010011
00000000000001101000010111010011
00000001100100101000011011010011
00000000001110000000010001010011
10000000110000000010001000000111
00001000110101101000011101010011
00001001101000110000100111010011
11100010011000000010001000100111
00000000011011010000110101010011
00001001010101101000000111010011
11001010100000000010100000000111
11000110001000000010000000100111
00000000010001101000010011010011
00101100001000000010000000100111
00001001110010101000011111010011
00011110111000000010000000100111
00100000100000000010111000100111
00110110001000000010000000100111
00100001000000000010100000000111
00001001010101010000011011010011
00001001110101011000111011010011
00000001011101100000000011010011
00001000111010001000010001010011
10010010101000000010000000100111
00001001100011001000011001010011
10001101100000000010101110000111
11001010000100000010010000100111
00000001101001011000001101010011
00000000100100110000011011010011
10101100011100000010001000100111
01110000000100000010110000100111
00000000001011100000011001010011
00001001000001110000100011010011
00001000000111100000110011010011
11010001110000000010101100000111
00001000111000100000010111010011
00001001000000000000101011010011
10011011100000000010111110000111
10001101101100000010001000100111
01001101010000000010001010000111
00001000001000101000110001010011
00000000011100100000001011010011
01011011110000000010100000000111
00000000001101101000110111010011
00001000110011111000010011010011
00000001011001100000001111010011
00010111100000000010000000100111
00001000001011011000010011010011
10111010010000000010111010000111
00001000100011111000011011010011
10111111001000000010011000100111
01111011010000000010100010000111
00001000110111100000010011010011
11110001000100000010111000100111
00001001010111001000000101010011
00000001100101000000110111010011
11010001101000000010011000100111
00000001100101111000111101010011
01001100011100000010100000100111
00000000110001101000100101010011
00001001101001101000111111010011
10000000110000000010100010000111
00001000001110100000100101010011
00000001101110010000100001010011
01010111100100000010110000100111
11100011111100000010100000100111
01110101110000000010000010000111
11100010010000000010010010000111
01000100101000000010011000100111
01010010110000000010000110000111
10111100110000000010001010000111
00000001110100100000110001010011
01110100010000000010000000100111
10100101000000000010111000000111
00001000010101001000100111010011
11100101000100000010000000100111
11101001100000000010011000100111
11111100010000000010111100000111
11001101100000000010011000100111
10111111010100000010101000100111
11000100101100000010001000100111
00000001101110110000010111010011
01000111100100000010111000100111
00001000001101100000001101010011
11001111010000000010100100000111
00111110010000000010111000000111
00000000110111110000111101010011
00001001010001011000000101010011
00001000100011010000001011010011
00000000011011110000000101010011
00001001111011010000001111010011
00111010111000000010101000100111
00001110110000000010101110000111
11011110010000000010100010000111
00001000010001001000011111010011
00001001010010001000001111010011
00000001111000011000100101010011
00100001000000000010001010000111
00001000110110000000000101010011
11101100110000000010101010000111
00000001111101100000000111010011
10110111010000000010111010000111
00000001010100011000110001010011
00001001110101010000010011010011
00000001011000101000001111010011
00001000010010001000010111010011
11011111010000000010001010000111
00001001100100000000111001010011
00000001000111101000111001010011
00000001001111000000100011010011
00000001000111101000111001010011
00001001010010010000100011010011
00000001010100100000001011010011
11100010100000000010111010000111
00001000001100011000001011010011
00001001110101010000110101010011
00000000111100101000000011010011
00001001101111010000101001010011
00001000010111001000001001010011
00000001110000111000000111010011
00001001111010001000001001010011
00000001100000101000001001010011
00000000011111101000100101010011
01110111100000000010001000100111
00111101011000000010101000100111
00010111100000000010111000000111
11111001100000000010000110000111
00001000110010110000111111010011
00001001001011001000001011010011
11000110010000000010001110000111
00100010000100000010111000100111
00001110000000000010110000100111
00110111110000000010010100000111
00000001100011111000000101010011
00000000101100000000100101010011
00001000110110010000000111010011
00111000000000000010011000000111
11011011101100000010111000100111
00001000111101100000111101010011
11111100001000000010101000100111
10111010100000000010010110000111
00000001101001000000001011010011
10111011000000000010101100000111
00000001110111100000001101010011
00000000000111000000101011010011
10010011011100000010100000100111
00001001100100001000000101010011
00001000111001100000100011010011
00000000100010011000100011010011
10010000110000000010110000000111
11110011010000000010111110000111
00000100110000000010100000100111
00001001111011000000001001010011
00000000101000100000101111010011
01000000001000000010110000100111
10001010100000000010111100000111
00001000000111001000110111010011
00000001001100000000110011010011
00000001000011000000100011010011
10111011111000000010110000100111
11100110000000000010011110000111
00000001011100010000110001010011
00010011010000000010001000100111
10011111100000000010000000100111
00011000101000000010111000100111
00000001111101011000110001010011
01100101011000000010011000100111
00000001101101011000100101010011
01100100000000000010110110000111
00000001101011011000101101010011
00000001001001010000001101010011
00001001010011011000111111010011
11110011000000000010000100000111
00010010011000000010001000100111
10000011000100000010110000100111
11011011110000000010011110000111
10111000110000000010100010000111
11000010110000000010111010000111
00001001111101100000100111010011
01111101101100000010100000100111
00000000001000001000100111010011
00000000000011110000110011010011
00011001000100000010110000100111
11000000011100000010110000100111
00001000001011111000100001010011
00000000011101110000000111010011
10010011100000000010000000100111
01101011111100000010101000100111
00001001001111111000010001010011
00001001111100100000110001010011
00000111010000000010001110000111
00001100010100000010000000100111
00111111100000000010111010000111
00000001001101010000110101010011
10110100001000000010101000100111
10001011100000000010011000100111
01101000010000000010101110000111
00001000101011110000100011010011
00001001100000101000100111010011
10111000011000000010111000100111
00000001101100011000111111010011
00010101010100000010001000100111
00000000010100010000001101010011
10010100000000000010011010000111
00000000111111001000010101010011
01110100010000000010100000100111
00000000110110010000111111010011
10010100110000000010010000000111
11001111111000000010010000100111
00001011101100000010110000100111
11110100100000000010000010000111
00110110101100000010101000100111
01110100010100000010101000100111
00001000110010110000000011010011
00001001100001101000101111010011
00001000111011000000010001010011
00001000101001111000010011010011
00000001101011010000110111010011
00000001010111101000101011010011
00001000011001100000100011010011
00101010001100000010000000100111
01011100000000000010111110000111
00000001110111111000110011010011
11101000010100000010100000100111
10011110100000000010101010000111
01010010101000000010001000100111
00001001000110111000110101010011
00000001111000100000011101010011
11101000010100000010101000100111
00000000010111001000111101010011
10111000100000000010111010000111
00000000000000000000000001110011
00000000000101011101011011010101
10101000100001000100011000100110
00000000001000000001000000111011
10000100111101111101000011100101
00000000011000011010111000011001
01000010100110011101001011011011
00000000000110011010000000010111
11110001111101100101100101010101
11011110000110010011011011101101
00000000000000000000000000000000
11011110000110010011011011101101
01110110101101010101011010001111
00000000010000111100110100010111
10001001101010100010010101010111
00000000000000000000000000000000
10011100001111100110011101111000
00000000011110100010111111100011
10111001010111011010101111011000
00000000001011000111100010011011
01001110101001000011110011010110
11011110101110010101111110011111
11011110101110010101111110011111
00000000010011010011100000100010
10011011000000011001111001011100
00000000000000000101111010010011
01101010100011100110101100111001
00000000001001100101110110010100
00000000000000000000000000000000
00000000001110111101111100110010
10010001111000010001101111111111
00000000000101111111101110110011
01100010011100010010011000110110
00000000001101010101010101101001
10100111011100011111100000100111
00000000011001101100110010101010
00100110011111000010100010110000
00000000010000101010011110011110
11101001010100000010110001001010
00000000000110111001011101100101
10100001001101110101010011000111
11110110101101010101011010001111
01100110110101000010100100101100
00000000011010110110100110101010
00101001101010001100101101000100
00000000000110000001110111111001
01101100011010100100111101000100
01101001100100011110000100001000
11010111110000111111110000000000
00000000000010001001101000100010
00000000110101011100001111011000
00000000001111111100100001111011
11000010011100111111111111000000
00000000011011100100101100011111
11110101010111000011100001100001
00000000011011100110011000011000
10011110001100111101110001100011
00000000000110111011100011100101
11111100010101101011010001110011
00000000000000000000000000000000
00110111110001010000010000001000
00000000001100101011100001011101
11111010100111000110110001001010
00000000000100110000001101100000
11110100101101111001000000110001
00000000010110101101101010010010
10111000010000001111101101000111
00000000001111011100100111110000
00010011110001010101110101110011
00000000000010011100110110011000
00000000101101101000010111010001
00000000010010011001111001110010
10000100000101110010001011010001
00000000010011011001001010011010
11011110101110010101111110011111
00000000011101101000000111011000
11101101101110011001111110101110
00111011100101010111001101011000
10110010100000011001100100001001
11101001010100000010110001001010
10001001011100000110001101000100
00000000010011101111000100110011
00000000011011011000100100001110
00000000000001000001101001011000
11101001100110111101000100101011
00000000011101011000011100001100
10000110011100110101100111011000
01001000101010111010011010001110
10011011000010011100110000010001
00000000010100111100011111001101
11011010000101001011111110001110
00000000000010001101011101101001
00000000000000000000000000000000
00000000010000100101101000011110
10100001000110011010100010010010
00000000001000100101000111011011
10110111011010001101101101011011
00000000001001110111000110111110
11001000111010011011010011100001
10101001101010001100101101000100
10010100011000101110000011101001
00000000011110001011111100110100
01110001111011000101101100010101
00000000000100111110010001100001
10001100011100111001110000001010
00000000000000000111110000100000
10100000001011111011110101011100
00000000011111000001100011010111
10100001111000100111000110010101
11101001010100000010110001000100
00000000000110111011100011100101
11101001010100000010110001010000
10010100010011010011001110111000
00000000011001011010100100001101
00001101100110110010011100000100
00000000000101101111100011001000
10011011110111101010011001000010
00000000010100110100001110111110
11101001100100011110000100001010
00000000010100010001110100100011
11101111010001110110101001110111
00000000010101111111111110110001
10001101110011000001111100100000
00000000011000001000010101001011
00111001001010101101010101100100
00000000010110011001101000100100
01111001100110111100101111001101
11011111010111111010110101011010
00000000000000000000000000000000
00000000011011101110110011011110
11010001101011011101010010101101
00000000010000001000100001000011
00011000110100111100110100010101
00000000010111010111111101111001
00000111000101100110001111011001
00000000011000010010101000110010
01001010010001011100111001101000
00000000000100100100000111011111
00110111100100110001101101011100
00000000000000000000000000000000
10010000010000110010110010111100
00000000010010000111011010001000
11101011000001011101110110001100
00000000010111101000011010011001
11100010001000111010000010000100
00000000010011010011000000101000
01101010111100101010010001011100
00000000010000010101101010001011
01001100000110010001001000000110
00000000000101011001011111111101
11111100101001111000100010111111
00000000000010010111000001000110
01101111000101110100010110001011
00000000001100111010011010110101
01101101000100010100000000011111
00000000001001110010011110101100
00111011100101010111001101011000
00000000000010000011011010000101
00110100010100100011100000110110
11001000111010011011010011100001
11001000110010010101010111100101
00000000001000000111100100010000
10010100001100000111101100110110
00000000011010001111111101110101
11010001110110011101111011010000
00000000010100001110111111110001
11101101101010001100111001100110
00000000011111100011000010101110
01101001010100000010110001000100
00000000001111110101100011000111
01110000011101111001000011010111
00000000010111011010000011000010
00111001000110001110001110011010
00000000000010110010010110010011
11010111110010101100011001010001
01011111000100110001010000011111
11111011001101100100000111000111
00000000000000000000000000000000
11100010111000000111011101101110
01101001110100000010110001000001
00011101110110110010001111101110
00000000011010101110111100010110
10110110101110110110110101100010
00000000011000010111011011100100
10101110100101011001101111101111
00000000010110001010011111100111
11001001011010011011010011100001
10100110111111001010010011011010
01010010111001111100010101111100
00000000000110010001110000001101
01111110000110111100101011011111
00000000010011101000101001001011
00000000001101010100000001101001
00000000010011110001001001100001
11011000000011101101100111100010
00000000001111010000110000100011
00101010101000111111000110000110
00000000011111000100100111010100
01001010101111111110001100110000
00000000001100011110000100100011
00001111110000101001011001010100
00000000010000111001100011000011
11100010110000101100101011001100
00000000011111111110001000111111
10110010110000111001010010000001
00000000000000011111111001110111
00100001000100100010100000110011
00000000001100100001000001110011
00000000011010000110101110101100
00000000000111100010101011010110
11101001110100000010110001010000
01001111100000100100010001100100
00000000000101000010111001000110
00000000001011110111101101001000
01000111101110001011011100110110
00000000010110000000111000111101
10011101010010010000010111011111
00000000010100100110111001100011
01101000110000111111111110101011
00000000000010100111010000101011
11010001001100001011100111000101
00000000000111100001100011101000
10110000101010100110110100011101
00000000011100011100001111000001
11000001111011011111100011011011
00000000011100011111110111110101
00000000000000000000000000000000
00000000010011110100111010110011
00000000000000000000000000000000
01101001100100011110000100001010
00111101111101110001101100010001
11001001000100111110000110011010
00000000010110001010011111100111
00000000011111111101111010001100
00000000011010110110100110101010
00000000011010111000100011100111
10100001001101110101010011000111
00000000011011110111010011001010
00011100111000001011000000001000
00000000011111101101000011101011
01110110101101010101011010001111
01110110101101010101011010001111
00000000010100010001110100100011
00000000000010000000000110010110
01101000001110101110101111111111
00000000001011011011000010100100
00000000001101011101101010111111
00000000011110010011011010100100
00001100101010000110100100100110
01101001100100011110000100001101
00111001110001101011100101011110
11110000101110011000010110101001
01000011110001000011001011101001
00000000011011111110110100011101
10110111001100111011000010111101
00000000011000001100101000010111
01110110001010001011111100011000
01101001010100000010110001010110
01101011110000001100110111011011
00000000011011110000011011110000
11101001000100011110000100000100
00000000011010110000101000110001
01111111000010001001111011000101
00000000001010101000111110011000
11011111111000110110111111010111
00000000001111100110001101001100
00100101000101111111010001001101
00000000001000000100010001110110
10101001101010001100101101000100
00000000011001101011111111100100
01101111011100000101001011100001
00000000000101011101011011010101
10101110000010001010100000001101
00000000010001100110111111011111
10110000010011111000110011100010
00000000001100010000010001110001
10100101100011001111111110011000
00000000000110111000101010111011
11011110000110010011011011101100
11101001000100011110000100000100
10111010001001010100010001111000
00000000001111010000110110010111
11001001011010011011010011100001
00000000011100111100101110100111
01101001010100000010110001000100
00000000000110001110100010111111
01110110101101010101011010001111
00000000010000101001001001000011
01000011110110010101101010101001
01011110101110010101111110011111
00000110010000110101000110001000
00000000011001110110110100111110
01011001011010010100011100000010
00000000001110011101110000101011
10000101110011101110100011110011
11101001010100000010110001010000
11101001000100011110000100010000
00000000010001101011101110001010
10100000111100111110111000000110
00000000010101010111000111100011
10011000010101000011000100010000
00000000011001000110111000010010
11100010010111101100010101001011
11101001110100000010110001000111
01100000110110110001101111111111
11001001000100111110000110011010
01010001010001010010011111111100
00000000000010000100111111111001
10111010010110010011011111111011
11010001001100001011100111000101
00000000000000000000000000000000
00000000000011001001100110001001
10100001001101110101010011000111
11001001011010011011010011100001
11110011110000101001100001001011
00000000000010101010101011000011
01010000101010011011011101101010
00000000011000110101000010001000
11100110100101111001110100101100
00000000001001011011001011101000
10100111101101110010100000011111
01101001000100011110000100000010
01111000100000100011010001001010
00000000010010001000011000111011
01101100010011001100001010000010
00000000011111001100010100110110
11000100100111101011011000000101
00000000000101010110101110111001
11001001001000110101000100000100
00000000011000101110011100001000
11101001010100000010110001010110
00000000011100000111000011110100
10011000110111000010110101011111
00000000011101011010000110100010
11000111111110000011100101001110
00000000010111101000111011011011
11011101010101100010010001101111
00000000011111001100101101000100
11010110100011101000110101100011
00000000000111011101101111111100
11001000111010011011010011100001
00000000001010011000001010101101
01011111110001101011011001100110
00000000011011010010111000111011
11100100110000000101000000100011
00000000010000011100110110001011
10100100110110101111011010000011
11001000111010011011010011100001
01101000000000000000011011001110
00000000000000000000000000000000
01100011100011100111000100010000
00000000001000000100010001110110
10100000010010010110111001101100
00000000011001110001000101110000
00111001000000010011101100000101
10101101010001111101101110000101
00000000000000000000000000000000
00000000010100101111110010000011
11100010110111110001011101001000
00000000000001001111011111101111
00100000010010000011010010101101
00000000001001100111000111100100
00000000000000000000000000000000
11101001010100000010110001000100
01011110101110010101110011010111
01110110101101010101011010001111
10101110111110100100011111010010
00000000010100110101110110001101
10100010100001100001110001001111
00000000011001011011100010100010
10001110011000110010011111010101
00000000000000000000000000000000
00101001101001001111111110110111
00000000000100011110100110111010
01101110001011100110001010110100
00000000011000011011110111100111
01110101110111100010000111001011
01011111001110010101111110011111
00000000011100100001110101111100
00000000000110110101111101000100
00110110110000110101001000001001
00000000010110001110001101110011
11100001010100001101110111000000
00000000001010000001001010100010
01011110101110010101111110011111
00000000010101100011001100101001
01001110100000100101001100101110
00000000001001110111001110111100
00000000000000000000000000000000
00000000000010001110000111000100
01110011010001101110110000000001
00000000000000011111111001110111
01011010100111001101000000111001
00000000011101010111000010110001
11110110101101010101011010001111
10000000011010110110100110101010
11110011000001010111010100110100
00000000000001110101010010101000
00000000000101011101011011010101
00000000000000011010111110001010
11110010110100010100101111001111
00000000001101111011011101000001
11011111001110010110000111011010
01101001010100000010110001000100
11010100100011110010010101010011
00000000000000100111100011100001
01001110100011001101010010000010
00000000001000101000100110111011
01110010010011111110001110010000
00000000010010000001110100000110
01111000010111111011011100000110
00000000010111100011100010001010
01001001100001001101101000110000
00000000001110110111101111100010
00001111100100110011100010011111
00000000010011111011111000011001
10001101100100001111110101000001
11001001000100111110000110011010
01110110101101010101011010001111
01110110101101010101011010001111
00001111010000000011110001000101
00000000011101101111111101010100
00000000000000000000000000000000
00000000000101011100001111111011
11000010011010010111110000111000
00000000011000001110100100011011
11010100110100001011110111000100
00000000000101101101001110000010
11000011101010000111111100011110
00000000000010011000001000001100
01101111110101100011000000111111
00000000000011101110111100111001
11010101100110111001010110000110
00000000001000000100010001110110
11111100011110011000111001111100
00000000000000100101110110001001
11001001011010011011010011100001
00000000001010111101101100111011
10001101001100001011111101110000
00000000011010110110100110101010
10001100101000110111010110010100
00000000000100010010001001111000
11010011110011100101011010010010
11011110101110010101111110011111
11110001111000110000111111000111
00000000000000000000000000000000
01000101000010110100111111000000
00000000010101010110110000011000
01110110101101010101011010001111
00000000010001101100111011000111
01000111110111110011000011101101
00000000000100000111011100001001
11010010011000011110111000010111
00000000010111110110101011010001
10011110001100111101110001100011
00000000011000100000010101101000
11000000101011010101001100000101
00000000011101101111110110011001
01001111100000100100010001100100
00000000010111011101110111101010
01010110010111001011001110111110
00000000011111110011000001100101
01000111010000011101011101110000
00000000000110010110111001010101
11000000101011010101001100000101
00000000011110011001000000001010
00000111101001101110111100000110
00000000010010100101110101111100
00101101111000100010110011010101
00000000001100100111100101101001
11010011011101110010010100001000
00000000011001001010000011100011
10000111001111100010010011010111
01101001000100011110000100000100
00000000011000001000010101001011
00000000000000000000000000000000
10101110000100110100101111001111
00000000011100111000100011100110
01101011010010111000100000011001
00000000011111001100010100110110
10011110100110010111101100101101
00000000001101011110101011011000
10111001001111111011100011010110
00000000001101011101101010111111
00110100000001110110100001000001
00000000001100001100110110111000
01110111010010101010001110011001
00000000011111110111100000111100
11010110011110001001001100100000
00000000011110001010011111101111
10111110001100011010110101101000
00000000010110111110000010110001
11010100110101001110001111110100
00000000011011011000001101001110
11101001000100011110000100000100
00000000011011011000100100001110
11001110011011111011000000001000
11011110101110010101111110011111
10011111000000000001101000011111
11110110101101010101011010001111
01111011111000001010101010000110
00000000000000000000000000000000
10101101010001111101101110000101
00000000010011101101101100111101
10011111011110111110011110100100
00000000011001000011011100010101
10100100000101100000000111101000
00000000001010111100010001111011
10001000011001001101001010100001
00000000011011101111001010111100
00111011100101010111001101011000
00000000000000101011011000111100
01111000010011000010000000100000
11101001110100000010110001001010
01110000101011110100000110011001
00000000011001100111111011110011
00100110011011011110001111100000
00000000000111011100101110110000
01011111000100110001010000011111
00000000011111111000000001110111
10111100111011111001001100110001
00000000011011100001011010110111
01101100001100101111100111001010
00000000001110000101000100000110
11100001100110111101101100001101
00000000001011110000111100000100
00000000001100110011101001000110
00000000001111100001100111000001
01010110101011101010100011110010
00000000010001101110101000011001
00000000000000000000000000000000
00011111000111100000111011011111
00000000001100111000101011101010
00000000010000111100110100010111
00010001110111000110010100001011
00000000010101111000111000011001
11000010111011111110111110000100
00000000000101110010101101101010
10100110111111001010010011011010
00000000000100010111110011110111
00000000001100101011100001011101
00000000011100100111110011110011
10011100000101110110000011001001
00000000011101111100010111000111
11111000011101100011000111101010
01011110101110010101111110011111
01000100101101001010011111011101
00000000001000111011110001110000
10011101110111101101010111111101
01101001010100000010110001001010
00110001011011010111101011100011
00000000010000111110101111110000
00111111101010000010000001000001
00000000011110111111101110110111
11011110000110010011011011101101
00000000001111101000000100100010
00011000100101110111000111010010
00000000000000101011011110011111
01110110101101010101011010001111
00000000011000100111110101000110
01100010111110011000001111100010
00000000001110100010110101110100
01010101101011010110111010111100
00000000010001111101010111011000
00001101111001000011110100010000
00000000011010001111101001100001
01011001111010111011100101101000
00000000010111000010010000110111
00010010001111010011110101000011
11011110101110010101111110011111
00001011110110010111010011011000
00000000000110100111001111101110
00000000000000000000000000000000
00000000000100001100010110110110
01100111100001101001001111011111
00000000010011000100100110110010
11100110101010010100001100011110
00000000010110110100111010011101
00100111011101110011100100001101
00000000011100101111110100000100
00000000000000000000000000000000
11011010000101001011111110001110
10000000001000110111001000010000
01101001100100011110000100001010
11001000010101101010111010000110
00000000000010100111100001100111
01110101101100010111110001110001
00000000000101000011010001011001
11011000101101000110000111000001
00000000010101101010100100001010
11101101000111000010001101100010
11110110101101010101011010001111
01000101111100011110000000101001
00000000001101001101011100111111
11011101110001000001110101100000
00000000000000000000000000000000
11010101111000111001000111111100
00000000010001010111001000000000
01011110000110010011011011101100
00000000011010111001101111100011
11101111100111001000101001000100
00000000000100110110011001010100
01110110101101010101011010001111
00000000011000010011010111111100
00000010101110101000010101100111
00000000011010011011000100001001
10000000010110001010011111100111
00000000000000000000000000000000
11011110101110010101111110011111
00000000011001111010110100100011
01111100110110111101110110010111
01000000101011010101001100000101
00000000011100011111110111110101
00000000001010111010100100100110
01100111000100011101110100001001
00000000010110000001101011100100
00000111000000011011011111010100
00000000001011000010011001100001
11001011010011100101110101011010
00000000000101011000101110111010
11101000101011101000010111110110
00000000010111100100101100111101
01001001110001000101011100101110
00000000011111001010011111110100
01101011010000000011101001101101
00000000010000001100100010010001
00000000000000000000000000000000
00000000000101010010101100000110
11010001110110011101111011010000
00000000011010101101010101010011
00000000000000000000000000000000
00000000011100110011110110001000
00111011100101010111001101011000
00000000000101111000100101010000
10001011101000111010110100011011
00000000000110010110001110010110
00000000010100010001110100100011
00000000000100111111101100001000
10001111100101000110010101110011
00000000001011100101100001001011
00000000000000000000000000000000
00000000000001100000111100100100
01110000101110011000010110101001
00000000010011011111010101100101
11100101010111101010111011010000
00000000000000000000000000000000
11001110011110101011101110111010
00000000001101010100000001101001
00000010011010000100100100010011
00000000001100001010000010011010
01111001100111011000111001100001
00000000011100011101111001111111
11010010110101111101000111101010
10000000000100111101100001011110
11111001011000101100010110100011
00000000010110000111100111110111
01001011000111000000100001111001
00000000001101000000001000100110
00000001010101111010110100010100
00000000011001101001000000101101
10011010011111010001011011010000
00000000010011110011101011001001
00001010101001011101010101000011
00000000010111011111001101000101
10000101001001101100000001010000
11010001110110011101111011010000
10011001101001110111101001110000
00000000011010110110100110101010
01011011000111101011100010011101
11101001010100000010110001000100
11001000110111110001010111100011
00000000011000111000001001101101
10100111100000110011000000010001
00000000000101011111001110011000
01100110010010000000011110011001
00000000010000100001000111110001
01001011001100110100010100101001
00000000000001111001000101011101
11101001000100011110000100000100
00000000010110100101010111010100
01011001100101011101000010101001
00000000000001101001000111000010
00100101010001110010011101111110
00000001000101000101110100110010
11000010000010100100000101111110
00000000010010111110010011010001
11011110000110010011011011101100
10000000011010110110100110101010
01000000100110111100010111000101
00000000010000001101000101111111
00110100010011110101010110011100
00000000010011100111101101010010
00011111000111100000111011011111
01110110101101010101011010001111
10000000111111101000011100011010
00000000010111001101111101011000
00100011101101100010110111011100
00000000010011100111101100101100
11100010101100111011010011111110
00000000011001010011000110011100
10100000100100100100100000110100
00000000000100100111101110110000
11000010000110000001101010100010
00000000000000000000000000000000
01101000001011111101001000111011
11011110101110010101111110011111
01111001000101110000000111101110
00000000010001011101110010111110
01110010010010100100001000000011
00000000011010010110100011111110
00000000000000000000000000000000
00000000000000000000000000000000
10110000101101011011101111010111
00000000011100010110011110101001
11001000111010011011010011100001
00000000001111111000011011000111
01111001010111111101001101100000
00000000000100100111001101011001
01000011100011001000010101100111
00000000000000000000000000000000
11010011100000000011101010001110
01001000101010111010011010001110
00000000001110011101110000101011
00000000000010111111010110101110
01011111010101000000011111001000
00000000010100111100001000100100
11011110000110010011011011101100
00000000001100110000101101111110
11001101110011110110110000110011
00000000010110001010011111100111
11100111101110100111001001000110
00000000010110001010011111100111
00011100100011111011100001110010
00000000001010111010100100100110
00000000000000000000000000000000
00000000000001000010101010011011
01001001011010011011010011100001
00000000000110100010101110111100
00000000000000000000000000000000
00000000010001011101110010111110
00011100101010101011110010101111
11001001011010011011010011100001
11100111010101101101100111100001
00000000001100111000101011101010
11010101010001101010101111000100
11011110101110010101111110011111
11110100110100100010010011010001
00000000000000000000000000000000
11011100111001010111111010001000
00000000011101111101101001000001
00011011111001000111000111011000
00000000000000011000111000101011
00111101001000101100111111110110
00000000010000000000011110110001
00110000110001110000101100111101
00000000011111001100010100110110
11101001010100000010110001011100
01011111001110010101111110011111
11100011111110110110001111111001
00000000000101010100101110111111
11101001000100011110000100000100
00000000010110010101101100110001
11011010100010011110100011011001
00000000010100110111000110111100
11011000010100010000111101010000
11011111001110010101111110011111
11000011101011011101011001001001
00000000011010000100101001100111
11111100111110110110001111111100
00000000010001010010000111000110
10011110100110001001010100011100
00000000010111101011101110011010
11101001100100011110000100001010
00000000001110100100100011001001
11010110111101110110101101011001
00000000010011110011111011101101
11111000010110001011010001100100
00000000000000000000000000000000
11111001010111111101111010001000
00000000011011001010010001100110
11110101011010101111001011001001
00000000000001101001111111001001
11010111000001110111001101011110
00000000001111100000010100001001
11110110010001001011001001111101
01011110101110010101110011010111
01010010000110000111101101111111
00000000000001101101100001111101
01110100100001001010111010000011
11001000111010011011010011100001
11111000111011000010101110011100
00000000001100111000101011101010
01011100001000100000111010110000
00000000011011011110001110000011
11100010100000011001011010011110
00000000001111110000000111100001
00000000011010000110101110101100
01101001100100011110000100001010
00000001010001100101011001001101
01110110101101010101011010001111
11000111001101010001000011000000
00000000011110101101001100111010
11110000100101011001000011100101
00000000011000110110010000001001
00110011110011010010001111011010
00000000011110001110110001011101
00000100011011011010111111111000
00000000011001010110001111110011
11001110000111010010101011101011
01011111000100110001010000011111
10110111011010011011100000001110
00000000011100000011011100110011
00010010010001111110010000011101
00000000010100011011101100101001
00010100110101111111101110011000
01011110101110010101111110011111
01100000101100010001111100101101
00000000000101100111010110111000
01101001000100011110000100000010
00000000011000001101100111011000
10010110100011010110110100110011
00000000011111001111010101110000
01110001110110100011001000111010
00000000000100111001010000100100
01011111000100110001010000011111
00000000001111011001011000000001
10110001111000001110111101101011
00000000001101011010100100001101
00011101101111100101100001100010
00000000010011010010001100010010
10011010111110001100101010111010
00000000001011101010001011101000
11001100110100010101011000011000
01101001000100011110000100000100
01010100110000111000110010110011
01010000110111101011011110111000
01111000001001001000010111111110
00000000011101011110010011110111
00010100011111000110000111001111
01110110101101010101011010001111
11100001101001101000010000011011
00000000010100101101011011111001
01010110010111001011001110111110
00000000001010100001100110100111
00110101011110111001001011001001
00000000010000110111111000110111
00000000000110010110000100101101
00000000010101100100101111111110
01110010010001001000100010100011
00000000000010110000101011010111
00000001000101000101110100110010
00000000000111000011001000010000
11111011101000001101101111101001
00000000011011101011011101000100
11000111111110000011100101001110
00000000001010101000001010111011
11001100001100100111100000011000
00000000000010100110000011111100
11010111000001011001011100110100
00000000000110001000110010100111
01101001100100011110000100001010
00000000010110111101111111000011
00000000000000000000000000000000
00000000010001101010011101001101
01011110101110010101111110011111
00000000001101100010100011010011
00010111101100010110010011111110
11001000111010011011010011100001
01100111111000000010100010011101
00000000000110110000100111101101
00101010101100000000010000011010
00000000000000010010000101010101
10101010110111001001101000111100
00000000011100100001110101111100
10001001101010100010010101010111
00000000010110110101111100110001
10110000010010111101000111110000
00000000000000100100101010110011
01011000000110010110011001010101
00000000010100000101000100101100
00011101000100010110110110000010
00000000011111011111110011100010
01100001010101111101010000010110
00000000001101111001010000110110
00001001011011001101100101001011
00010100110101111111101110011000
01100111111110100100010001100101
00000000011100111100101110100111
01001111101011010011000101100000
00000000001010110100110010111111
11110100001100101110001100010001
00000000000011011110001011100101
00000001000101000101110100110010
00000000011110100110001101011011
00011001001010000001010111111000
00000000011101111101001101010011
10001101010101000000001011010001
00000000011000011100101101010100
10110000010010010111010110110010
00000000010001110011111101000101
11110110101101010101011010001111
00000000000001100101101111011011
00001110001111101100000100100001
00000000010001101011111101011100
10111010001010101011111110010111
00000000010100111111001000101000
00110110000011100011000001010011
00000000000000110010110111100110
11001000011111000011010101110110
00000000001010010101001011110000
00011000100101110111000111010010
00000000000011110111001101000101
00000000000000000000000000000000
00000000011010110110100110101010
11011110011001110101111010000100
00000000001010000110001001100010
10100000011101010101000100000111
00000000001110011111001100010100
00000000000000000000000000000000
00000000000100110110101100000001
00001000011110011100101010000000
00000000001101100011110110111101
10111111100101100100001100001011
00000000001010110111010101101111
00111001001010000100000110111000
00000000010000011110111101111110
11001100100110100110110111111100
00000000001010101001111011001010
11111110001101100010000111010000
01101001000100011110000100000100
01011101111111111111111010001011
00000000000000111000101011100000
01000010101100000111000100100000
00000000011110001001011101100110
11100011101000110001011110010100
00000000010111011000100010011110
01000011110110010101101010101001
00000000001000111010101101111001
10001111001101110110010100010000
01110110101101010101011010001111
11111000000100000110001001111101
00000000000000110010100010000101
00101000011000101010010111100011
00000000001111010111100000101111
10010000110001111100000010111010
00000000010100100001111010111111
11100010010111111111001100111100
00000000010000000001110001001001
10010100000110010111111000010000
11000000101011010101001100000101
10100111100100010001000111010101
00000000010001100011110001001011
01111011000001001001000001100100
00000000001010100010010111101100
00000000000000000000000000000000
00000000010101001101100000000011
01011111110100010010011000100110
00000000011011001100010000110110
11101001010100000010110001000100
00000000000110110000110100100101
01100110010010101010101100010111
00000000000011010001011011111000
01010101010001010000001000111000
00000000001101111001100100101010
11101001000100011110000100010000
00000000001111010010010100110001
00000000000111100001101110001001
10001001101010100010010101010111
10000101010011101001001110011010
00000000001000101010001010100011
10101111100101001111011000111001
00000000001111010110001000110000
00111110111010110000011111100111
00000000011111001100010100110110
00000000000101011101011011010101
01011111001110010101111110011111
00010011111000111011101101001000
00000000001110001010010101110010
00000000010001110000001000110100
01110110101101010101011010001111
11001001011010011011010011100001
00000000010011011111010101100101
01011001101110011001001011110111
11110110101101010101011010001111
10011011011111011110010101100100
00000000011000111001111101011010
00000010010011010001010010101101
00000000001100110011101001000110
01101001010100000010110001010110
00000000001001000100110001011011
11001000111010011011010011100001
00000000011100110001100011100111
00010101101000011110001110011100
00000000000101010010111101101000
01110100110101110010111110111100
00000000011101010001110001111111
11110110111100010101111000100011
00000000011011010100001100000011
00011111101010010101010110110111
00000000011011001000110101100000
10000011101001011011001111010110
00000000000000000000000000000000
01110001001110110101100100110000
00000000010111110110101011010001
10110001010001011000010011100111
01101001000100011110000100000100
00001001100001010011010000110111
00000000000100000111101010010101
01011110100011000010110001111000
00000000011100011000010000011011
00011000100101110111000111010010
00000000000000100001111001000111
10100001100100011110100101111101
00000000011110010011011110010111
11000100110010010010101010100110
00000000001001101100011000111111
11011000000011101101100111100010
01010111101100011110111010011000
11111101100100001000010011000010
00000000000101001101000110001001
01110001111000101110011101000010
00000000001100011010011110010011
00111011011011101000011010011011
00000000011111110001110111100110
00010101100000110001010100110101
