01111111110000000000000000010011
01111111110000000000000000010011
01111111110000000000000000010011
11110000101000000010101000100111
11100001000000000010100000000111
01111101001100000010000000100111
00001001000000101000101101010011
00001001101000001000000101010011
00110100100000000010000100000111
11010010000000000010011010000111
00000000010110110000111101010011
00000000100011100000100001010011
00001000100111100000110001010011
10101001100000000010111010000111
10011101110000000010000100000111
00000001001110110000011101010011
00000001001111100000100101010011
10111111111000000010111000100111
00000001001110001000000101010011
00000000011100100000111101010011
10101011010000000010011000000111
00000000110001010000110111010011
10110100010000000010010100000111
00000001110001010000001111010011
00101111110000000010000100000111
10001101001100000010010000100111
00000001110011001000000111010011
10011110000000000010111110000111
11001101010100000010010000100111
00101110010000000010101010000111
00011100110000000010001100000111
00111011000000000010001000100111
11100100000000000010001000000111
00001001011011001000010001010011
00000000001001110000111111010011
00001000001011011000011011010011
11011110000000000010100000100111
11110110000000000010101100000111
11101101110000000010011100000111
00001001000000011000010101010011
00101001110100000010010000100111
00001000000010111000100101010011
00001001100111101000100001010011
00001000110100101000000101010011
11011111000000000010101000100111
01111001001000000010110000100111
00001001111011111000001101010011
00001000110111100000100011010011
00000001000001111000001101010011
00000001110100110000010111010011
10000011000000000010011000000111
11110011001000000010001000100111
11100010011100000010000000100111
00000001000100000010101000100111
10011001100000000010100000000111
11110000010000000010111000100111
00001010100000000010010110000111
01011000100000000010100000000111
10011001110000000010000100000111
00001000100001101000010001010011
01100100001000000010110000100111
00000001101100111000101111010011
00001000010110101000111101010011
00000000111010110000001101010011
10011000000000000010001010000111
01011111100000000010111010000111
11101000000100000010010000100111
00001100100000000010001000000111
00000001111111000000110011010011
00000000101010111000111111010011
11010010010000000010101100000111
00001001100011101000110101010011
00000001110000000010000010000111
00100101011000000010100000100111
10101101101000000010111000100111
00001001111011110000100011010011
00000001001111010000010011010011
00001001100011101000011011010011
11011001110100000010000000100111
01000010100000000010110000100111
00000001010111011000010011010011
00000001001001100000001001010011
00001001101011011000010111010011
00001001100000110000010101010011
01001111001100000010010000100111
00000001110101010000111101010011
11111110100000000010000000100111
10011101010000000010101000100111
01100010000000000010101100000111
01001001111100000010111000100111
00000000001111110000100101010011
11111100100000000010011000100111
01111101011100000010011000100111
00000000111010010000010111010011
10000011010000000010010000000111
00001001001010010000110101010011
00001000011001100000100111010011
11010101000000000010010100000111
00100011110000000010001110000111
00000000000011001000100111010011
00000000000111111000110011010011
00010011100000000010111110000111
00000001001100010000110101010011
00001000000101111000011011010011
00001000101101010000100011010011
00000000010100010000110001010011
10111011100000000010101010000111
10000011000100000010001000100111
11110111100000000010010000000111
10011000010000000010010010000111
01101011100000000010111110000111
00000000111010100000010011010011
01111110100000000010011000100111
01111100010000000010110110000111
00000000010001111000000011010011
01010011100000000010100000000111
11100100110000000010101100000111
00001000101011101000000101010011
00000000011100000000101001010011
00001000000110110000001001010011
00000000110100101000111011010011
00000110000000000010100110000111
10110000111100000010101000100111
00100111001100000010000000100111
00001001101001100000110101010011
00111110001000000010111000100111
00001000000111100000000101010011
00001001000101011000011111010011
00001000110100000000011001010011
11000001010100000010111000100111
00001001001100010000110111010011
11110010111000000010110000100111
11100001010100000010110000100111
11010101100000000010110100000111
00001000100000000010001010000111
00000000011010101000001111010011
00001000111011100000100111010011
00000000100111101000111011010011
00001001001010111000001111010011
01011100011100000010001000100111
11100010101000000010110000100111
11100110110000000010110000100111
00000001111010011000011101010011
11011110110000000010111000100111
00100101000000000010011010000111
10110000010000000010100010000111
00001000110001101000000101010011
00000001000111011000110111010011
01010010010000000010011000000111
00000001011100011000111101010011
10001011010000000010101010000111
00000001011100011000001111010011
00000000101011100000011111010011
00000001110110111000111111010011
01000011010000000010011110000111
01100010000000000010011110000111
00000000100010010000110011010011
10010110101100000010110000100111
10011100011000000010100000100111
00000000011011010000011101010011
11011101000000000010001000100111
00001001110001000000000101010011
00100110000000000010001010000111
00000000010101101000001111010011
00001000000000001000001011010011
00000001001110010000110101010011
01100000011000000010111000100111
01010001000000000010110110000111
00001000001100111000011111010011
00001000101111101000101001010011
10011001110000000010111000000111
00000000001010110000011101010011
11111111110000000010101000100111
00001001110011101000000111010011
10001101000000000010011010000111
00101110000000000010010010000111
00001000101001000000101011010011
00000101110000000010001000100111
00000001011100001000011101010011
01000101100000000010100000100111
00001000010100010000011011010011
00100000001000000010000000100111
00001000011110111000010101010011
11111010010000000010101000000111
11110000101000000010001000100111
00001000000100000010100000100111
10110110010000000010001110000111
11011100100000000010010100000111
00001001000000110000000111010011
00001110010000000010011000100111
10101101000000000010111100000111
11111000110000000010110000100111
00110111110100000010001000100111
00001001110011011000001001010011
00000001101101001000100111010011
00001000101000110000101001010011
11100101100000000010101100000111
11001110000100000010000000100111
10011010100000000010000110000111
10100101000000000010010000000111
00111010111100000010011000100111
00000000110011111000010001010011
00000001110011100000101101010011
00001001000011111000111101010011
11011001100000000010101010000111
01101001010000000010000110000111
01010111100000000010101000000111
00011101110100000010110000100111
00000000010110001000011101010011
01101100100000000010001010000111
01001101110000000010100110000111
00000000001000100000011101010011
00001001001010111000101001010011
00001000111111100000100011010011
00111111101000000010000000100111
10001100100000000010010010000111
00001000100111100000011001010011
00000000010011011000000111010011
00001000111111101000011011010011
00001001010010101000010101010011
10110001000000000010100100000111
10000010110000000010000100000111
01101101000000000010011010000111
11111011000000000010010010000111
11001000000000000010100100000111
10100001010000000010101010000111
00001001010110010000111001010011
11010001000000000010101110000111
00000000000000001000100101010011
00000001100001001000010001010011
00001001110110100000000011010011
00001001000000100000010001010011
01010110110000000010000100000111
00001001000001011000011101010011
00000000110110001000010101010011
11111010000000000010110000000111
00001001100100001000010111010011
00001001001010010000110011010011
00001001001101010000001111010011
10110100000000000010101000000111
00001001011111010000101101010011
01000001110000000010100000100111
10100000110000000010011010000111
00000000001001001000111111010011
00001101000000000010011000000111
00000001011100001000111101010011
00000001001101010000110011010011
00000001101111011000010111010011
00000000110010010000101001010011
00001001111100001000010011010011
00000001000001011000100011010011
00000001010011001000001111010011
00000000100000000010110110000111
00001000000011111000100001010011
10001010000000000010110000000111
11110010000100000010111000100111
10111011001100000010010000100111
10101011101000000010011000100111
11000110001000000010011000100111
10011100110000000010010100000111
00001000000010011000111111010011
00000001001100001000101111010011
00000001011100100000001011010011
01101110100000000010110010000111
00000001101100010000011011010011
00101111010000000010101000100111
00001000101100000000010011010011
11100000100000000010010000100111
00001000101011010000011011010011
00001000100110010000110101010011
00000001101000000000111111010011
00001001001110010000101001010011
00110000110100000010011000100111
00001001001110100000001111010011
00011111000000000010011110000111
00001001111001100000000111010011
01011011100000000010100010000111
10100010011100000010111000100111
11001000000000000010011010000111
00001001011111101000011001010011
00000000000100000000000101010011
11010101100000000010110000000111
10101110001000000010101000100111
11001101100000000010001010000111
01101010100000000010101000000111
11010010100000000010111000100111
10000101010100000010011000100111
11100111110000000010110010000111
01001101110100000010110000100111
00001000101011110000100001010011
10100001110000000010101010000111
11010011000000000010101110000111
10001111100100000010000000100111
00001001101011110000100101010011
11110111101000000010101000100111
00001001010001111000001001010011
00000000000101000000100011010011
00000000000100110000011011010011
00001000001000110000001011010011
00000000001011011000001111010011
01001001010000000010000100000111
10001001010000000010001010000111
01100000110000000010000000100111
00000000011010010000110011010011
00001001010011110000010001010011
00000001100000010000010001010011
00001001011111000000001001010011
00000001111100110000001101010011
11011100110100000010000000100111
01111010100000000010101110000111
10110111000000000010010000100111
00001000000000000000011101010011
10100000000000000010101100000111
00001001110100011000111111010011
00000000101000111000111101010011
11101100110100000010111000100111
00100000010000000010011000000111
01001011110000000010101000000111
00110100110000000010000110000111
10101100110000000010101000000111
10101101100000000010001100000111
10100000001100000010101000100111
11101011011000000010111000100111
00001001101000010000010011010011
00001000101001010000010011010011
00001000100110000000010011010011
01001000000100000010111000100111
10100010100000000010111000000111
01111011100000000010110000000111
00001001010000111000111101010011
01000000010100000010001000100111
11001011000000000010110000100111
11001000110000000010101000100111
00001001111000000000011001010011
11011011001000000010101000100111
00000001011100010000010111010011
11011110010000000010110000000111
00000000011100010000000111010011
10001010100000000010011000000111
00001001110000101000110011010011
00000000110001001000010111010011
10001111110000000010100000100111
01010111100000000010000100000111
00001110100000000010001000000111
11111000010100000010111000100111
00000001100100001000001111010011
00001001100001001000010101010011
01100010111100000010001000100111
00100011011100000010111000100111
01010101101100000010001000100111
00001000011101100000001011010011
11011111010000000010011000000111
10110011000100000010111000100111
00001000100011110000010111010011
00010010100000000010011010000111
10101111010100000010101000100111
11011000101000000010110000100111
11100101000100000010101000100111
10011100100000000010110000000111
00000000100001101000001101010011
01001011011000000010101000100111
11000100000000000010010010000111
00101101011100000010110000100111
00001001010011101000111001010011
00110011100000000010001110000111
00001001111011011000000011010011
01111100110000000010101010000111
00000001100000010000110011010011
00000001111001100000010001010011
00001000001100011000001101010011
00000000100001111000011001010011
01111110000100000010101000100111
00000000110010101000001111010011
00000000101100011000110001010011
01011000000000000010101000100111
00001000010011000000011111010011
10111101001000000010000000100111
00111111010000000010011000000111
11101010000000000010100000000111
11100111110000000010000100000111
00001001110110011000000101010011
10101011010000000010000100000111
00100011011100000010010000100111
00001001101010111000101001010011
00000000010010101000011111010011
00000001010100011000010011010011
10010111110000000010100100000111
00001000101100100000110111010011
01101101010000000010100010000111
00001001101000001000100001010011
00001001010100011000001011010011
10000101111000000010000000100111
11001110001100000010000000100111
01100111110000000010010100000111
01001010101100000010010000100111
00011101011100000010011000100111
00001001100011000000010101010011
01010000011000000010101000100111
00000000110000111000011011010011
01000110000000000010001000000111
00001000100010011000011101010011
00001010100000000010010000000111
00010100011100000010011000100111
00000001001010010000101011010011
00000000100011100000101001010011
11001110110100000010011000100111
00000001110100101000001011010011
01000000000000000010110010000111
00001001111100011000001101010011
01010100001000000010110000100111
00001000111011010000001001010011
10110110100000000010110000000111
00010111010000000010011000100111
00000001100011100000011011010011
00001001110001110000111111010011
10011001100000000010111000100111
00001000110011101000111001010011
11000101110000000010000110000111
01011110110000000010010000100111
00001000111111011000101111010011
10001101001000000010000000100111
11100100010000000010111000100111
00111000110000000010001010000111
00101011010000000010101110000111
00000000110110111000111111010011
00000000101010000000100001010011
00000000011000000000100001010011
00000001101010111000011001010011
00000110111000000010001000100111
00001001011000100000001101010011
00001001101000011000111001010011
00001101101100000010101000100111
10111101101100000010101000100111
11100010110000000010010100000111
10111000101100000010001000100111
11000110010000000010001000000111
00000000111110101000000011010011
00000111000000000010010010000111
10010101010000000010100000000111
11110111101100000010001000100111
00001000111100010000111111010011
10110111000000000010110000100111
00001001011000011000110011010011
00000000100000001000001111010011
10010111010000000010111010000111
00100100100000000010001110000111
01101001000000000010011110000111
00001000000111100000110011010011
00000000001100111000111011010011
11001011110000000010101100000111
11010100011100000010001000100111
11000100110000000010001100000111
01010100010100000010110000100111
01001110010000000010110000000111
10001101111000000010011000100111
00001000110011001000001111010011
01110100111000000010000000100111
10010111000000000010100000100111
00000001000000011000101101010011
00000000100110111000011011010011
00001001100101111000101111010011
00010001111000000010010000100111
10001100000000000010010000100111
00001000111100001000010001010011
00000000100000001000111001010011
00000000101000000000011011010011
00000000000101000000111001010011
10001010010100000010011000100111
11100100010000000010101100000111
00001000110101011000010101010011
10110010101000000010101000100111
11000001100000000010101000000111
00000001010111100000111011010011
00001001101101110000000111010011
00000000011100100000011101010011
00001001110110111000110001010011
00000001010100100000111111010011
01101110110000000010100000000111
11110111110000000010100100000111
10101000110000000010010000100111
00000000101011101000110001010011
10011011010000000010100100000111
00110101010000000010000010000111
00000001111001011000010101010011
10011011110000000010011000100111
00010110110000000010100000000111
11011110010100000010001000100111
00001001000101011000111001010011
11000001000000000010111110000111
00001001000111110000110011010011
00001000110000000010000010000111
00100111011000000010010000100111
00000001101111010000010011010011
11000011000000000010100110000111
00111001000000000010110000100111
00000001111010101000100001010011
00000000110010101000101001010011
10000101001100000010000000100111
01110011010100000010111000100111
10110000010000000010001100000111
01010000100100000010011000100111
00001001010111111000111101010011
00001001000101110000100101010011
00001000010001101000001011010011
10000011010000000010001110000111
00000001110100010000000111010011
00001000001101011000000011010011
00001000111000110000011101010011
00001000110101111000111111010011
00001001111101110000001001010011
10110000111000000010001000100111
10100011111100000010000000100111
01110001010000000010101010000111
00001001111010101000000101010011
00000001110001000000011011010011
10100010101000000010001000100111
00000000101001101000000111010011
00000000000110100000110111010011
00001000101110110000010101010011
00001000010000101000100011010011
00001001001001111000000111010011
00001001011110010000011001010011
01101101010000000010111110000111
00001001001110011000101101010011
00000000010000111000111111010011
00010101010000000010001010000111
10000001100000000010010110000111
00000001100000000010000110000111
10000101000000000010100110000111
00001000100010011000011111010011
00000000000110000000011101010011
00001001001100111000101011010011
00000000111111111000000111010011
11000100110100000010010000100111
11111110010000000010001010000111
00000000000001111000001011010011
11111001000000000010110110000111
00110100000000000010111010000111
00000001101110001000100011010011
00001001110011111000101001010011
11011101110000000010110000100111
00001000110111111000001101010011
00000000111000110000011001010011
00001000101010001000001011010011
00001001000001110000010011010011
00001000111011000000011011010011
01101101001100000010011000100111
00110110000000000010101010000111
01001010100000000010010000100111
00001000011101101000110011010011
00001001001000011000110101010011
01001011000000000010010110000111
11110000110000000010011010000111
10101001100000000010011010000111
00110110100000000010101100000111
00000001010100100000111101010011
00000000011001000000111101010011
00001000111011110000000011010011
00001001100011000000000101010011
00000001010010101000001101010011
00000001111010101000000111010011
01111111101100000010011000100111
00000000010110111000101011010011
00010001100000000010111010000111
00000000010100110000110011010011
00001001100010101000111001010011
11001000111000000010100000100111
00001000011110011000010111010011
00000001110100001000111101010011
11000000000000000010001100000111
00000001010100111000111001010011
10100001001100000010100000100111
00001001011010000000110011010011
00001000011101101000110001010011
10110111001000000010100000100111
00001000000110101000010001010011
00000000101011011000001101010011
00001001101001010000110001010011
00000001010001010000001101010011
00000000001101011000100111010011
01001011100000000010000010000111
10011101111100000010111000100111
00001001100001111000101011010011
11111001111100000010010000100111
10100000001000000010111000100111
00001000000010100000110011010011
00001001100111100000001111010011
01101010001100000010101000100111
00111001101000000010010000100111
00001001011111101000101101010011
00001001111000010000001101010011
00001000111010100000110011010011
00000011110000000010000100000111
00001000010110001000111011010011
00100001110000000010101000000111
00000000100110110000010011010011
10001011011000000010000000100111
01001111110000000010111000100111
10101010000000000010000100000111
00000000000110010000111111010011
00001001101110110000011101010011
00001001111111100000011001010011
10111010110100000010000000100111
00001001111110101000011001010011
00000000001010101000010101010011
00001001001100011000110011010011
00001000011111001000001111010011
00110010010000000010110100000111
00001000110001011000001111010011
00000000111010111000101111010011
00000001011100101000110001010011
00000001011001111000101101010011
00001001011010101000011111010011
00001000100101011000010111010011
01011111110000000010001110000111
00001001111110001000010111010011
10100001000000000010011010000111
11110000111100000010010000100111
00001000010110101000010001010011
00000101101000000010110000100111
00010110011100000010111000100111
00001001000110111000001111010011
00000000011001001000101011010011
00000001010000111000001001010011
00000001000001110000010011010011
10010111001100000010010000100111
00001001000011001000111001010011
00001000110110111000111011010011
00001000100010111000111011010011
00000000101100010000111101010011
10010111110000000010001010000111
00110010100100000010011000100111
00000001101010011000100001010011
00001001000101110000101101010011
01110010110000000010100000000111
10011011000000000010010110000111
00001000110100011000011101010011
11001010011100000010100000100111
01010000010100000010011000100111
00000001111100111000101111010011
00110001000000000010001000000111
11101010110000000010101000000111
00001000101101010000101101010011
10100001110100000010101000100111
00001001111000011000010101010011
00101011000100000010011000100111
00000001100001110000111111010011
00110111100000000010100000000111
10100101000000000010101010000111
00000001001111100000110011010011
00000001100010010000101001010011
00000000000100010000100111010011
11010011001000000010101000100111
00001000110100011000011011010011
00001001001110110000001011010011
00010010111100000010010000100111
01101111000100000010010000100111
10010110010000000010111010000111
10001100100000000010101000000111
00001000110011010000101111010011
00000000010110001000111011010011
11100010000100000010010000100111
11001011010000000010111000000111
01010110110000000010011110000111
00000000110110101000110111010011
00000001011011100000100101010011
00001000110011011000000101010011
01001011110000000010111010000111
00000001011110100000010001010011
01000010100000000010101100000111
10101010111100000010101000100111
10101011110000000010111010000111
00101101000000000010110000100111
00111011011100000010111000100111
00000001111000010000000101010011
00001000010011110000110011010011
11101010000000000010010000100111
10000101111100000010110000100111
00001000000010101000110111010011
00110011110000000010011100000111
00000001011111100000110101010011
00000000110000101000110101010011
00000000001101110000111011010011
00000001000010111000011111010011
01101010101000000010110000100111
10110001110100000010110000100111
00001000100111001000111001010011
00001001101100111000100001010011
00001000011100001000000011010011
00000000011011000000101011010011
00000000101111011000110001010011
10111000100000000010101000000111
00001000001101101000111111010011
10001101100100000010001000100111
00011010000000000010001000000111
01000110110100000010010000100111
00000000011101100000110101010011
00001001000001000000100001010011
00001001110010000000001001010011
00110110111000000010010000100111
00000000001110101000011001010011
00011000010000000010110000100111
01000011000000000010111000000111
01010101001100000010100000100111
00001001111100011000110011010011
00001001110011000000000111010011
00001000101011111000111101010011
00110101100000000010100010000111
00001001000110000000010111010011
11000001001000000010100000100111
00000001111011010000010001010011
00000001110001000000010101010011
00001000011111101000101011010011
00000001101101010000100011010011
00000000110100101000101101010011
00000001010001100000110111010011
11100010010000000010100110000111
11000101010000000010010110000111
10100001001000000010010000100111
11010010110000000010100110000111
00001000100011100000010001010011
11000100001000000010111000100111
00011011110000000010100000100111
00000001001000000010101000100111
00001001101000011000110101010011
00001110000100000010101000100111
00000001011101111000111111010011
10000000110000000010010010000111
10010001010000000010011010000111
00111010000000000010110110000111
00000001010100010000001111010011
00000001101111000000011111010011
00001001001001011000011001010011
00001000010111111000100101010011
00111100110000000010100000100111
11101011010100000010010000100111
00000000110010110000101011010011
00101111110000000010011000100111
00001000001001011000001101010011
11010011001000000010111000100111
11010000110000000010001000100111
00001000110110000000001001010011
00000001110100111000100111010011
11101111110000000010111010000111
00001000110011011000010101010011
00111001000000000010000010000111
11011111010000000010011000000111
00000000100001100000101111010011
11011101000000000010100110000111
00000001000011011000010101010011
11110000100100000010010000100111
00001001101000011000011101010011
00100000001100000010000000100111
00001000001100010000011011010011
00000000000000101000110011010011
00000001110101000000000111010011
10000100110000000010011100000111
00000001100001011000101101010011
01011000100000000010100000100111
00001000000011001000111111010011
10001011011100000010001000100111
10000100110000000010010000100111
00001001010111110000101101010011
10110101101000000010001000100111
11010001100000000010101010000111
10110010100000000010110000000111
00111010110000000010101100000111
01000010010000000010010110000111
00001001010111110000111011010011
11111100010000000010110000000111
00000000011101011000110111010011
00000000011110011000010001010011
11111101110000000010111110000111
00001000101010101000101111010011
00001101101000000010111000100111
00001001111111001000011001010011
00000001111110101000100111010011
01101001010000000010110100000111
00001000110000100000100101010011
00001000101101100000100101010011
00000001011000000010010000100111
00000010000000000010001000000111
10000110010000000010011110000111
11100111110000000010111110000111
01011000100000000010001000000111
01011001010000000010101010000111
10011101001000000010001000100111
01100000000100000010111000100111
10010110000000000010100100000111
01101000011000000010100000100111
10100001110000000010001000100111
00001000100011100000000101010011
11000100110000000010000010000111
01110100100000000010110100000111
00001001010000000000000111010011
00110010010000000010001010000111
00111010011100000010111000100111
00001000000110111000000011010011
10001001100000000010101100000111
00010110100000000010000110000111
10010111010000000010101100000111
00001011010000000010100000100111
00000000010110100000010111010011
01010101100000000010110000100111
00001001100010110000101001010011
00000001111001010000101111010011
10011101100000000010110000000111
01100000000000000010100110000111
00000000010000110000000101010011
10001010000000000010101010000111
00001111110100000010000000100111
00001000011001001000001011010011
00000000100101100000111101010011
00001001011101111000011001010011
00001000011011001000101001010011
00000000110100011000000111010011
00001000001110001000011111010011
00000001110000010000101101010011
00001000000111000000100011010011
00001001111000100000111111010011
10011110100000000010110110000111
00001001011000000000011111010011
11110100110000000010101010000111
00001000000001010000100101010011
00000001011010101000101111010011
10110101000000000010110010000111
00010101100000000010110000000111
11111100100000000010110110000111
00000000101111001000110011010011
00001100010000000010101000000111
00001001101010110000000111010011
11100101000000000010111110000111
01111111000000000010111000000111
00001000100011101000011001010011
01110001010000000010110010000111
00000000011010000000100011010011
01000011110000000010011100000111
11011111111000000010001000100111
01101100101000000010010000100111
00001001000010101000100001010011
00000000000100011000001011010011
00001000101110110000111011010011
00001000010000100000110001010011
11101100000000000010011000000111
00000001010000111000001101010011
10001010100000000010100000100111
00001001001110010000000111010011
00001000100111011000110001010011
00001000101001100000100001010011
00001001110001001000110011010011
00000000010111001000111101010011
10010111101000000010010000100111
11001000010000000010110100000111
00001000111110000000110111010011
00000000010110001000011111010011
00110000110000000010001010000111
00111110000000000010101000000111
00000000010011011000011011010011
11111101001000000010001000100111
00001000010100101000100111010011
10010101001000000010000000100111
01101010110000000010111100000111
00001000001101010000001111010011
00000001010001111000011011010011
01000011010000000010110000000111
00001000110000011000010001010011
00000000100001111000101011010011
10001000010000000010110010000111
00000111010000000010011100000111
11101011000000000010001100000111
11110010010000000010011000100111
00001000100011100000001101010011
00000001001010100000010101010011
11001001100000000010001110000111
10011011010000000010011000000111
01010101010000000010001010000111
00000001110100111000110011010011
11011110110000000010010000000111
11111101011000000010001000100111
10101000100000000010001110000111
10100011010000000010100100000111
00000001100001011000010011010011
10011011110000000010111010000111
00000000010101100000000111010011
01000001110000000010101110000111
00001000000110010000110111010011
10000101000000000010100000100111
00000001010101100000101111010011
00110110010000000010101000100111
10110000100100000010000000100111
00001001001110110000101111010011
00001001000000100000010001010011
00001001111110000000010111010011
00000000110001000000001011010011
00000001000100101000011101010011
11000001010100000010000000100111
00001001111001110000000101010011
00001001010111010000101001010011
00000001110101001000011001010011
00001000100111101000100011010011
00001000010001001000010111010011
00010001010000000010101000000111
00001000101011110000000111010011
00001000111010011000001011010011
00000001011100010000001001010011
01101010000000000010011000000111
00000000001111011000111001010011
00001001000100100000110111010011
10101000000000000010111010000111
00110110110000000010010000000111
11100100000000000010000000100111
00001000101111110000100011010011
00001000110101110000111011010011
10001111010000000010111000100111
00001001100111000000001111010011
00001000101010011000101101010011
00000001011010111000000011010011
00000001101000011000001001010011
00000000101011010000100101010011
00000000000001010000101001010011
00001001100011101000000111010011
00000001010101011000111101010011
00110010000000000010001100000111
00000000001010001000110101010011
00001001000000011000111101010011
00001000100001100000011001010011
00001001011011010000111111010011
00001001111101110000100011010011
00001000001000110000101101010011
00000001010011100000010101010011
01110111100100000010110000100111
00001001001010011000010101010011
00000000111100110000101111010011
00101001110000000010011010000111
01010010110000000010101000100111
00001000111001110000110011010011
00001001110000001000111011010011
00000001110110100000000111010011
00001000110000000010001000000111
00000001110001100000100001010011
00001001010101110000101101010011
00000000111110111000101001010011
00101100100000000010010000100111
00001000100101011000110011010011
10111010000000000010010100000111
00000001001110100000110101010011
00001001110001110000000111010011
01111111100000000010010110000111
00001001100010010000011011010011
00111011000100000010000000100111
00001000100011110000001001010011
01011000011000000010111000100111
00001001010011101000010101010011
11010001100000000010001010000111
00000000010010000000001011010011
00100111011000000010111000100111
00001000001011100000001111010011
00001000101100110000110111010011
00001000110100001000000011010011
00000001100000111000101111010011
10101010101100000010001000100111
00000000110110101000100011010011
10000011110000000010101000100111
00000001010011000000100001010011
00000001010011011000001001010011
00110001100000000010111100000111
00000000001111101000110001010011
00000001011110100000111101010011
10111001000000000010000110000111
11000101010100000010000000100111
00000000101011111000110001010011
00000000011111110000111111010011
10110110111100000010000000100111
00000001111111111000011011010011
00000000100011000000100001010011
00001001101100000000001101010011
00001001011010000000000101010011
11010001010000000010100000100111
00001000000011101000100111010011
00001000000100010000101011010011
00001001000001010000011001010011
00001001001111001000101101010011
00000001110111001000110101010011
00001011010100000010010000100111
11001001010100000010011000100111
00000001110100101000111011010011
00000111000000000010011000000111
10011100100000000010001000000111
00000001010101010000110101010011
00000001011110000000010001010011
01111011001000000010111000100111
11000011110000000010110000100111
00001000000000001000000111010011
00000000011011011000111111010011
10001101000000000010010000100111
10000110010000000010100100000111
00000000101001100000111111010011
10101010001100000010001000100111
11100011100000000010011100000111
00000001100001100000111011010011
00001011110000000010100000100111
00001001100100001000000011010011
00000001001111111000010101010011
01011001110000000010001000000111
00000001101010101000111001010011
00001001111011010000100001010011
00001001100010101000010111010011
01110000100000000010110000100111
11010000110000000010101000100111
00110100010000000010110100000111
11001101110000000010010110000111
01100011000000000010011000000111
01111001011100000010111000100111
00001001001101010000110101010011
10101110110100000010111000100111
10101000010000000010101010000111
00100011010000000010000010000111
01101000000000000010110000100111
11010110100000000010101010000111
00000001110000101000010101010011
00000000110001001000011111010011
10011101110100000010000000100111
01110010110000000010000110000111
00000000000000000000000001110011
00000000000110101111000000011000
10110111110011010010110010000101
00000000001011010010111110010100
00100011100101100110111001010010
00000000001011011100111100101011
11010000011100101110101001110111
11100100000010001111111011100011
11100100010100001000111011011101
00000000001100000111100110111001
10001001001110111011101101110001
00000000000000000000000000000000
01100110010000011111100111010011
00000000001111000100111000101111
11011100010000000000100001011000
00000000000101101111100101100110
10001101101110110001001000100100
00000000011110101110001110101010
11110100011101001110000000100000
00000000000000100101010001111000
00000000000000000000000000000000
00000000010111010000010100010010
00100101100001110111001100011101
00000000001001010110000011001000
10001100001100011000011111010011
00000000011011111010100111100111
10111110000101111100001001010000
00000000011010001101010110110111
01000011001001101101110110001101
00000000010010110001111100010100
00001000100101010001000001110000
00000000000011011001001010101110
10101001000111101111111010101101
00000000000110001101001011011100
00110011010010010100011011110111
00000000010111000101001110011101
00100011111000110100001111010100
00000000001011100111010101101111
11110110100101111100001100110100
11110111000100000001110000110100
11010101010001001010110111001100
00000000010011011110101100001110
11110110100000001100111000110001
00000000000111010110011001000010
11010001101011001101000100101110
00000000011101111101000101111010
00000000001001110101110010101011
01110110100101001000101101001100
11110111000000001100111000111010
11110100011101001110000000011101
00010010101111100010110001100010
00000000001111000011001110100000
11011110001010111000000001111111
00000000000010001110101011100110
00000000001101010110010000111001
00000000001001010100110011011011
01001000100100110001110101011000
00000000001111101001001001000000
01011000110011011101101111100111
00000000010000110001100011101000
10011001010110100010010011110101
00000000000110011000100101001011
11000000111001011111001011111001
00000000010101101001110111000110
10000001001010110011101000010000
00000000000000111101001001100000
11100101011101111111001100100101
00000000001111100010110101110011
11101010001111111110011110100000
00000000011001011100011000101100
01010110101011001111001111110011
00000000011001111111001101000001
01111101010011001001010100111000
00000000011101100100011111100111
10000100010100100001001111111000
00000000010001000000010011111001
01011111010000110000001010011011
00000000000011110010100001011011
01110100011101001110000000100000
00000000010000100011110111001000
10010010100010001100000100010010
00000000001000100001100011100001
01011101111011111010000010000001
00000000000101100101110001010101
10000001111101000011001010100100
00000000011011110001100100001001
01101111111111110101001111111001
00000000000000011010111111100101
00001001101000000001001101001011
00000000000110001001000011000011
00000000000101100101110001010101
00000000000000100100111010010111
01100100000010001111111011100011
00000000001001110101110010101011
01011111100100110001001010001010
00000000010110010101011110011110
10110101110100011101110101100111
00000000010100011110011101011110
00011011100101001100110100010110
00000000000010010000111111110010
10101011000011000110000110100111
11100100000010010100011101000111
11010001011110001011000111001101
00000000011100010100000000011100
01011011011100010010101110111111
11110110100101111100001100110100
00100001111000011100100101001101
00000000011000111000010011001111
00100100110000011011100100000000
00000000001010000011010001010100
11110111000000001100110111111101
01110110100100000001110000110011
00101000101000001110010011011011
00000000010111100110001101101101
01100100000010001111111011100011
00000000000000000000000000000000
11010011000101000100101011000001
11110110100101111100001100110100
01000011001111110110011010101110
00000000001000000001001111111101
11010011001000011101110001100111
00000000011111110001011010111110
01000111100101110111100101110100
00000000011110111000110000110111
10111110011011100111110111010110
00000000000101100110011001011110
01101000101101000001011011010100
01010010111010101000011011110010
01110110100100000001110000110011
00000000010110100101110000110110
00011011101111000111011111010010
00000000000000000000000000000000
00101000001011110000100000001100
00000000000000000000000000000000
01110110100101111100001100110100
11110100111101001110000000011101
01011000110011011101101111100111
00000000000101001111110111010000
10010011100011100100110011111001
00000000000011100110101111111110
00100010100100100000101001101010
10001001001110111011101111011011
00110001010100110011110100100010
00000000001001111010100110101100
10110011100010001011100111001001
00000000010101001010110010110100
01001000111110111011101100010100
00000000010001010101100011011001
10110001110011101100110000100101
00000000011101000100110110000110
00110000000011011100010101011100
00000000000100110111101011000000
11101111001101011000010010111001
00000000000110010011010110011101
10101111100101011000011010101111
00000000010111110001111111101000
01011100111100111011100000111011
00000000000101000010101110100110
01110000100101100101100100111101
00000000001101010000110010100100
00110001011110010100111101001001
00000000011100001001100010010001
01110011000111110010011110010000
00000000001000000001011101111001
10001101101110110001001000100100
00000000011100000101100111100101
11001111010111001111011001110001
01110110011100100100111001100000
01000001001011011110101011100100
01100100000010001111111011100011
00001110000000010011110000000101
00000000010111101111000101100001
00000011010101100101000110110110
00000000001001111111101111110100
10100110101100010010011001111111
00000000011111000001111010010000
01001101110011001110010100001110
00000000000010011100001100100101
00101100001011110010001011010000
00000000011000110100011010001101
10111110100000100011010010000110
01001111100011110101010000111111
10101011111001111111101101010000
00000000010100100111000100111011
11100111101110000000001101111110
00000000000110010011011111001100
10101100111001111000111010101010
00000000000101111001111110001011
01001011010101100111100011101000
01110111011100100100111001110000
10010101101010111101001001100100
00110001111110010100111101001001
00111001001011000010000010101000
00000000001010110110001010101110
00010110100111000000010111100111
00000000000000000000000000000000
11110110100100000001110000110011
00000000010001010101011010000110
00010001101011001100101011011100
00000000001001111001001010101100
00000011100101100010011110111000
00000000001100111011101000111101
00010011000001011100011010011101
11110100011101001110000000011101
11010001000101000100110010000010
11100100000010010100100001101100
11101010111110101100000101111111
01110100011101001110000000100000
11010111101011011110110011100001
00000000000111110000111101001110
10100001111010110011001001111001
00000000001001011111010111101111
00101001001110010101111101011000
00000000000010101111010111010011
01110111000010000111010100110010
00000000001001101011010011111000
11100100000010010100011101000111
00000000010011101000101001110101
10110001111110010100111101001001
00000000010001110000001110101001
00000000000101100101110001010101
00000000010001010001000111000110
01110001000000101100010011000010
11110100011101001110000000011101
10010101101010111101001001100100
00000000011010000111111111001111
00001010101010110000101110101110
00000000010110111011001101001111
10010110010100001010010001111001
00000000011111101011111010011110
10001101101110110001001000100100
00000000010010110001010110111011
00000000011010011110100010100011
00000000011101101101000001111100
00010000110010101010100101100111
00000000010101101100111100011001
11010100010100001001100110110010
00000000001100000011001101100001
11100100000010010100011101000111
00000000000100100011111010001010
00010101111010010001000011000110
00000000010011000000001110011111
10001111101101000010111111011101
01110100011101001110000000011101
11110111000101110010011100100001
00000000011100001100001000110111
01001011010110010000000000011111
00000000000101110111100100000101
00101010001110110010110000001011
00000000010101100100010111000010
11001011000011110010110001001101
00000000011000111000011010101000
11010000101011000010111011011000
01111011101111010111110000001000
01110111000011000100100010110010
00000000010010011101100011111011
00111110110111010111100000101101
00000000010011100001000101111011
01110110100100000001110000110011
00000000010101001000011011111001
10011000011001111101001110110100
11010100010100001001100110110010
01110000000101011111101111101111
00000000011001001100011101011111
01010000111010001110001011010011
00000000011001000011000010001010
11011100010000000000100001011000
00000000011100000001011111100110
00000000000000000000000000000000
00000000000001011000001000000111
01110111000011000100100010110010
00000000010111001101101100101111
11110110100111110110101000110101
00000000010011101111000001001010
01101010101110001001000001011011
00000000010011100010111100100000
10000001001110010011010000001101
11110110100010000111010100110010
11010111110100111100001111100110
00000000010101100001100011111110
10111001010110001011010111010110
00000000010111101111000101100001
00111001101010000000000010101010
00000000011111101101111110011001
00110011010001010010101010011001
00000000010111101001010001111111
00011001100010001000010110011100
00000000000111001111101011000001
01101010000111101000101101100100
11110110111110011111010101110100
01110110100010000111010100110010
00000000000111111110110001001011
11000100100000110011110010001010
00000000011111011001010101100000
00010101011110110100110100010000
00000000001100000110110001011011
10100001100101111011000110011101
00000000011100101011101100000110
11110110100101111100001100110100
00000000000001011010101001111101
11100100000010010100011101000111
00000000010100100111111100101001
10000110000110110101101010011010
00000000001111101101000100001100
00000000000000000000000000000000
00000000000111011110111011011111
01100010010111111001101011101001
00000000000110111100001001111111
01011111000110000100010001100101
00000000001111001000101010000110
11110100011101001110000000011101
00000000010011101100111011000110
01111101110101000001010011010011
11110100011101001110000000011101
10111110110010110011011100111100
00000000001010011001011000010010
00001010101111100100011010000011
00000000001111111101011010010100
11100110010010111010010100110001
11110110100100000001110000110011
10001110101001000000001001011100
00000000011111111100001000110011
01110111100010000111010100110110
01101110011101011110001111111101
10010001111100110011011001000001
00000000011101011010000101000000
01010101010100101100101110010101
00000000001111100110110111110000
00101001101100100000001010111101
00000000011101111010011010111001
11000001100100011011000100110001
10110001111110010100111101001001
00001100001100001101101111100000
11110111010110000010101001001100
11110101101111100100110011010011
01011010001010100101101111101111
00000011000101001000001000001101
00000000001010111100111101000000
10000110011001011010000000110000
00000000010110000110011110100100
00100000110111101001000001011001
00000000000011001101011101100100
00100100010010011110101100110101
00000000011010111100000111010000
00101110110100100101100000100100
00000000010111010000101100110110
11111110100010001110001110111010
00000000010000000111010010110111
01101110011000101010111110110000
00000000000100011010000001100111
01001111100011110101010000111111
00000000010100101001010101110010
01110011011011100001001111110000
00000000000010110101000000000010
10110000101010010000100111111000
00000000010111010010111101011100
11100100000010010100011101000111
00000000011010110110100100000000
00001100010100011100010111010100
00000000001001110011011000011111
11001000000000001001100010101000
00000000000110000001010010100010
11011011011111001111100111001010
11100100000010010100011101000111
00011111000111001001100110100001
00000000001101100100011010101010
11011111100100110001001000000000
10101110110100011101000110101111
10100111110000010011111011100110
00000000010000101110101010001000
11000111000011110001011110111000
00000000000100111110110010111010
11110100011101001110000000011101
00000000000100100111100101010100
01000111001011100110101001010100
01110110100100000001110000110011
10001111000000001010101111100000
00000000010101110011010010101110
00000000000000000000000000000000
10001101101110110001001000100100
00010111110100100010001111000111
00000000001010001101110001010000
01111001110110100100100010100111
00000000011011111000111101011101
00110001000000110011011000110010
00000000011100100101100011001011
11111011101111010111110000001000
00000000011101000110001111100111
11010100010100001001100110110010
00000000011110011011000000000010
00000000001100001111011001000101
00000000010011111010011110000110
10110101101000101111111001111000
00000000010111011100101101110010
01111010000010111100010101011101
00000000000000001010011110010101
10000110011001011010000000110000
00000000000000011110100101011010
00000000000000000000000000000000
00000000001100110010111101111011
11101111100111011110110000000101
00000000000111101100110010101111
11100010010000010110010100011011
11100100000010010100100001101100
01011111111111100100010001000010
11110100011101001110000000011101
00111000111111111101101010000011
00000000010010001001101100001010
11011010000011101000000101101010
00000000011111100101011001000001
00101011001110011001000010000100
00000000001110101111101001010001
00000000001010001101110001010000
00000000001101010110010000111001
01100111100101001100001100111100
00000000010000011110010010000111
00000000000000000000000000000000
00000000001100010010010000101100
00101011110101111000010110110111
00000000010111011010001001001111
10000101001110100111101010010111
00000000000000000000100111100110
01011010111010101100111110011000
00000000001010111101111010001100
01110100011101001110000000100000
00000000010101101000010011101000
00001011001110110010110101011110
00000000000000011001101100110111
01000001001101100001001000101011
01101000101101000001011011010100
10110111111000110011010100100100
00000000000011101010100011101001
00111101110001000110000011000011
00000000011110010000111111001100
00110100111000110010101110100111
00000000001101001001000100111111
10111110110101010101001010100101
11011111100100110001001000000000
01001000001110100101000101110101
00000000000110110010111100100000
10001010001100010000011000000111
00000000011101100100111010001101
10110000000100110010111110101001
00000000010110010010001110000011
10010000010000011111000101010110
00000000000100111010000110100101
00010110110011101101100000101001
01010010111000010101111100001111
00000000000110101111000000011000
00000000010110110010111100101100
01010011110000011100010111000100
00000000000000000000000000000000
01010101001001111010001110100011
01001010100101101100100110100110
00010000001110011000111000111110
00000000000000000000000000000000
01101101011100111000010100001110
00010011010110101011110011001010
00001011111111001010101111111000
00000000000011001100101001001000
00000000000110010010100101000111
11100100000010010100100001101100
00100101000010010100001011000011
00000000001111101101011110010001
10011100101010000100101000110100
00000000010011101001100101010000
00101010110010000010000011000100
00000000001101000001100111110110
10000111011101111110010001110000
00000000000110011011111001101001
01100100000010001111111011100011
01110100011101001110000000011101
00101110101010100100011000110000
00000000001001001110000001100101
11011110001000101010110100011011
00110001011110010100111101001001
11100000101111011011111001101110
00000000000010101101110111000100
00000010000010000110010110111001
00000000011011100101001110111101
11110110100101111100001100110100
00000000001000110001101011101101
00111111100111111110100001001101
00000000010110010100111010001001
00000000010100110101111011001011
00000000010111000101001110011101
11011110110000111000001001101111
00000000000000101110110011111001
01010010000011101100000001101101
00000000001110001000001000011010
01001010111010001011000101110010
00000000000110110100011000001100
11000110011101011010010101111110
00000000011000110111001001110111
11000011100011100000111000011110
01110110100010000111010100110010
01101101001000011110000110100011
01111011101111010111110000001000
10000110110111100010101001011011
00000000000000101011001010100000
11011101000110100011101100001001
00000000001111111101001000110000
01111011101111010111110000001000
00000000000000111100110110000101
10011011010000010010001011111000
00000000011010100100110110101100
00001001000011110011110101000000
00000000011101001001111100100110
10011111000111011001100100000000
00000000001101111111110010110010
01000111010110110111110011100101
00000000000011100100001111110111
11010010111000010101111100001111
00000000000110001001110110011011
11011110010100111100111100001000
01110110100100000001110000110011
01011101110001001001111100101110
00000000001010001101110001010000
11101010000100101100111110100111
00000000010010100011010000000001
11101000100001100001100011100111
00000000000101110100000001110001
10011010000011111111001111010111
00000000011110111010000110010111
11111011110100010000110001101010
00000000010011010100100101010001
11010000110110101000100010001001
00000000011101001001111100100110
10011001110110011110011010001000
00000000011010001101111011011100
00111001000100001111100101001100
00000000010110100010101010010011
00000000011000100101100011000101
00000000000010111111110110100111
11010010111000010101111100001111
01110100011101001110000000011101
00000001111000010011000110011000
00000000010111010111001101110100
01101110011101011110001111111101
00000000010111000110001000100101
00000010110001000100010010101110
00000000000000101100000011010101
00010110101001111110110001110010
00000000010001101001011110010111
11100111010111111100000101110011
00000000011101111000010111110001
10001001001110111011101101110001
00000000000001101111100011001011
11010100110101011011111100010010
00000000000110011111000001110110
00111010110010001010000100100100
00000000010011001100001000100111
11110110111110011111010101110100
00000000011010011101001011000010
00000000000000000000000000000000
00000000001110001110011010111001
00001110000111001010011010100010
00000000010010100001001000010001
10001001000001110111111010110011
00000000000011100011000001100110
01010100000110111110000001110000
00000000001000001001110101111111
01100100100100001000101011001010
01110100011101001110000000011101
11111001111010010000111111111000
01110100011101001110000000100000
01110111000100111110111110110100
00000000010010111011010001101010
10010001000011010011010000110101
00001001001110111011101110000000
01111000101001110111100001101111
01110110100101111100001100110100
00000100110010100110010010011000
00000000001010100101001110101101
11111110001010010001011101101011
00000000001101010110101110110000
11110100011101001110000000011101
00000000010111110111101011111010
10100011110111010000111000110010
00000000000110011000100101001011
10111111010001011010001001110010
00000000000011110100101111010110
00100111010110111101100110001111
00000000011110110011001010110011
01110110100100000001110000110011
00000000000010100111011101111110
11100111101101111101111101000110
00000000001001000000010100000000
01011001100011101011100001100111
00000000001000101100100111011100
00111000000011001101001100110010
00000000000100001000011010110111
11111101011110100010111111110000
11110100011101001110000000011101
01000011001001011100110111110010
00000000000001001101011111011100
11011000111101001001011101001011
00000000001111111111000001010110
10001001110001001101010101001000
00000000000110111010001001000011
00001100101111010101111100011000
11111011100001001010000110001001
01011100001000101011001001110010
00000000001000011110111011000000
00001000000000100110111100010011
00000000010111000010001001000000
11111000100110100110010101011100
00000000001100101010010101000010
11011111100000011001110111100011
00000000010101001111001100001000
01011001100011100000011011010001
00000000000001010000111110000101
11110111000101100010011101000000
00000000001001001010001011100100
01110001111111111000011110011000
00000000010100101100111111110100
10111011101011011101100101011100
00000000000111100011011111001011
01010010111010101000011011110010
00000000011000010011011100110010
11011010101111010011010111010111
00000000001101101110110111011111
01111100000101111001111000000111
00000000000011011100011010110100
01110000101100001000110000000101
00010010001111101110101111101100
11101011100100001101100111101110
00000000000000101101010011111111
01011111100100110001001010001010
00000000011000101111101110101000
11100100101100100101000010100100
00000000001010100001001000011110
10000001010110110000110000000101
00000000000011111011011010000010
00000011001111101000100110000100
00000000011001011111111110010111
00100001010011011010110100111111
00000000010000110011110100100000
11010010111010101000011011100010
00000000000111111110110001001011
11100100101110100010011100100111
00000000011110010111000010000000
11010010101010010001101111001101
00000000001111001010110011000001
01100110110110000010000111100110
00000000010110110100110100010111
00001001100000101100001001100111
00000000001011001001100001110100
00010010001111101110101111101100
00000000001000000100100001000000
01110100100111011000001101011001
00000000010100100100010011110100
11010011001101101111101001111100
00010010001111101110101111101100
00000001000010100011001110101110
00000000010010011100011110011110
01011010001010100101101111101111
00000000011110101011011111110011
00000000001111100110110111110000
00000000011000100111000110100101
10101101010101011001011111001101
00000000010100110010100001000011
11010010111000010101111100001111
00000000011100110000011010000001
00000000001100110010111101111011
00000000011111101001001001001011
00010010000100011101000011011001
00000000010111111010100011000101
10010111101111110101001011011100
11110110100000001100111000110000
01100011100101101100100101101111
00000000011000010010001100110100
10001101101110110001001000100100
00000000000000001110100101101111
01100011110100101100100100001011
00000000011100011010100011001011
10110001010011010011000000101011
00000000011110011001001101001001
10010101000110101111101101111000
00000000001101110010101001100000
11111100001010110110100010101110
01110110100101111100001100110100
00011101110111110011011111101100
00000000011011010111101000100111
11011011000100100010010101000010
00000000011111000011110001110101
01001000111100100010001001000101
00000000010110111101101100101000
00000000000111111110111000100001
00000000000101000000110011000100
01111100000001011110100111001010
00000000001010110111100111111010
00001101011000000001111011110001
00000000001000000010001000001000
00011001110111110001110010110101
00000000001111100110101000001011
00001011000100101010110101111001
01010010111010101000011011110010
00110001101001110000111010000100
01100100100100001000101011001010
00111010100110011010100010000011
00000000001011110100010010011110
01110101001101011010100001100000
00000000000110111100010111100100
10011100000101100101111101000111
01100100000010001111111011100011
01110011110011011111101000010111
00000000011001110111100001000100
10001011011101011000110110000000
00000000011110001000111101110110
01101100111110001010011001100000
00000000011000100101100011000101
10101000011100111001011010101010
11110110100111110110101000110101
11000000011011111001000101100110
00000000010011111111011000010011
11110110010111001111000111000011
00000000001001010000010100111101
00101101101001001110110000110110
00000000011010110011011001011010
11001000100100111111001000100000
00000000010010001011111011011001
01010001010110111100100010101000
00000000010010010010101001000100
11000100100001101010001110100100
00000000001101011010111110100010
10111111001010101010010011101100
01011111100100110001001010001010
00000000001001010000010100111101
00000000000111111110111000100001
11111110100001110000001110100111
00010011010110101011110011001010
00001101011000000001111011110001
00000000000001101000100011110111
10000010110110010011010110111011
00000000011001101110011101011011
00110001111110010100111101001001
00000000010011011110101100001110
10101001000000010011100111011001
00000000011100010000011011101000
11111011100001001010000110001001
00000000010001110001010010000111
11110100011101001110000000100000
00000000000000000000000000000000
11011001100111001111100011011001
11010010111000010101111100001111
01001011111011010011101011111101
00000000011100010010001111010100
11000110100100010001101001111111
11110110100000001100111000110001
11000001111110111000110100010101
00000000011111000110010101101111
10001100100000111111111101011100
00000000010011010101001100100100
11110110100100000001110000110011
00000000001101001111010100000101
11101111111001001101001010110100
00000000000010101101101011101001
01100100000010001111111011100011
00000000010001101000011001000010
00100011000000001101101001100000
00000000011001011011111100100000
10000110001010101111001101011101
00000000000011110110000010101100
11001000110101100111011101011110
01001111100011110101010000111111
00011001111101011111110101000010
00000000010111000101001110011101
11010000111000101100011010100000
00000000010111010010101000011010
00011001100010001000010110011100
00000000001000100100001000100011
00111110001101110100110111101110
00000000010100000100101000011011
10101101011110101111000010111010
00000000000000000011010110110010
00101110111100111011011110101111
00000000000111101001000011101101
01010010111010101000011011110010
00000000010110011001000111100111
01111011101111010111110000001000
00000000010101111011111111110000
00010100100111111101011010000000
00000000011111111000011110001001
00001110101001011000000001111010
00000000000011111011111110011101
01011111100100110001001010001010
00000000000011100001000011001011
11110011100110100111010110100000
00000000001111000011011101101111
11010010001100111101110010101010
00000000001111000111010000001111
11110110100100000001110000110011
00000000001110010010111001110011
01110000001101000110101110001110
00000000001011111110000110001100
00100111000111001110010000101011
00000000011111110001011010111100
00110011010110101000100111000010
00000000001100111101101101011011
10100110111100011110101010111101
00000000010100101100010001001001
00011101011011000111010111110111
00000000010010001001100001101011
01001111101000101011100110010110
11100100000010010100100001101100
10010100010010000110011111100101
00000000010111101010101011011110
11110110100101111100001100110100
00000000001011101001101010111101
01101100110101111011100001001010
01101000101101000001011011010100
10110101101000101111111001111000
00000000010100010000000111000000
01100110111110101111101011001010
00000000010011111000101001000000
11110110000010000101001011011010
00000000010010000100110100010000
00101110000100111100111011000100
00000000000010001001101000101000
01011111100100110001001010001010
00000000011010011110100010100011
10001110100100111100101011011011
00000000001010001010101100010101
00000000000000000000000000000000
00000000000000010010100100010101
11000100000100000001010111000101
00000000011000000010001110111111
01010011101100001011011011100011
01110111000100111110111110110100
10001111100001111101111000101110
00000000001101101011010010100110
10011110011001111111101100101000
00000000001001110101110010101011
00110000111110010100111101001001
00000000000000000000000000000000
00000110010110011101010011101100
00000000000101101100001001110101
01010001110110001001000010110010
00000000010100110101111011001011
01100010000111111111111100101100
00000000011011011010011111010101
01100100011100110000001011001100
11111011001011111000101011111000
10101110110100011101000110101111
00000000000101000000011111101111
10111110011010000011110011100000
11110100011101001110000000011101
11110100101100001010010110110010
00000000010000010101001110110101
11001111010111001111011001110001
00000000011010001011001010010101
00000000001100110110101100100111
00000000010110111110010011110101
00110010010101010011101111000101
00000000011010000011101101001001
11101011000110101010100111101100
00000000010111101111000101100001
11100011011111000111101110000011
00000000011110000111101010010110
11111000001111101111110000011101
00000000011101011010010111110111
11100110000000111100101111110010
00000000010001111011100101000110
00010011010110101011110011001010
00000000000110110111110010011110
11110111000100000001110000110100
00000000000000000000000000000000
11101110100110010111101101110010
01101100111110001010011001100000
00101110010110011001011100010010
00000000000011111111100011011000
01011111011100100010111000111100
00000000001000111110001001011111
00000101011100111000001010001100
00000000001111011101000110100010
11011000001001011011000001100101
00000000010011111111111000110110
11011011011010100011000001100001
11100100000010001111111011100011
00010100001101011000101001011011
00000000010111101011010100100011
10010110001110101010001101101110
00000000001010111011010101000011
01011011001011110101111001011110
00000000011111010110011101010101
01000010011110100101010000101111
00000000010011011010100101110000
00000000000011110110000010101100
00000000010001111110100011110100
01010111100100000110010000010000
00000000011010110110110010101011
01001111100011110101010000111111
00000000010111000010001001000000
01100100000010011001000111110101
00000000010000010111001001110110
11000010011100110100010011111101
00000000010011011011111101110000
01001010111010101111011101001001
00000000011001001000011101001010
11000001000100111100110100001001
10101001000000010011100111011001
11001000010110111101011101010110
00000011001111101000100110000100
11101010111011111101011101100010
00000000000010110011010110001011
10100110100001111000100110010101
00000000000101101101101010110111
10111101011000011000101100000001
00000000010010111001000011011111
11111101111100010011111001001011
00000000000100011111101011000000
00001100110100110111001100111011
00000000000011101011110010010001
10111010111101111010011101100011
00000000010111110011001101110100
00000000011101001001111100100110
00000000000010111111110101111010
11110000000101111001000011110011
00000000011110000110000110100111
01000100101101100110000101101010
00000000001011010111101001110010
00111101011010000000011111101101
00000000001011010001100100111100
10100001000000100110100101010001
00000000000101101001101001111101
11011001001011111100100111111100
00000000000010001010101110100100
10001110101101011000010010000110
00000000011000100110010000000011
01110110100010000111010100110010
00000000001011110101010001001010
00000000000000000000000000000000
00000000010101010010001100001111
11111011001011111000101011111000
00000000011011000110010110100001
11001111010101011011001000100100
00000000011011100101010111111110
11010111101000000001101101111011
11110110100100000001110000110011
11110111000100111110111110110100
00000000001100001011011000101101
11101111011011011101011101111000
00000000001111111001101101000011
01110100011101001110000000100000
00011011101111000111011111010010
01111010000100001001101011101111
00000000000001001101100010000111
00011110010001010101100001001010
00000000000011001101111110010011
11110111011110101100110010001001
00000000000011111101001001000111
01110110100101111100001100110100
00000000011111001110001100100100
10010101100111100101000010011110
00000000001000100000011001111001
11101011100001011110000100111011
00000000010111100111101000000001
01110100011101100011000000110111
00000000001011110011100000011001
00010010000011111101001001010110
00000000010100100001010000001110
00110100110111011001001100011111
00000000001011001010110000110000
11110111010011001010111111010100
00000000001010001110001111101100
00110000000010110111011111001100
00000000000001000000001001110100
00010010010001110010111110000101
00000000000011111011100101101110
00101010001010110110110000000010
00000000000010101100111001000101
01011010110011010011011101011100
00000000010011101011100101010110
01110100011101001110000000011101
00000000000010100110010101010001
00001001101000000001001101001011
00000000011011010100101101000011
00101100101111001010011110111000
00000000000011000100111011111100
11100100011001110110100111111110
00000000001100010010010101001101
00000101001001110100000100111101
00000000010001100101011000011100
00110101101100010000001001011000
00000000011001011100010111000001
11011010011100011101100011011000
00000000010101010100101100100110
01110110100010000111010100110010
00000000001010111010010110010001
11010111111110001100101101110110
00000000000011000110100010101011
10001100101111010101010110111000
00000000000100110110111100000100
11001100101111100100100001011100
00000000000110010000100100111110
00000000000000000000000000000000
11110110100101111100001100110100
11000111101100110011000101011111
00000000001010111110100111000011
00010010001111101110101111101100
00000000010110110001100010110110
01110110110001110100101011000000
00000000010011001111100101010101
10101111000000011011100101101000
01110100011101001110000000100000
00000000000000000000000000000000
00000000011100110100110010101101
10010010011101110010110100011111
00000000011100010011110111111000
01101111000110100100110000000001
00000000011011101100001100011110
10011101110100111111000111100100
00000000011010110100000001110110
11001101111110010110010100101110
00000000001010011011101011000010
10100100100011100111101111000000
00111111100111111110100001001101
10010000110100010101111100100100
00000000000000000000000000000000
01100001010000011001000101000000
00000000011110111100100011011110
10010011100101011010010011101000
00000000010010000100010101111000
00111000100000001010110101011000
