01111111110000000000000000010011
01111111110000000000000000010011
01111111110000000000000000010011
00001001001111001000011111010011
11101000110100000010001000100111
00000000011011000000110001010011
01000111110000000010001010000111
00001000000001100000011101010011
00001000100100101000111111010011
00000001111110100000101111010011
00000000001011011000010001010011
10101000001100000010101000100111
00000001010110000000010101010011
00000000010000011000100001010011
01001100000000000010110110000111
00001100000000000010110100000111
00001000011110000000101011010011
01011010010000000010010010000111
00001001110110100000110001010011
01010000010000000010100100000111
00000000010010110000011101010011
00000000011100010000001001010011
00001000010001101000110001010011
00001000010110011000001011010011
01011000111000000010110000100111
00001001000010011000000101010011
00010010101100000010011000100111
00000001100101000000010001010011
11110010110100000010000000100111
00001000100111011000111101010011
11111001011000000010011000100111
00001001100010000000100011010011
00111101110000000010001000000111
10010011100000000010101010000111
10101110110100000010011000100111
00001001011011100000111101010011
00000000111011110000110111010011
00000000101001110000110011010011
00001001001111101000010001010011
00001001110101011000010101010011
10100110110000000010011000000111
11111111000100000010000000100111
00001001010001001000001101010011
00000000100100010000011101010011
00000000101100001000000011010011
11010001001100000010001000100111
00111010100000000010010010000111
00011000100000000010101000100111
00000000011101101000001101010011
11100110101100000010011000100111
11011101010000000010001000000111
00001000101010011000011111010011
00001001110101100000100101010011
00000000100010110000101101010011
00000000010000111000101111010011
10111011110000000010101000100111
11000000110000000010000110000111
01001001001000000010111000100111
00001000010010000000111101010011
00001000100011111000011001010011
00000000000100101000000101010011
00000001111000111000000101010011
00101100111100000010010000100111
00001001011000011000101001010011
00000001011000010000001001010011
01001011110100000010101000100111
00000001010000000010100110000111
10101101100000000010100100000111
00000001111110100000100011010011
00000000000010001000111011010011
00001000000111111000000011010011
00000001011001111000110111010011
11100010100000000010100010000111
10100101100000000010101000100111
00001001111011001000111011010011
01010000000000000010010000000111
00000000100101110000010011010011
00001000111011100000001111010011
00001001100111001000101101010011
10100111110000000010100000100111
11110000110000000010111110000111
00000001101000111000100011010011
00001001110001110000001101010011
00110010111000000010101000100111
00000001110010100000101111010011
00000001010010111000011001010011
00001001000001001000110101010011
00000000110110100000011111010011
11000010110000000010111010000111
11011111110000000010110010000111
00000001100001101000011101010011
00001001001001111000111101010011
00000000110100000000100001010011
00111011100000000010011100000111
00001000000001001000000111010011
00000001100110011000001111010011
00000110000000000010101010000111
01001111100000000010000110000111
00001000101001011000100101010011
00001001101000100000100001010011
00001000110011000000001011010011
11111101100000000010100100000111
01010101100000000010010100000111
11010101111000000010101000100111
00001001110011010000100101010011
00001000110000000000010101010011
00000000100010011000100101010011
10011100011000000010011000100111
00001000100110100000111101010011
00000000101010101000100001010011
10100001110000000010000010000111
00000000010000011000001111010011
11111100010100000010111000100111
00001001110000000000110011010011
00000001010001011000001011010011
01110011001100000010100000100111
00001001001010000000100011010011
00000001100000011000001101010011
10110110000100000010001000100111
00000000011100011000110101010011
00110100010000000010010110000111
00001001101101100000111011010011
00001100000000000010010110000111
00100010000100000010011000100111
00010010100000000010001100000111
10010001110000000010000110000111
00001101100100000010011000100111
00000010000000000010110010000111
11001110100000000010111100000111
00011110000000000010110010000111
10100000000100000010101000100111
00001000001011011000010011010011
00000000011111110000011101010011
00000111011100000010100000100111
00001000100110110000100111010011
00010001110000000010101000100111
00000001101010111000011111010011
10100001010000000010101000100111
11110001101100000010110000100111
10100110110100000010111000100111
00000000100111011000111011010011
00000001000011010000001111010011
00000001100101010000011011010011
11110111100100000010100000100111
00000001110000100000110001010011
11010001101100000010101000100111
01101110101100000010000000100111
00001000011110111000010111010011
00000001110011100000010011010011
01101000100000000010110100000111
11001000010000000010101110000111
00001000011010110000000101010011
10100000010000000010011110000111
11100000101100000010110000100111
00111111100000000010001010000111
00000000111110010000100001010011
00111111000000000010010110000111
01110010100100000010010000100111
10011000100000000010000010000111
00001000011001011000011001010011
00001001000100100000100011010011
00001100101100000010111000100111
11111100110000000010010000000111
00001000110100001000101011010011
00000000010011000000011111010011
00000001111011101000000101010011
00001000010011000000110111010011
01001001000100000010110000100111
00001001110001111000001101010011
11000001110000000010111000100111
00001101010000000010110000000111
00001000100000101000010111010011
00000000011010111000011011010011
11010001100000000010101010000111
00001110110000000010001010000111
10100101011100000010111000100111
11110100100000000010110000100111
01101010100000000010001000000111
00000001011000110000011001010011
01101000110000000010100000000111
11000101001100000010000000100111
00001000111110110000010101010011
00000001101001110000110111010011
10110010100000000010101110000111
01101000010000000010011000000111
00000001001100101000001011010011
01111001000100000010110000100111
00000000100011101000100111010011
00001001101000011000000111010011
00111001000000000010111000000111
10011100110000000010111100000111
01010000001100000010011000100111
00011100110000000010010110000111
10001111000000000010100000000111
11111100100000000010100110000111
11111100010000000010110010000111
11001011011000000010110000100111
00011000100000000010111000100111
00000001011100110000100001010011
11101100110100000010011000100111
00001000101101001000111011010011
00000001011100101000111011010011
00001001000111000000111011010011
00000001100100000000010011010011
00100111010000000010011000100111
00001001000101101000001011010011
01101001110000000010011100000111
01001111100000000010110000100111
00000000111111111000110011010011
01010101111100000010111000100111
10000101010000000010001000000111
01011111100100000010100000100111
11011011111100000010100000100111
00001001010110110000000111010011
00110000100000000010111110000111
00000000000101000000000011010011
00001000010000010000111101010011
00001000011001011000101111010011
10001000010100000010110000100111
00000001111010101000000111010011
00011011000000000010101000000111
11111111000000000010111110000111
00001000001001110000001111010011
00001000110100000000011111010011
00000001011100111000010011010011
00000000111111100000010101010011
00001000110001010000001111010011
01100000001100000010001000100111
00001000010011000000011001010011
00000101111000000010111000100111
01010011101000000010110000100111
11001000010000000010111010000111
11010100110000000010011110000111
10110101001000000010001000100111
00000001111111001000101011010011
00001000011101111000111011010011
10000100100000000010100010000111
00001001111110110000001001010011
00000001111101110000111101010011
00001001000011010000010001010011
01001010100100000010110000100111
00000001001001101000110111010011
01000001000000000010110000000111
00001001011110000000011111010011
10000001000000000010101010000111
00001001111000010000100101010011
11110011010000000010101010000111
00001001010000000000010101010011
00000001010110111000001001010011
00000000010000000010101100000111
00001001000100001000010111010011
10010000011000000010111000100111
00000000011001001000111101010011
01110010101100000010111000100111
00010111001100000010101000100111
00000000111010101000110001010011
00011000010000000010101010000111
11110110010000000010100110000111
10101001111000000010000000100111
00000001111111111000001101010011
00001010000000000010000110000111
01110100001100000010101000100111
11110110111000000010110000100111
01111111101000000010101000100111
01001110000100000010100000100111
00001000000010111000111011010011
00001001010110101000101001010011
00001001100011111000110101010011
00000000110011001000010101010011
01100011000100000010000000100111
01011100100000000010101110000111
00000000110100000000110111010011
00001001101011010000111101010011
00000000011000011000011101010011
00000001110101101000100111010011
01011101110000000010100010000111
01011100000000000010111000100111
00001000001011100000100001010011
01110101011000000010001000100111
00000000101110010000100101010011
00001000011100010000010011010011
10101111001100000010011000100111
00000001111011011000110111010011
00000001000111110000001001010011
00001000111100101000001001010011
00000001001110000000101101010011
11101011010000000010001000000111
01011101001100000010001000100111
11110010111000000010110000100111
10010111111100000010100000100111
11010010110000000010110000100111
10111011001100000010110000100111
11110101101000000010000000100111
10111110100000000010111110000111
10101100001100000010101000100111
10011111010100000010000000100111
00001000101011010000100001010011
11101111101100000010010000100111
00000001010010101000001111010011
00000000100100011000100101010011
11011111100000000010110010000111
00100001110000000010011010000111
10011101111100000010110000100111
00000001100001100000000101010011
11011111110000000010111100000111
00001000101011000000110101010011
00000000011100010000000111010011
00000001111011101000111101010011
00000001010011001000111101010011
00001001100111111000100001010011
00001000000001000000011111010011
01011110010000000010010000000111
11010001011000000010111000100111
10010010110000000010001010000111
00000000000100100000110111010011
01000111000000000010110100000111
00000001000101011000100111010011
00000001011010011000101011010011
10101101010000000010100100000111
10101010010000000010010010000111
00000001100000000010111100000111
01011000010000000010010000000111
10011001010000000010011110000111
00001000110110000000110011010011
10001010010000000010000110000111
00001001001110110000000011010011
00001001110000100000001001010011
00011011100000000010010110000111
01100100111100000010100000100111
00000001110010111000011001010011
01010111010000000010000000100111
10001110110000000010110110000111
00001001101111000000110111010011
10110011100000000010110000000111
00001001001111110000110001010011
11101111110100000010001000100111
00000001001111100000011101010011
11110011101000000010000000100111
01110000010000000010001010000111
00010101100000000010000110000111
00000000101001000000100111010011
10000010100000000010000110000111
00000001110110001000111101010011
10101101000000000010101100000111
01010001100000000010011000100111
00001001111010100000111011010011
01000001000000000010111100000111
01111000100000000010101110000111
00010101100100000010011000100111
00111011110000000010010110000111
00001000101100101000111001010011
00000001111101101000100001010011
00001001100010111000011011010011
11111110000100000010101000100111
00000000011100011000001111010011
00001001100111111000110011010011
00000000101000010000101111010011
00000000100101101000100011010011
00000000111000111000011101010011
11101101110000000010101010000111
00001001000110011000101111010011
10101001110000000010110100000111
00001000110000101000010111010011
00010001010000000010110100000111
11000110000000000010101110000111
00001001100011010000001001010011
01001000010100000010000000100111
10001110110000000010001000000111
00001001100010111000010111010011
01101101110100000010011000100111
00001001110100100000100101010011
11101011000000000010000000100111
00001000111011010000001001010011
00111101101000000010101000100111
11100001000100000010001000100111
11001010101100000010110000100111
11101101001000000010100000100111
01011000110000000010010000000111
11100011110000000010101100000111
00001001011110110000100101010011
11000011100000000010101110000111
00000001001011100000100101010011
10100100100100000010111000100111
01001000111000000010000000100111
00001000110001111000111001010011
00000000010000110000110111010011
00000101111000000010011000100111
00001001101110110000101101010011
00000001001100010000100101010011
00000001000010011000101001010011
11100011010000000010111010000111
10000111000000000010111000000111
10011000101000000010111000100111
00001000011110111000101001010011
00101001100000000010011000100111
00001000010100101000111001010011
01001000010000000010011010000111
00001000100000111000010111010011
00000001000010001000000111010011
00000001100100110000010111010011
00000000101110001000101111010011
11110111110100000010011000100111
00000001000010111000011101010011
00000101111100000010011000100111
00001001001001011000010101010011
00111111110000000010111110000111
11100001101100000010100000100111
00001000110010000000101101010011
00000000010011101000101011010011
00001000010000000010000010000111
00000001100100011000001111010011
00010000010000000010010010000111
00000000001011010000011111010011
00000000001011001000111011010011
00001000101101001000101101010011
00000000000110100000011011010011
01101000110000000010110000000111
10010010111100000010010000100111
00000001011100101000111001010011
00001001111011110000011001010011
00000010000000000010111000100111
01011110000000000010010000000111
00000000001100100000101101010011
01001110110000000010101100000111
11111111011100000010011000100111
10011011001100000010000000100111
00110101111000000010111000100111
00001000000110011000000111010011
10110001101000000010110000100111
00001001011111010000101011010011
00001001110010001000101101010011
00000001011101010000011001010011
00101111101000000010111000100111
00001001000101100000001001010011
00001001100110111000010101010011
00110110110000000010111000100111
10100010100000000010100010000111
10100001000000000010100110000111
10001101000100000010010000100111
00000000000100011000100101010011
11000000100000000010110010000111
00000010010000000010000000100111
10110011011100000010000000100111
10001111110000000010111000000111
00001000111011000000011111010011
00000001110100110000101101010011
01010110100100000010101000100111
10100111000000000010010110000111
00000001011100000000110001010011
00101000100000000010000010000111
01110101010000000010011110000111
00000000000101011000111011010011
11001011100000000010110000000111
01001000110000000010010100000111
00001001101110110000100111010011
00001000001001010000110101010011
00010101010000000010011110000111
10100010010000000010010100000111
00000000001110111000111111010011
00000001010011101000111001010011
00000000111010000000100001010011
01000100000100000010011000100111
00111110000000000010111110000111
00001001111110111000001001010011
00000000111101111000111001010011
00000001010010111000011111010011
11010010010000000010111110000111
00001001001110000000011011010011
00000001001001000000000011010011
00000001001000001000111011010011
00001001100001000000101111010011
00001000000101101000110011010011
01010011110100000010011000100111
10101110110000000010011010000111
00000001110111000000101101010011
00001001111000001000000011010011
00000001010010100000101011010011
00001001010111100000001111010011
01101101010000000010110000100111
10000011000000000010101010000111
10111001101000000010111000100111
00000000101101111000001001010011
00011101010000000010000000100111
10000100000000000010010110000111
00000000011011001000110001010011
00001001111111110000110001010011
00000000101110100000111011010011
00000001011110111000101101010011
00010011100000000010110000000111
00000000111100010000000101010011
00000000110111111000111011010011
00000000111010011000110101010011
00000000000100011000011001010011
00001001111101011000110001010011
11001100011100000010000000100111
01010010100000000010011000000111
00000000110110101000001011010011
01010001100000000010011100000111
00001000101000011000100101010011
01000010010100000010111000100111
00001001110010011000110111010011
00000001000110110000110111010011
00000001100111001000010111010011
11010011100000000010110110000111
00001000001000000000001011010011
11010110111100000010011000100111
00000001010010011000100101010011
00001000001011001000100111010011
00000001000001101000011101010011
10001001100100000010110000100111
00000001001010101000101001010011
10100011111000000010100000100111
00001001111110010000001101010011
01100101011000000010001000100111
00001001110110110000010101010011
00000001001000101000100111010011
00001001000100011000011101010011
00001001010011100000111011010011
00001001111111111000100001010011
00001001110100000010001000100111
00000000100101001000101111010011
00001000110000010000101101010011
00000001010010100000111001010011
00001000100011001000001111010011
00001000111101001000011111010011
01010110110100000010100000100111
10000111011100000010010000100111
00001001101100100000101101010011
00001001100100001000010101010011
00000000000001101000011111010011
00000001001101000000110001010011
11111100100000000010010000100111
01110100101100000010010000100111
00001000001100101000011111010011
00000000011000010000001001010011
00001000101101001000000011010011
00011001000000000010100110000111
11111111000000000010110000100111
00000001101000000000000111010011
00000001000000101000100001010011
11110011100100000010011000100111
00001000000011110000011101010011
11110100110100000010001000100111
00000000111101010000010011010011
10001010010000000010110010000111
00000001101001001000001011010011
00000000000110101000111011010011
01101110110100000010110000100111
00000001001010110000110001010011
10000110010000000010001010000111
11000001010000000010001000000111
00000001010110110000111101010011
00000000000001110000110011010011
01101100100000000010111000000111
00000000110011000000100111010011
00000101100000000010101100000111
00000001100101010000100101010011
00001000111011100000111001010011
10111010010000000010100110000111
01111011001100000010100000100111
11110010000000000010110010000111
01100110000100000010111000100111
01100010110000000010000110000111
00001001101101111000110001010011
00001000110110010000100011010011
00010111000000000010011110000111
00000001100111011000100111010011
00000001101111000000100101010011
00001001001110100000111111010011
01011010001000000010100000100111
10000100100000000010000010000111
11110000111100000010010000100111
10111100001100000010001000100111
01000100000000000010001000000111
00000000001011111000011101010011
00001000011101011000000011010011
01100100011100000010101000100111
00000000001100001000100011010011
00011011100000000010010000100111
01100001100000000010111100000111
10111111110000000010111110000111
00000001101010100000011001010011
11000110110100000010010000100111
00001000000110101000000111010011
10010100000000000010100000000111
10001010110100000010011000100111
00000000101000000000110001010011
01000110000000000010011110000111
00001000100011111000001011010011
10011101011000000010111000100111
01110101000100000010011000100111
00000001111110011000111101010011
00001000101111001000110011010011
00000000010010010000111001010011
01011010101000000010000000100111
00000001001111110000100101010011
00001000101000110000111011010011
00000001101101010000000111010011
00100011110000000010000100000111
11100010010000000010011100000111
00001000101010111000110111010011
00001000100110010000101101010011
11101010101100000010000000100111
11000100101100000010001000100111
00000000101110110000100001010011
00101101010000000010110000000111
00000001011100101000111011010011
10001110001000000010001000100111
00000001000011000000000101010011
11010100100000000010101010000111
00100100001100000010100000100111
00011011100000000010100000000111
10111010000000000010101110000111
00000000110000011000001101010011
11010011100000000010110010000111
00001000110001100000001111010011
00001000100110000000110101010011
00001001010110010000101001010011
01111000111100000010101000100111
10111011011000000010000000100111
00001000001001000000101111010011
00001000000101000000111101010011
00001001100000110000010001010011
00000000110001100000001101010011
00001000111000001000011111010011
11101000000000000010111000100111
00000000101010111000011001010011
00001001110010111000011101010011
00001000010110011000111111010011
10100111010000000010111100000111
00000000110001110000100011010011
00001001010110101000111101010011
00000001101100001000001101010011
11011010001000000010011000100111
01111010100000000010011100000111
00000000011010000000101001010011
00001000000010010000111101010011
10101011110000000010111010000111
10010110010000000010111100000111
00000001111000111000111011010011
00000001001000110000111011010011
00001000000001111000000101010011
11111110010000000010011000000111
00001000110000111000011011010011
01100111010000000010111110000111
10011000100000000010011110000111
00100111110000000010110000000111
00000000001010100000001011010011
01000100011100000010110000100111
10000011111000000010100000100111
00100000110000000010110000000111
00001001100100011000000011010011
00110101000000000010010110000111
00000000101111100000001111010011
00110111010000000010100100000111
01011001001000000010010000100111
10000111111000000010110000100111
00001001010101111000100011010011
10010100111000000010000000100111
11010100100100000010011000100111
00000000011111000000110111010011
10010011111100000010001000100111
00000001110110000000111001010011
00000001111100111000010001010011
00001000100100001000100011010011
00000001111111010000000011010011
00111001010000000010010000100111
00001000010011000000101111010011
00001000110110101000101011010011
00000001101010001000010111010011
00000000100001110000000011010011
00001001100001100000010111010011
11100010111000000010101000100111
10111111010000000010100100000111
01000111010000000010111000000111
00001000111000010000111001010011
00000001110000001000110111010011
00000001000111111000100111010011
00000000011111101000110101010011
00000000100100000000101011010011
01110100000000000010001110000111
00001001011001010000110011010011
10110000010000000010010000100111
00100000001100000010000000100111
00111001110000000010011000100111
00001000010000110000011101010011
00001001111001111000000101010011
00000001100101110000111011010011
11111111111000000010100000100111
00001001011101101000101001010011
00001001001110001000001001010011
00001001011101100000011001010011
00000000010100010000011011010011
01111110010000000010101110000111
11001110110000000010001000100111
10001111100000000010100110000111
00000001000000000000100001010011
00010000011000000010000000100111
11001100010000000010010010000111
10000100100000000010100110000111
00001000100010010000111111010011
00001000011010100000011101010011
00100110000000000010011100000111
00001001100011001000110001010011
00100000010000000010101010000111
00000001100100001000111001010011
10100110010000000010011000000111
00000001011000000000101011010011
00001000101011100000000111010011
00001000111001001000110111010011
11000101010100000010101000100111
00001001010000010000010001010011
00110110100000000010011100000111
10001000010000000010100100000111
00000001110100010000010001010011
00011110000000000010000010000111
01111101100000000010101000000111
00001001110101010000111011010011
00000000001000111000000011010011
00000001001001111000011011010011
00000000101100100000011001010011
00001001110001100000010101010011
00001001011011011000110101010011
00000000100011010000100001010011
00001000000000011000001011010011
01000101011000000010111000100111
00000001111001000000000011010011
00001001111011111000011101010011
00000001010011110000101001010011
01110001111100000010001000100111
00000001010001000000110101010011
00000001000001111000111101010011
00000001001010110000010011010011
11001100000000000010000110000111
00001000001011001000010001010011
00000000101100010000000011010011
01101100010000000010011000000111
00000000011100010000010011010011
00010110010000000010110010000111
00000000111101011000001011010011
00001000101100111000110101010011
11011001000000000010010100000111
10100101100000000010010000100111
00001100110000000010100100000111
10001101000000000010000000100111
10011001100000000010111000000111
00000001100001001000010101010011
11010001010000000010010000000111
00000000100000000010000110000111
01100010111000000010110000100111
01111101100000000010110000100111
00001001001110011000001001010011
00001111100000000010111000100111
00001001100000000010101110000111
11100011110000000010111110000111
01011001001100000010100000100111
10100000011000000010011000100111
00001001110101110000111101010011
11011010010000000010101000100111
00101000011000000010100000100111
00001000100000000000010011010011
10111000101100000010001000100111
00001001011011110000110011010011
00000000010001011000000111010011
00111100010000000010100100000111
00001000110010000000111011010011
11001011100000000010011100000111
11111011111000000010110000100111
00001001110001001000011101010011
00001001000000100000000011010011
00000000000101000000100011010011
00001000111001101000001011010011
00001001001110010000010101010011
10100001100000000010000100000111
01011010000000000010100000100111
00000001010101100000111101010011
00000000011111111000001001010011
00000001000110000000010001010011
11011111000000000010100010000111
00111110000000000010001000000111
00101100111000000010110000100111
00000001101010100000111001010011
00000000000111101000010101010011
00001001001001011000101001010011
00000000101010111000000011010011
00001001011100001000101011010011
00101101110000000010100110000111
00000000010101111000101101010011
00000111100000000010000100000111
00000001110101101000000101010011
00001000111101110000100111010011
01001010110000000010111000100111
10011110011100000010011000100111
01101110010000000010110000000111
00001000010100100000101101010011
00001000100101100000010001010011
00000001100010000000110001010011
00000001101011100000110001010011
01110110110000000010001000100111
10101111010000000010000100000111
00111001110000000010100110000111
00001001101010010000110111010011
00001011110000000010101000100111
11001111000000000010010100000111
00001001000000000000001111010011
00111101111100000010010000100111
00000001111111101000011011010011
00001001000111001000110001010011
00000001111100001000100111010011
00000000110101101000000101010011
01110101001100000010001000100111
01001100000000000010111110000111
00000001110100001000101011010011
00010010010000000010001110000111
10011100010000000010010010000111
00110010010000000010110000000111
11001000000100000010010000100111
00001001000010101000001001010011
00110000110000000010101000100111
00001001101100010000101001010011
00110111110000000010011100000111
11011110100000000010001010000111
00001000101101011000101101010011
00001000010111000000000111010011
00001001110001011000000011010011
00001000000011100000100011010011
00001001110010010000010101010011
00001000110010100000001101010011
00001001111011011000011001010011
11010100110000000010100000100111
10110000100000000010011100000111
01001110111000000010001000100111
00000001111000101000111001010011
11111001110000000010000010000111
00000001000001100000110101010011
11001100110000000010011110000111
00101111110000000010011010000111
00001001011000101000110101010011
11010011100100000010010000100111
00011111000000000010001110000111
00000000111011010000101101010011
01010010100000000010110010000111
00001001000000101000100001010011
11001100010000000010100100000111
11110011100000000010010100000111
00000000110110110000110011010011
00111011000000000010100000000111
00001000101111110000010111010011
00001001100000100000010111010011
00000000010101001000110011010011
00111101011100000010101000100111
00000000100100010000100101010011
10011001010000000010100100000111
00101000100000000010011100000111
00000001111010011000010001010011
01100111010000000010110000100111
10100111000000000010010100000111
00001000000000100000100011010011
00001000100001100000011101010011
10011000101100000010011000100111
00000000100101011000000111010011
00001001101100101000100001010011
00000000111001110000100111010011
00001000000011011000100111010011
00001000101001110000100011010011
00001000000000101000111101010011
00000001110011011000011111010011
00000001101001100000100011010011
01101100110000000010001000000111
10011110110100000010001000100111
01000101001100000010000000100111
00001001110110011000000011010011
00001000011101100000110001010011
11000001110000000010101000100111
00000110110000000010111010000111
00000000100110110000001111010011
10000010110000000010001100000111
10010000100000000010101000000111
00011011101100000010111000100111
10010110001100000010010000100111
01100001010000000010010010000111
10111011110000000010111100000111
00001001101011111000110111010011
00001000000101011000101011010011
00001001011010100000100011010011
00001000010010001000011001010011
00000001110001101000111011010011
01111000100000000010001010000111
11111101000100000010111000100111
00001000100000101000100011010011
00001001011000000010000000100111
00001000111011101000010111010011
00001000001110010000010111010011
11100011011000000010010000100111
00001000100110011000101011010011
00000001000101000000100011010011
00100011000000000010010110000111
00001001100010000000011101010011
00000001010010000000010011010011
00001000101000011000101011010011
00001001010000110000100111010011
00000000110001001000001011010011
01110110100000000010111000000111
00000001010110001000110111010011
00001000000001000000110111010011
01110001010000000010001000100111
00001001110010001000101111010011
01011111000000000010010110000111
00000001110010001000011101010011
10111100010000000010001000100111
00001001110001011000011001010011
00000001000101111000001101010011
00000000001111000000010101010011
00000001000111100000100101010011
00010001110000000010011000000111
00001001000111001000100001010011
10000100100000000010001110000111
10111100100000000010100010000111
00100000101100000010111000100111
00101111001100000010011000100111
00001001110100100000011011010011
01001110010000000010100000000111
01101011001000000010110000100111
00011111000000000010100000000111
00111001000100000010011000100111
00000001101000110000000101010011
00011110000000000010011100000111
00000000011100011000101001010011
00000001111000110000000011010011
10101001101000000010001000100111
10110101000000000010000100000111
00001001111001010000111101010011
00100111010000000010100100000111
11001111011100000010011000100111
00001001010110010000101101010011
10101000000000000010111010000111
00000000110110011000000101010011
10101100110000000010101000100111
00001001000000010000100111010011
00000000111110000000001101010011
10110000000100000010101000100111
00000000110101001000101011010011
00000000111001000000100011010011
00001001110100110000100001010011
11111011000000000010000010000111
01100111100000000010111000100111
00000001101110111000110011010011
00000000110011000000100011010011
00001001101010101000010111010011
00001010000000000010011010000111
00011011010000000010001010000111
00100101010000000010101100000111
00000100110000000010001010000111
00000000110011110000101111010011
11101101000000000010010000100111
10000000110000000010110100000111
10010011110000000010110110000111
00000000100110111000101001010011
01101100100000000010000110000111
00001001000100001000010101010011
00011000100000000010010100000111
10111011000000000010010000000111
10001011110000000010101010000111
10101000000000000010001000000111
00001000010001101000011111010011
10111100011100000010110000100111
00000000000101111000100101010011
11110001010000000010110010000111
00010001100000000010100110000111
00010010110100000010010000100111
11101110010000000010011100000111
11110011010000000010110000000111
00000000110100000000000011010011
01000110101000000010011000100111
01011011000000000010101100000111
00110101011000000010011000100111
00001001100011000000100101010011
00000001101110100000110101010011
00001001110001000000011011010011
10110010110100000010010000100111
00001001010101100000110001010011
01000110010000000010100000100111
00001001010001010000111001010011
11001110001100000010001000100111
00001000110001110000111011010011
00111001010000000010100000000111
00000000101100001000110011010011
00000001001000000000111101010011
00001000010010100000111001010011
10110010100100000010100000100111
01110110111000000010100000100111
00001000011101010000001011010011
01100011000000000010101000100111
10101101000100000010111000100111
00001000101101111000011111010011
00001001111101101000101011010011
00001000010001011000010011010011
01101011100000000010000110000111
11010101100000000010000110000111
01000111000000000010111100000111
11001110100000000010001000100111
00001000111101011000001111010011
00001001011110110000010101010011
00001001111000110000111011010011
01010011110000000010000100000111
11011010011100000010010000100111
00001000101100001000101011010011
00000000000011111000000101010011
00001001010100000010000000100111
10000111000100000010111000100111
00001001000110110000000111010011
00000001100000000010101000000111
11001110101100000010110000100111
00000001110000110000000111010011
00001000010000011000110101010011
00100101001100000010100000100111
10010110101100000010110000100111
11101011000100000010101000100111
00001000001100011000011101010011
00001010100000000010100110000111
01000111110000000010100110000111
00000001000101110000111111010011
01111100001100000010101000100111
00000000000000000000000001110011
00000000000111010101101010111001
11100100000111010100000000100100
00000000011000000000101011111000
11010001100111100101010101000110
00000000011011111010001110001010
10010101000001111100001010010000
00000000010100001000110010101010
00110011111011111101011111011000
00000000001001000110001101100000
00000000011110100111111101101000
00000000000111100101100001100110
11100010000010001100010100100100
00000000010100100010001000101001
00110001101101100101010110100011
00000000000110110110101100101011
11110000011100111111011010000101
00000000011111111110001110011100
01001011000000111110001100101110
00000000010011000000000110001011
01110001001100000110001100101010
00000000010000011100001101111010
10000011100100100011110111101110
00000000010111000101110011001101
00000000001011011111011110011110
00000000001111111010101111101101
01001011110000110001101110010100
00000000001011110001000110001101
00000000011110100111111101101000
11110000011100111111011010100001
01011111010110010111011101111000
00000000000011000011101100111101
10101100011010011101101100100001
00000000011000000111011100111011
00101001101010110000001100101010
00000000000001000000011001011111
01100111100000000000000000000000
00000000001000101110011001100000
00111100010100011100100000000001
00000000011010001001100101011011
00000111100001101001000001111111
00000000010101011111010100001100
10110011110001110001100101110100
00000000011011110001000011101101
00000101100011101111101110010101
00000000000100000101111001111101
11110000111100111111011010000001
00000000010011101101011110111110
00110101111010101011000001000101
00000000001000110111001110001010
00100011111110001011011011000101
00000000011010101011100100010111
00011101010011111100011000011101
00000000000100101111011001011100
01010111011010001111111100011001
00000000010111011100011100101110
00001111100011000101101101100011
00000000010101000101110101110101
01110010100000010100101011011010
00000000000111010111010010011000
11101011001111000111010001000100
00000000001000110010001111000000
00010100100010010100001101010011
00000000001010000110111001010101
01111110001100100001000001110101
00000000011001100011001110100100
11011111010011101000001111010010
00000000001110111100111011001000
01101100011101011111011100111000
10000000000000001101111000110010
11111010111000100101101001100001
00000000010100100001010000101011
10000000000010110110000001010000
00000000010010000101100001101000
00010010111001001101100100100011
00000000010000100101011011011010
10100000111110000010111111111001
00000000010100101011001111011001
01001100000111111100011101111111
00000000010001010000110111001000
10101010010011011110000001011100
00000000011100010110001110001010
10010010010010001100100101011010
00000000010101010011110110000110
11101011001000000110100111011111
00000000000000101011011110000111
00010000101100100100100011111110
00000000011110100111111101101000
10000000001010100011011110111111
00000000001100000111110000111100
00100101111110110110111000010100
00000000010100100100100010101010
01111110001100100001000001110101
00000000000111100010110111000011
10000110101000110111100101110100
00000000011000010100000101100101
00001111011110110011100100001111
10000000001110001110010000000101
00111001011100011101101011111001
00000000001100110010101010010010
01011110111001010000011011010101
10000000000011001111001000110110
00000000011000100011100101011100
00000000000001110010000100011010
11001100010100101100101111001001
00000000000001011000010101101111
11100001100010010110111000001100
00000000011100101000001101101010
10111100010110101011010001100011
00000000001000010000111010111001
10010010100111001011110011011001
00000000000011101010110001000110
01111100001011110111111010001101
00000000000111000111111101100100
01110110010110000011001110000011
00000000001000000111001011101111
01100111010010010010111101011100
11000010010101100001000010101100
00000000010011110100111010100010
00000000000000000000000000000000
10101101000001110110100010100010
11001001111100101100111000001100
10111101110111111100000010010100
00000000000111100011110100011011
10001001100100001100101001001010
00000000010000100011100001001100
11010011010000110010111110101011
00000000001001001101111100000001
01000001100100101101111101011110
01101000000000000000000000000000
10110111000111001111100110111100
00000000000111111110101111100110
00001100101010000101111000010110
00000000000001011111111110010110
11001110101010001110101001000011
00000000000100101101010100010110
00110101111010101011000001000101
00000000010110000111011110100000
10010010110101011100001000111110
00000000000010011000111110000011
11100110100100000011110011001101
00000000010010011100000010111010
01101101011011010110100110100011
00000000000011001001001110000111
11110000011100111111011011100001
00000000010100101100001111111110
10001001101010000110110010100101
00000000000000000000000000000000
01110110000110101111011010101000
00000000011101010011000000110100
10100011000110010100010110111011
00000000000011010100001110110111
10010001100100110111001000001011
00000000000100010000111100101011
00000000000000000000000000000000
00000000010110101110011101001011
10011011100010100110000110111011
00000000000000000000000000000000
10111001111011110001000101111001
10010100001111100110000101010111
10000011100101111110000111010111
00000000010010010111111100011110
11111110100000110101100110011100
00000000000000000000000000000000
01100101100101111100101101001010
00000000010011001001000001110110
10110010001010010001100010001000
00000000011101010011000000110100
00010000100111111000011111011101
00000000000100000011110101110011
11100110010011010100001100101000
00000000000111101110111011110010
00010000001101111001011111010010
00000000010011001011100000011111
11111101000000101010100100111100
00000000010000101111001001110111
00001010100110000010001000000010
00000000000000000110111110001101
00010100101111001000100100110000
00000000011100101010111001110000
10000011101101011110010000001100
11110000011100111111011010100001
00110010010000001111010100010011
00000000000010010011001100000100
11100111001010001011101111110110
00000000010101011111010100001100
00110110110110110011101100101000
00000000000111101101001110101101
01101001001110011001010100100011
00000000001110110010110011000111
10110011101011111110000101111101
00000000011001101111110101000001
01001100010000110101001001101110
00000000001111001010101100100000
10111010011101111101000001010111
01110000011100111111011010100001
00000000000000000000000000000000
00000000011010101001111100111011
01110000011100111111011001100001
00000000001110110001011110010000
01010101100010101110010100011101
00000000011111111110000110001001
01111110001100100001000001110101
00000000011101100010110010010101
10010010001111011111011010001011
00000000011000111011111000101011
11100011101100011010000101110001
00110110101000010111010000100011
11111000100101100111111111110011
00000000001111010110100100010100
10110001111100110001100001110011
00000000000101100010110100110011
11001100001101100100110011100000
00000000001001000111111000100010
01100101000110100111110100101000
00000000000001011111111110010110
01111101101111011100101000001000
00000000001100100001001000101000
10100110011100001111010001101111
00000000000001001110001010001110
00100010001011100001101100011000
00000000001100000001000100100001
00110111010100101101010111110011
00000000010011100001010011001111
11010010001011111111110011000101
00000000000110111010000011111100
11001100010010110000101111110000
00000000011110010011101011011100
10011110100011111110001111011101
00000000010000100011101111011011
01110000011100111111011010100001
00000000000101011010010010111010
00110101010111010100111001010101
00000000010110000101100011110001
10001111101101000011111101011001
00000000000000000000000000000000
00000000010101011111010100001100
00000000001010000101001011000000
01101010100010101000000110001000
10000000101100011110101101010100
11111001001110101001001010000101
00000000010000101111000101001110
11111010000010100100011110000100
00000000011100010011100011111101
11110000011100111111011010000101
00000000010000101011100101111100
11000100100010011101110101010010
00000000000110101100001110100011
01100111010010010010111101011100
00000000011101111000111010001111
00110110100001001010111011000111
00000000010000011000110100101011
10001101010101010100000101011100
00000000000101100000110111101001
11011001011011111011011100100101
00000000011001111101011011110100
00011000011011101110101000100101
00000000000111111110101111100110
01011000101001100100110001110011
01110000011100111111011010100001
11100001100000101001011111101100
00000000000000000000000000000000
10100011010011111110000101110101
00000000011011000001001110011010
00000101100010111001101001101110
00000000000001001100001011111101
11000110110101011000110000110001
00000000010010100001110010001110
00110101001110001011001011110001
00000000000110010000100101010100
10000000000000000110111100011001
01101000000000000000000000000000
00110111100101011111111111110000
00000000011111111110001001010001
01001001100010011011001001010111
01110000011100111111011010100001
11110111001110001101101000101001
00000000011010000010000100101111
10101101100000101001111001101101
00000000001110001010011100101111
00000000010101011111010100001100
00000000010010111101101100000110
00100110101011010110000110010110
00000000000100111110111101110101
10000000001111101001100000110101
00000000010101001010101010110111
10101001011010000011000011010011
00000000000101001000011100010110
10110010111001000001011010001110
00000000001100101010111011000001
10110101100110100010011101111001
00000000011011011011101011101011
01001011001101011000100100111001
00000000010110110001011100110000
11111100000000100010111101011001
00000000010000011000101110000011
11101111010000010101100011101100
00000000001110011101110000001011
00111101111001110111000010011111
00000000011011001100011010001111
01110000011100111111011001100001
00000000010010001110010010001011
10110101100110101011011111110110
00000000011110011111000110101000
11110101110011111011001111100100
00000000001100011011110000101010
00011001000010010011101001101101
00000000010000101101001111000000
01010001100111100001000000011111
00000000010111001011110101000110
11111011000111101011010000111000
10001111101101000011111101011001
00111001111011110001000101111001
01010101100010101110010100011101
00011101101110011110000010101011
00000000011101101011111011100011
01111110001100100001000001110101
00000000011100011101100111100111
00101100100110110010100111011011
00000000000000000000000000000000
10100111000110100011101000111011
00000000001110011011111100101010
11100110010111110000000001100111
00000000000000000000000000000000
01011111110110110110101010000101
11000011101010011110100100010100
00100000000101101011011101010010
00000000001111001000110000010000
11110000011100111111011001100001
00000000001011011011100001010000
11001100110110101110001110101000
00000000000010010000001010111011
10000000010001101000101011100000
00000000001011001100001011111101
10110101101101110000100001111000
00000000000111010001100001100011
01000001010111001010110010100111
11110000011100111111011010100001
11110000011100111111011010100001
00000011101101100110001110111100
01010110101110100100000010010001
00000000010001001110010000000100
10111011110111001110011100100100
00000000000001101011000100000010
01001100001100010010100111111001
01110000011100111111011001100001
11111111011110010001100010110001
00000000000000001101001101101110
00110101101010101011110001110111
00000000001011001100110000100010
01101010111001010010011110011000
00000000011001111100001001101011
10001111100010001010101000101110
00000000001001101010011101100110
00110010000100100101000011011100
00000000001100101000110001001110
00001111010001101000100110001011
00000000011100101000110100110001
01010111100111111011110010001010
00000000011101001000000110011010
01111110101100100001000001110101
01110000011100111111011100100001
00000000001110100111011011011100
00000000000000000000000000000000
01101100010100101010100111100010
00000000010110011000010111100110
10011110100111101100100010100001
00000000000010110010010100110101
01000011000101100111101111010011
00000000001000011010111100010000
01001000100111110011010010001110
00000000000000000110111100011001
01001111010101101010111000111011
00000000000111011101111010010010
11101110000000111100111001011111
00000000000110111000110001110110
10010100001111100110000101010111
00000000011000001100111101111001
11100000001000111110101010100101
00000000000010010100011100111100
00111100000111010011100001101011
00000000001110011110010011001110
00110000011100010000111011101001
01110000011100111111011001100001
10000100001100001111011011000101
00000000001001101010101110011100
11110000011100111111011010000101
00000000010101011011011111010101
11110001110010111110001001101011
00000000011101111000110011011010
00001110100011010111000111100011
00000000010101110011110101000010
01001100010000110101001001101110
00000000011100110101011100010100
00011111010011011011011001110100
01001100000111111100011101111111
11010110001101100100000011001001
00000000001100110101100100011001
10111100111110111100010110010101
00000000011001100000011000001011
00101100000110100000100110111011
00000000000100010101001010010110
11101001111001111100000100011100
00000000010110100110001001001101
01101011111001100110101101111100
00000000001001000101110010101010
01010100011100111111000001011010
00000000010111011000011110000100
01000101100100010010010100010100
00000000000000000000000000000000
10011111110011000110001101010101
00000000001000000111000110100010
10001101111000011111111111111010
00000000000001000110001001100110
11101100111100010110101011001000
00000000000000000000000000000000
00000011001101111000000010110001
00000000001111101110000101110010
10000110100010101011010000111010
00000000011001110001110101011001
00011100100011110000111011001100
00000000000000000000000000000000
01101000000000000000000000000000
00000000010010110011111111100000
10101110000111001001101111001000
00000000000011100000011111111010
01011101001001000011111010111100
11110000011100111111011010100001
10010110011101000100111010011010
00000000000111110100110101111001
10111000101110111000000110000110
00000000000001001110110110101001
01110000011100111111011010100001
00000000000100111010100011100100
00000001000000110010010001100100
00000000000001111011110101010011
01000011000110101101010000001101
00000000011010010100011101100100
11101000111010010111111011100101
00000000010000100100110000101000
00000000000100111010100011100100
00000000000001110111011011010010
11111110111011110000011001000000
00000000000001111011101110010101
01110100100100001001011100111000
00000000010010011000100111001111
00000000011011010111110110001100
00000000010111100001110101000111
10001000111110100001000100101110
00000000001110100111011011011100
10110000111011111000010000110011
00000000001010101000000101111000
00000000000000000000000000000000
00000000000100000111010001110111
10001111000011000110000000000101
00000000001011000001100010010011
11001111111011101110100011000100
01100111100000000000000000000000
11100111110011100101011011111100
00000000001011001010111101010110
01000100111011100001000011111011
00000000010101111101011110101011
00100101111110110110111000010100
00000000010101011111010100001100
01000101101110101101110011111111
00000000000010110001001011001110
01010101101011011101011011000100
00000000001000101101100011100000
00000000011000100111101000001111
00000000001111110111100001111100
00011010111000001000111001100000
00000000000000000001100011000000
10111010110101110000000001010111
00000000000011101111001100110001
10100010110011101001000000011010
00000000001011101100001101010101
00000000000011100111101100111010
00000000001111110110001111110111
01001101110110010111000010100001
00000000001011100001011001110010
01001001000001100111001100011101
00000000000000000000000000000000
01111011001000011011011001000111
00000000001000101001101001001000
10111010011010101110000111001101
00000000011110001001000000100111
11111010001100000000111101101110
00000000001010111111001010011011
11001101111101100101011010101101
00000000000011100110011111111100
01010101000000110001111010101101
00000000010010001100100011101000
01100111100000000000000000000000
00000000011101110011001111111100
00000101010101111011101100001100
00000000001010001100010011010001
10011001010000111100001011110110
00000000011000100111101000001111
01101011100010001101001100010111
00000000001110101111000001100100
10001110010100100001000101000101
01111110001100100001000001110101
00000000000000000000000000000000
00000000011010010100110000100000
01011111011010010010101010110000
01110000011100111111011001100001
00000000011110100111111101101000
11110000011100111111011010000101
00000000000000000000000000000000
00000000000000100100011001110001
01110100010101001011001100110100
00000000000011011000010110100100
01000000001101110011000000000110
00000000010001110100101000110110
10101010000101000000111101000000
00000000010110001100101001110010
01100111000011101111000000110010
00000000010100110110011011110111
00000000000000000000000000000000
00000000010001011110111110001110
00010100110111011010000111111100
00000000010111000000010010100011
01111110010010111111011101000101
00000000011010110010101010000100
11110000001110101101111011000101
00000000000000000000000000000000
00010010001000011110001110010001
00000000010100000001111010100001
01011011111001110001001111110000
01100111010010010010111101011100
10000011000001010011101010110011
00000000011110001110111011101101
11000010010101100001000010101100
00111001111011110001000101111001
00010100001010010110110101000001
00000000001110101011010110111010
01111001101101011100011001011101
00000000000101101101101100111101
00000000000111111110101111100110
00000000001111110001100110111000
00010111100101110000100101001101
00000000000110100111001010011110
11111110001100100001000001110101
11110000011100111111011010000101
01111110000010000101001010100010
00000000011110101111100100110000
10010110100100111001000110100111
00000000010000110001101100111101
10110010111001000001011010001110
00000000011110001010110111011000
01000100111011100001000011111011
00000000010101101110101000011100
11011100001001001101110011011000
00000000000000101110000011001111
01101011100011011000100010101001
11001001111100101100111000001100
11110001010101000010001110000000
00000000010111111100001100010000
10000010010100010111000000101000
00000000010010000010000001001000
00000101110011111110110101010011
00000000000000000000000000000000
00100000101110101000011001110000
00000000000001010111011010101011
01010011001101001011110010100100
11111101000110010000100101111111
10101010000101000111101100001010
00000000001110011000011101111001
00100110101100010101000101100100
00000000001000001000100011000000
10100101010110010101000001011000
00000000000010010100101110111101
11110011010111001000111100101100
11110000011100111111011011100001
01101000000000000000000000000000
00000000000101101111101111001111
11101101110111011111110110010010
00000000001111010010110010000000
01110001001011110011011110000111
00000000000000000000000000000000
10110011101101111101100101101010
00000000011100101010111001110000
01001000100110010000111010011011
00000000001001011111011000101101
01000100111011100001000011111011
00000000000000000000000000000000
10100100110001110011001110011110
00000000011110111111100100000010
11000110001001011000010000010001
00000000000101111011010101101101
11000111111111000110011111111110
00000000011011001010110001001011
01011111011110111001101000000001
01100111010010010010111101011100
01011001010001000000100111000100
00000000000000111011110111000010
00000101010000011000001000010010
00000000001110000100111010010100
00010101111010101011001111000100
00000000000111100010110011000101
00001110100001101011001011000110
00000000001000100111011110001111
10001000111110100001000100101110
01011011110000000010111111100101
01000000100101101010100101001011
00000000011010101100000000000100
11100000110110011001011110010100
00000000010011110100111010100010
01011011110111011011001011001001
00000000001001000111011101110111
00010010110000110010110011111111
00000000000000000000000000000000
00001010011110111010011111001011
00000000011000100111101000001111
01100111110001101010000011010111
00000000011111001001100000101001
11110000011100111111011001100001
00000000000000000010111100111111
11010100111110010100100011010010
00000000010100101101011001011001
01110111111011001000101111100011
01001001111100101100111000001100
00110101000110101011011111110110
00000000001111111011110101011110
00111111101110000100011101001010
00000000010000010110110111110110
10110011001100000101000010010111
00000000011001111010111000010100
01010100001011111010010111001100
00000000011101001111010001110000
10100010110011101001000000011010
00000000010101011000000111011100
11000000100011100000010101001010
00000000010011011101100000010101
00111011000101100000010110010111
00000000001100000111001110101101
11100001101011001101101010100011
00000000000001111001101000111011
11100111100000000000000000000000
00000000010110111010011110111111
10001101110110111001011010110101
00000000000110110011011101010001
00101111100100010000100011111011
00000000010011101000001011110100
10011001011101110111111111101110
00000000001110011001100010101010
01010100011000000001111101100011
00000000010011011011101000001100
00110101000000110111001101010000
00000000000001011111111110010110
10110000011101001010000101110111
00000000000000111111001101000101
01100111101001101011101010101001
00000000010111011100011100101110
00100011001110111100001010011000
00000000010001000001000100100010
10010000011111001011110010101110
00000000000011110010001101001100
10110011101101111101100101101010
00000000011010111111111111110100
01110011010011001111110010101101
00000000001110100111000111001101
10110001011110111001011011000110
00000000011010111101100100010001
10010001101100110001101101011110
00000000000111111110101111100110
00101010110010101101110000100101
00000000010111011010000000000101
00101011011110100010101100000100
00000000001010010000011110000100
11100000001110001010011111000001
00000000000100010100101111101011
00110011000000000101111000010000
11110000011100111111011001100001
01101000000000000000000000000000
00000000011110000111101010101101
00001010011100001111000110101101
00000000010111100010000111011111
11110010101100111010110111111011
00000000001001011100111111101011
01100111100011100110001011000010
00000000001001000111001110100110
10111011110001001010101101000110
00000000010010111110101010000101
01001100010011100110110011000111
00000000000101000000000000110110
01010110110100101110110011101100
00000000011010000001101101010000
00000000000000000000000000000000
00000000001110100001111011110101
00010000111001010001110100000000
00000000000001001101011101011000
11011110111001010000011011010101
00000000011001000100111001011101
11000111110001011100101000000101
00000000010111000111000100100000
11010111011000110010101000111000
11111110001100100001000001110101
01101101100011111001010010010100
00000000010011101000100111011000
00011111100010101000111000000110
00000000000000000000000000000000
00001100100110101010100100011101
00000000011110101100010110010011
11000010000011010001110010111000
00000000000000010100100010011111
00100000000110011110100101010011
00000000011001110000010100011011
11100011110000000100011111100111
00000000011101110000011010100111
11100110110111110110010000110100
00000000001110001110010000000101
11111100001001010011000000101111
00000000001110011111111010001010
00110011111011100110000100010011
00000000000111000111111101100100
01000110101100111101011001110110
00000000001110011011100110100001
10110001110100011111110010110010
00000000000101110110101111011001
10101011001001100101001101100110
00000000000000000000000000000000
00011011011001100010011100110110
00000000011010111000011100100011
10101001001100011011011000011011
10010010110101011100001000111110
00001111001001101011110101000111
00000000000100100110010110001010
00011111010110100110100101111111
00000000011111101111000111001000
11110110000000000011110011001100
00000000011101010100111111011111
00001000100100011111010000100001
01110000011100111111011001100001
11101000010001010000111010100100
00000000000011111001010100010100
01110111111011001000101111100011
11111001001110101001001010000101
11000011101010011110100100000101
00000000011110111110010000000010
11000001001010110111011101110000
00000000001100100011100010000110
11101110101111001111101001100111
00000000001110101100111111111001
11011000101011000010100010111110
00000000011100010010010100011010
00011010100011000110000100010011
00000000010010010010011010001010
00111010100011001011101111000010
00000000001101101101101000111101
11111100110010101101111111111101
00000000000011011011010100111100
00000000001100110101100100011001
00000000011111000011001011011101
00010001011101100100101000001000
10110010111001000001011010001110
10110000000100111000000001011000
00000000011001101110110000010000
01110001101111011000111111010111
00000000011110010100011011010010
00001000111000111010110001010111
00000000011000011111111011001011
11111101000110010000100101111111
00000000011100101100011001000011
01110010101010000001000111001110
00000000011011101101000010011001
01100110011110110110111101000011
00000000010011101111101100101011
01100010011001100111101000001010
00000000011000101111001100110010
10010010110101011100001000111110
00000000000010101011000100000000
01110011001111111101000011001010
00000000011111010011111110010100
10101000000101101110111110110011
00000000001001000101110000101011
10100001111011001101100000001111
00000000010101111000101101111101
01101011000100100110000111001110
00000000000011000101010110001100
00000111101001110101111110100110
01000010011101011001000011010100
01001001111100101100111000001100
00000000011110000011101011001001
10101000000110100110010110110101
00110011000000000101111000010000
00011101000111001011111011101011
00000000001011101000000111010010
00000000000000000000000000000000
01110000011100111111011010100001
11001010001110101100010100101110
00000000000100100000011111110001
10000110011011000011001110110110
01011011110111011011001011001001
10111001111011110001000101111001
00000000000001100000110110111001
11110110000011101001100001101011
00000000010011111101010001101010
01110000011100111111011010000101
00000000000000011010000001001100
11110110110100101011000001001001
00000000001101101101101110001011
10110001110010011000110001011101
00000000011101000100001011100110
00110110101000010111010000100011
00000000000100010000111100101011
01011110010111110010000100111011
00000000000000000110111000111100
00001111010011111001101100000110
00000000001101101001010010111110
00100110001110111000011110101111
00000000000000000000000000000000
10111001111011110001000101111001
00000000011001110000010100011011
10010000111000001101111110101110
00000000010111000111001111110101
01100111101101000111110101101000
00000000001011001011010101101010
10100110001011011000011111001011
00000000000010101110110100101001
01111011010110101100011111111011
00000000010111001000011110100010
10010001100000001111110101101000
01001100010000110101001001101110
10001111010101001100000011010110
00000000010010101001010010010001
00001111011110110011100100001111
00000000011111110110000100000010
00000000000001010111011010101011
00000000001010101000111100101101
00110110101000010111010000100011
00000000010101001101010011101101
11111101100011101110000001011000
11110000011100111111011001100001
11100010100001001001101011011101
00000000010011011100111111001000
00010100100001001110100010111000
00000000001010100110001110111100
00100010100111010101111000101111
00000000000010111111111000010100
10101000000101100100111101010011
10011001010000111100001011110110
10001101100011001010010100011010
00000000010111010110110000010111
00111110111110000110111111100001
00000000011010111111011111001111
01011011101000010001100001111111
00000000011101111111100110001110
10111110111001101000000111111110
00000000001000001011010011010000
00101110000011001001011010011001
00000000010010010111110010000100
01001001001110100011001001001000
00000000001110100111011011011100
00000000000000000000000000000000
00000000011100011010011101100101
01101101111111000100010110111100
00000000000110101010110101101010
00000000010101011111010100001100
00000000000101101111101111001111
10011111110111010100011010000001
00000000001011111110011010000011
11000101100011011001000010111101
00000000011011110010101110010010
00000000011101010100111111011111
00000000000111000001001100101110
11110000011100111111011010000101
00000000001100110010011110001101
00000000000000000000000000000000
00000000000011011111110110010100
11100111100000000000000000000000
00000000000111000111111101100100
00110101101010101011011000110110
00000000001010011010111101111011
00000000000000000000000000000000
00000000000100001011001000110100
11011001110100111011011001100100
00000000000110111111001110000001
01000011101101111110110101000111
00000000010101011111010100001100
10001001000001001000010100000110
00000000001011100000010011010100
00100110000100101111100011000100
00000000010010101100101100110001
01101010001010011001100101000111
00000000000000000000000000000000
10011001010000111100001011110110
00000000010011101110101111100000
00110000111011101000000111111000
00000000000011100110111111001000
00000000001110011001100010101010
00000000001101011110101111001101
00000000000100010011011111010101
00000000011100011111000011110101
00000011100101011111011111110100
01011111110110110110101010000101
00000010110000100101100111010101
00000000011000111110001110000110
00010101110110010101111111011011
00000000010011011000011011111101
11011010110101100101100110110011
00000000001111010111110111110000
11110000011100111111011010000101
00000000000110111000100111111001
01101111011101011101011110111010
00000000010111101001110110010011
00001000010110110110111110100111
00000000011110111110010000000010
01110000011100111111011001100001
00000000011010010011011101110000
01010001111111110001001010111011
11110000111100111111011001100001
10010000110001010001110001111100
00000000011110101001011010111100
00000000001100110010101010010010
01100111100000000000000000000000
11110111010011001001011111100000
00000000000001001000111101110010
10101100111110111001100110010001
00000000011111011101010111010111
11101110010000010010000100011101
00000000000100100001010100101011
10110011100110111111110001001101
00000000010100100001010000101011
11110001011100111111011010000001
11110000011100111111011010100001
10111101101111001101110011000000
00000000010111101100001000110010
00111110111110000110111111100001
00000000001100010100000111001010
10101000100010000101000100100001
00000000011000000111011010110000
01110011000011011011111101111000
00000000000011100111101100111010
11110001110111110001011001011110
00000000011001011100010001101010
10011001110001010011100101110001
00000000001100010011111011100000
00001101100100010000111100000100
00000000011100010111010100111111
11010101100010101110010100011101
00000000011011000001101000000100
10011000010001111011110100001000
00000000011001110000010100011011
10110101101101111001100010110001
10000000101100011110101101010100
11110100010000110110000110101000
00000000001010111111111001110010
00110101000110101011011111110110
00000000011010000101010001100111
10000010010100010111000000101000
00000000000100111100100001110010
10111000100100111111111000111110
00000000011111001110011001100010
11101000000101111010101100001100
00000000010111010011011101101110
00000000010101011111010100001100
00000000001111010011100010001000
11001010101111100101000101110010
01111110001100100001000001110101
10100100101010001111101011100111
00000000010011101001010110100001
11111010010101000111001111101111
00000000011100110001010010110101
10100001100001101100001110010110
00000000000100011100101001101100
01001011111100011111101101110110
00000000001010010110000010100100
00000000000000000000000000000000
00000000011000001111001001000110
00000000010110001100101001110010
00000000011010100001110110101010
01100101110011000001001111010100
01110000011100111111011010000101
11001001111100101100111000001100
10110010111001000001011010001110
01101000000000000000000000000000
01100111100000000000000000000000
10110100000111011000100001011010
01000100111011100001000011111011
10001001110110011010100010101011
00000000001011100111010100000101
11111101010110001010100100111010
00000000011001110000010100011011
11010101100010101110010100011101
00000000000110001111010000100110
00000000010000100100110000101000
00000000010111100100101100100100
01111101011111011001001011110011
00000000011110010000111011111110
00111000010111110000110101100000
00000000000001011111101100000101
00101001111010010011110001011100
00000000001000011110110101010110
11100111110001110001111001111011
11001010001110101100010100101110
00110110101000010111010000100011
00000000001011010111100110011001
01111001010100101011111111101010
00000000010111100011111110011110
01001100000111111100011101111111
00000000000100010000111101110011
00000000000101011010010010111010
00000000001111101001000111110001
10011111111001111111000101101011
00000000010001111001011110111010
10011100110110111010101100000110
00000000010000101100100100001010
00001000101101100011000110111000
00000000001010001111001001000111
00010111011000011101100011101100
01111110001100100001000001110101
11110000011100111111011011100001
00000000010000111001110001100011
00111000110011000110110111010111
00000000011111010010011000000110
10010101000001010100000000001001
00000000010010001100101100111110
11011011111011100011110010101100
00111110111110000110111111100001
11110010000110101001101011111010
00000000010100011111100111000001
01100001100011011111100101111010
00000000001011100001111111101111
11000010010001000000111010111110
