01111111110000000000000000010011
01111111110000000000000000010011
01111111110000000000000000010011
00000000100011000000001111010011
00001000010000010000001001010011
01111001110000000010000000100111
00001000110000010000010101010011
00000001110100100000001101010011
00001001011011111000011011010011
00001000001011011000100011010011
10000110010000000010101000000111
00001000111011101000001001010011
00000001000001010000000011010011
01111000111000000010001000100111
00010001110000000010010000100111
00001000101011101000010011010011
00001001001101101000011101010011
11110100110000000010101110000111
00001001101110100000010001010011
10101010001100000010110000100111
00000001010100101000000101010011
00000001110011001000011001010011
00000001011111011000001111010011
10001000000000000010001000100111
00000000110111111000111101010011
00001000011101101000011011010011
00000000011000101000001001010011
00000001111000111000111001010011
01001111111000000010110000100111
00001000111010000000111101010011
10111001100000000010110110000111
00000000011111111000111001010011
10001000100000000010000010000111
01110101000100000010101000100111
00000000000010000000111011010011
00001001110101001000100101010011
00000000001101001000000111010011
00001000010111000000010111010011
00001000010011111000011111010011
10110111101100000010111000100111
10010101010000000010000010000111
00000000000001010000010011010011
10001111000000000010001100000111
00110001001000000010011000100111
01111101011100000010001000100111
00001000001010011000001011010011
11110101111000000010101000100111
00000000100000000010111100000111
00000000011111011000010001010011
11011111000000000010011000100111
00001000010010100000110111010011
00001001011001011000001101010011
10100010000000000010010010000111
00000000111001110000111001010011
00000000010010101000000101010011
00000000111111111000100101010011
10001010110000000010000010000111
10111000110000000010010110000111
11110101010000000010101000000111
11111000110100000010100000100111
00000001111000101000110011010011
00000001100111000000000111010011
00000000011110001000110001010011
00000000010010110000111011010011
00001001101011101000010101010011
00000000101100011000001111010011
00000000001000001000111011010011
10011011010000000010001000000111
00001001101001011000111001010011
00001000010111101000010101010011
10000100100100000010100000100111
00001000001010011000110011010011
00000000110100100000010101010011
10110110100000000010011010000111
00001000100000011000001011010011
01000000101100000010011000100111
00000000101100000010000000100111
00000001101111110000110001010011
11010001101100000010001000100111
00000000011001010000010001010011
01011111010000000010011010000111
00011100110000000010010010000111
00000001001001010000000111010011
10001100110000000010101100000111
00000100111100000010110000100111
00000001101001010000101101010011
00001000001100111000110111010011
00001000011101011000101101010011
00001000101000100000100101010011
01101100011000000010011000100111
00001001100001000000110101010011
01000011110100000010000000100111
00000000100011101000101001010011
00111100011100000010010000100111
00000000101101111000000101010011
00110001110000000010110110000111
10010011111000000010101000100111
11100100011000000010100000100111
01001010110000000010001100000111
11101110001000000010100000100111
00001000001110000000111001010011
01111011111100000010101000100111
00001110110000000010101110000111
00001001101011111000110101010011
01000110100000000010010010000111
00000000001001001000101001010011
00000000001010110000010101010011
00001000111000101000010001010011
01110011110000000010000110000111
10110100100000000010110000100111
01110010010000000010100000000111
11100010111100000010000000100111
00000001110011000000001011010011
10100101100000000010100010000111
00001001010001100000011101010011
01010100110000000010110100000111
00000000011001100000010111010011
11010100110000000010100000000111
00001100110000000010110000100111
00000000111010011000100101010011
00000001110111010000111001010011
00001001111010111000111101010011
10110111101100000010111000100111
00110010011000000010011000100111
01000101100000000010100100000111
00000000100100010000011111010011
11100010011100000010101000100111
01010110000000000010010110000111
00001001100110100000101001010011
00000001110010011000101111010011
01011011110000000010100000000111
00000001011110111000110111010011
11000000010000000010011000000111
00000001100011110000001011010011
00001001010001110000010101010011
00001000101101001000111111010011
00000000110100011000001011010011
00001001000001001000101111010011
00110110001100000010110000100111
00001001000111101000001101010011
00001001111011001000001011010011
00000001111110010000001101010011
11001100011100000010010000100111
00001001010010001000101001010011
00000001100010000000010011010011
00010100100100000010100000100111
10111001000100000010000000100111
00001001101101000000101101010011
10000100100000000010110000000111
10010000100000000010110000000111
00001000111110110000011111010011
00101110100000000010001100000111
01001001111000000010010000100111
01001100000000000010001010000111
00000000111011000000001001010011
00000001010011101000111011010011
00000001011111100000001111010011
00000000011001111000101011010011
00000000010000101000110111010011
00001000001001111000001101010011
01100001010100000010000000100111
00101010110000000010101000100111
11011001110000000010111110000111
01010010011000000010010000100111
00000001010100110000110111010011
00011011001000000010010000100111
11000000011000000010110000100111
00001100110000000010001110000111
11010110000100000010110000100111
00111100110000000010010000000111
00001011110100000010111000100111
11110000010000000010000010000111
00001000111100110000010011010011
00000000000010010000011011010011
00010111011100000010001000100111
00111111000100000010010000100111
11001101100000000010011110000111
10000100100000000010011010000111
10110110000000000010110110000111
00001000011110011000110101010011
00001000111001001000001101010011
00001001111001111000001011010011
00000001111000010000111011010011
00000001111000100000011011010011
00001001101010010000101001010011
00111111110000000010010110000111
00000001011101001000011111010011
01101111100000000010010000100111
00000010000000000010000110000111
00000000101000111000101101010011
11010000010000000010110000100111
11100011010000000010111100000111
10110110110000000010011110000111
00011000000000000010110100000111
00001001000001100000001001010011
00000000110101110000010011010011
00000001001001100000000101010011
00001000110010100000001001010011
00001000011000010000000111010011
00001001000001101000101001010011
10000111100000000010100010000111
00001000011110111000001101010011
00000000001000111000001001010011
01101101010000000010100000100111
11110110100100000010000000100111
00111000110000000010111010000111
00001001001001111000101001010011
11100000000000000010011000100111
01010110010100000010001000100111
00111000110000000010111000000111
10010110101100000010111000100111
00000000011110110000110011010011
11001011010000000010101100000111
00101110000000000010011000100111
00001000011001011000101001010011
01010111110000000010101110000111
01010010110100000010101000100111
10100110000000000010101110000111
00001001010001110000011101010011
00001001110111111000000011010011
00001001011101001000001111010011
00000000110110100000000111010011
00001000111011000000010001010011
00001001111110111000011101010011
10110110000000000010000010000111
00001000100000000010001100000111
00000000001111110000001111010011
10011000011100000010000000100111
00001000100100010000100011010011
00000001101101011000111011010011
00001000010101111000111101010011
00001001010001110000101001010011
10001101011000000010001000100111
00000001010100111000000101010011
00000000110000111000101101010011
11111011000000000010111000000111
10001100010000000010011000000111
00000001100011001000000111010011
00000001101101110000000011010011
00001001111101111000110001010011
10110010000000000010100100000111
00001001110001111000110111010011
00001000111100011000101101010011
11111011110000000010000100000111
10110110000000000010111110000111
00000000000010111000000101010011
10001110101100000010110000100111
00100100011100000010100000100111
00001001000110110000011001010011
00001000100000001000110001010011
10111001011100000010001000100111
01001010100100000010011000100111
00100010110100000010110000100111
10110010000000000010011100000111
00010011010000000010111110000111
01011010000000000010001100000111
00010101010100000010000000100111
00001001000011010000110111010011
01100000111100000010001000100111
00100101000000000010011110000111
00001001010010101000001011010011
00001001101001011000101101010011
00001000010100100000111101010011
00001000111011101000001101010011
10010101010000000010010000000111
00001000011101001000000111010011
00001000101000110000001001010011
00001001010101110000110101010011
00000000110110110000111111010011
00001000100110111000010111010011
00110000010000000010011000000111
11000111110000000010100000000111
00001000000000011000110101010011
11110001011100000010011000100111
00001001100110111000001011010011
00101011110000000010001100000111
01000011000100000010101000100111
11110110010000000010000000100111
00001001101100000000100011010011
00000001101000111000000101010011
10100100010100000010001000100111
00000000010010110000101101010011
00001001011011011000111001010011
10011110100000000010000110000111
10111011100000000010011100000111
00011110010000000010100100000111
00001000101100010000110011010011
00000000001011000000010011010011
00001000100001010000001101010011
00000000000011001000100111010011
00001001001011001000101111010011
00000000011001000000010111010011
00000000111010100000111101010011
00001000110111000000001101010011
00001000011000011000101001010011
00110110100000000010001000000111
01001001111000000010101000100111
01001111111100000010100000100111
00000000011000110000010101010011
10001001100000000010001010000111
10010110000000000010111010000111
00000000101100010000111101010011
00001000011100001000111111010011
00001010000100000010001000100111
00011111111000000010101000100111
00001000011010001000001101010011
00001000100001110000010111010011
01001000000100000010100000100111
00000000101100101000100111010011
00001001100111110000111111010011
10101010101100000010000000100111
00001001111010110000010001010011
00001000001100100000101111010011
00001001010001001000110011010011
00011010110100000010110000100111
00100010110000000010111000100111
00000000011110011000001111010011
10111011101100000010111000100111
00001010100000000010001000100111
00001000001010010000111111010011
00000001110101100000100101010011
01011111001000000010100000100111
11010000000000000010011010000111
00000000111110100000011001010011
00101001100000000010111110000111
00001000000010101000011111010011
00001000000110000000110001010011
00000001101100011000001011010011
00100010110000000010111110000111
00011100100000000010111000100111
00000000001110111000110111010011
11100111110000000010101000100111
00001000011000110000010001010011
00000001110110001000001111010011
00000001001011100000101001010011
00001001001100001000000011010011
00000000110010000000110001010011
01000110011000000010110000100111
01100100010000000010111000100111
00000000011010100000010111010011
00000000101000011000101101010011
00110111100000000010111000100111
00000001000111111000010111010011
00000000010011011000100011010011
00000110010000000010110000000111
00011101111000000010110000100111
10111000001100000010011000100111
00000001011111000000010011010011
00000000111111101000011001010011
00000000001101000000001101010011
10001001101100000010000000100111
11101100000100000010100000100111
10100001010000000010101100000111
00001000000111100000101111010011
00000000110111111000010001010011
11111111010000000010010000000111
10111001101000000010001000100111
00000000001010001000010011010011
00000001110111110000000101010011
00000000110010000000111111010011
10011000001000000010101000100111
00111101001000000010100000100111
00010101000000000010101000100111
00001000111110110000000111010011
11110100000000000010010010000111
00001000011100001000101011010011
00000000010000101000101001010011
00001001011010011000101111010011
00000000110100010000010011010011
00001000010100110000101001010011
00000000010010011000011011010011
00001000001110001000100011010011
00000001100011101000110101010011
10100011100000000010100110000111
10111010110000000010110000100111
10011110101000000010110000100111
00001000010011111000010101010011
00001000100100111000111001010011
00000001000011011000100011010011
10111101100000000010010000000111
10101111010000000010101000100111
11000111011000000010111000100111
00000001100001011000000111010011
00000000111010010000010111010011
00001000110010011000111001010011
00001000010000001000100001010011
11010000001100000010010000100111
10100101100000000010100000100111
00111100110000000010110000100111
00000001101000000000101101010011
00001001001010111000110111010011
00000000011010011000000111010011
00101010001100000010110000100111
00001001010110100000111011010011
01110111110000000010001110000111
00010001101100000010010000100111
00000001001101010000000011010011
00000000100000110000010111010011
00000001001100100000001001010011
00001001101101010000101101010011
01001100100000000010011100000111
00000000010000110000011111010011
00000001011001011000000111010011
00000001101011111000011111010011
01011000110000000010110010000111
00001001110100100000010101010011
00001001100001100000111011010011
00001000111110001000000101010011
00011100100000000010100000100111
00000000011001000000101001010011
00001000010011000000001111010011
00001000000110110000110001010011
10100110010000000010110010000111
00000001000101101000111011010011
00011111000000000010001000100111
10111100010000000010011110000111
00000001000110011000000111010011
01001011110100000010111000100111
00110001010000000010111100000111
01010100010000000010000010000111
00001000011111001000001101010011
00010101000000000010101000000111
00000000010101000000001101010011
11010111111100000010101000100111
10110000100000000010001110000111
00100100000000000010000010000111
01100000100000000010100010000111
01010111001100000010100000100111
00000001100011111000110011010011
11011110100000000010100100000111
00001001111011011000001111010011
01111111000000000010100110000111
00001000111010110000101111010011
00000001101100101000111001010011
00100101110000000010010000100111
01111001111000000010101000100111
11110101010000000010010010000111
00000011000000000010010010000111
01010010111100000010001000100111
00000000010001011000100101010011
00000001011100000000101101010011
00001001010100010000011011010011
10110001010100000010110000100111
10100100000000000010010000000111
00111111000000000010000010000111
00000000111011101000001001010011
00001001010001111000011011010011
01101000110000000010001000100111
00001001111011011000001111010011
00000000000111100000101101010011
00000000110000001000111001010011
00101100000000000010010100000111
00101011100100000010011000100111
00001001100100110000010001010011
00000001100101000000101101010011
00001001100011001000100001010011
00001000010100101000000111010011
00000000110001001000010101010011
10100001100000000010001000100111
00000001111000010000011101010011
00000001101010000000010101010011
11011101010000000010000100000111
00000001001111000000100001010011
01000001010000000010101100000111
01100001001000000010000000100111
10111011110000000010011110000111
11011011110000000010010010000111
00000000110010101000111111010011
00001000110011110000110001010011
11011000100000000010100010000111
00111101000000000010010110000111
01100101010000000010100000100111
00001000011100000010001000100111
00101001001000000010010000100111
00000000010111000000100001010011
01111101001000000010001000100111
00110010100000000010100000000111
00000000101001100000010111010011
11011100010000000010111000000111
00001001000000111000111111010011
00000001101111011000110111010011
00011011010000000010011110000111
01011011001100000010000000100111
10110011010000000010100000100111
00111011111100000010101000100111
01010000001100000010011000100111
00000001010000001000110111010011
00001001001010110000000101010011
00001000011001001000010101010011
10000011000000000010100000100111
00000001001100001000011101010011
00010100110000000010110100000111
00000000111101101000110001010011
11011101000000000010001100000111
00001000110100001000111101010011
00001000110110011000110101010011
00001001110111110000110001010011
00000001111010110000101111010011
00001001110100010000110011010011
00111101010000000010001010000111
11011011000100000010101000100111
11101101110000000010011000100111
00100101000000000010010000100111
10110101100000000010100100000111
00001001011110111000001001010011
00011001010000000010010000000111
00000001000011101000010001010011
00010000010100000010001000100111
00001000110010101000110101010011
00001001110111110000100011010011
11000000000100000010101000100111
00010011110000000010011110000111
00001000011000001000100101010011
00000001011110011000111111010011
01101010011000000010100000100111
11101000110000000010100110000111
00001000101110000000110101010011
00001001111101000000010001010011
00000001011110011000010001010011
10111000000000000010101000000111
00001001010011000000100101010011
00001001011110101000101111010011
01111011010000000010010100000111
00000001000111001000001011010011
00000001101110000000000011010011
10110001010000000010101000000111
00000101110000000010010110000111
01010010010000000010111100000111
01010100100000000010010110000111
00001001111001110000100011010011
10100101100000000010100010000111
00001000010000000000000101010011
00001000001010101000100101010011
00001000100111000000111011010011
10000011110000000010101010000111
00001000000001000000000111010011
00010011101100000010101000100111
00000000101101110000010001010011
00000001001010100000001111010011
00100010110000000010001100000111
00001000000110110000111111010011
10011100010000000010010000100111
01001011110000000010110100000111
00001001111100011000111001010011
00000001111101110000010011010011
00000000111010001000111001010011
00000001001101010000000101010011
00001000101011001000101001010011
00111110110000000010111000000111
00001110000000000010111100000111
01000011100000000010001010000111
00000000011101001000110001010011
10000110110100000010111000100111
00111100010100000010100000100111
00001001101011101000100011010011
00001000001000001000110111010011
00101101000000000010111100000111
00000001111000000000001011010011
11100000110000000010111000100111
00000001000101111000101101010011
10011111110000000010000000100111
01000000100000000010010010000111
01010000110000000010111110000111
11111011000100000010101000100111
10110000011000000010110000100111
00000001101110010000010101010011
00000000010101101000111111010011
00001000001000010000110101010011
01101101111000000010010000100111
11100100011100000010000000100111
00000000110010000000100101010011
11001010110100000010101000100111
01111011100000000010111110000111
01100000110000000010100000100111
00000001011000011000001111010011
00000000011101000000110101010011
00111101111100000010000000100111
00001000000000000010001000100111
01111100011000000010100000100111
00000100010000000010101000000111
01100110110000000010110110000111
11100000100000000010011110000111
00001000100111011000000101010011
10110110011000000010111000100111
10001110000100000010010000100111
00000001101111011000101101010011
00000001100000111000001111010011
10101001111000000010110000100111
11011111101000000010111000100111
00001000010001001000110001010011
01100101010000000010101110000111
00001001100100100000110001010011
11010001111100000010111000100111
00001100000000000010001000000111
00001000001100001000001001010011
01010011010000000010111000100111
11100101000100000010011000100111
10110011000000000010100000100111
00011001100000000010000000100111
10101000110000000010010110000111
00001000100011101000101111010011
00001001010110000000010101010011
00001001110011010000010101010011
00001001110110000000101001010011
11111011100000000010111000100111
00001001111010111000001011010011
10010101110000000010111100000111
00000000110000000000010111010011
00001000010100010000011011010011
00000000011001101000000111010011
00000000110111100000100111010011
00001011000000000010111000100111
00001000101100010000001111010011
00000001101011001000111101010011
01001110001100000010001000100111
00101011000000000010001100000111
10001110010100000010010000100111
01110100010000000010100000100111
00010000100000000010000100000111
00001000010011110000011111010011
10010010000000000010100000100111
00000001111000110000010101010011
00001000110001111000001101010011
00000001010111011000010001010011
00000001011000110000001001010011
00000001111011111000000101010011
01010010000000000010000000100111
00000000000010110000001111010011
01000101000000000010110000100111
01110001110000000010011000000111
11100100110000000010001110000111
00000000000000111000000101010011
11000001100000000010101010000111
00101101000000000010100000000111
00000001101110000000010101010011
00000001101111011000011101010011
00001000010000001000100111010011
00001000101000011000011111010011
01100111110000000010000110000111
00000111001100000010001000100111
11000110000000000010100110000111
00101101000000000010000110000111
10100010000000000010101110000111
00000001000101001000011001010011
10100011000000000010001100000111
00100111100000000010010000000111
01111011110000000010110000000111
01101100100100000010001000100111
00000001010111110000110101010011
00111000110000000010010000100111
00001001011011001000011001010011
00000000100010010000000101010011
00001000010111001000001001010011
00001000101110111000111111010011
01111100100000000010111000000111
11011000110100000010110000100111
00001000001001101000001101010011
00000001011010100000000111010011
00110111110000000010111110000111
00000010010000000010001000000111
00011000100100000010101000100111
01001100011100000010011000100111
11111010000000000010111110000111
00000101000000000010110000100111
00001001101001011000111101010011
10001100110100000010110000100111
01101110011000000010101000100111
00001000110110101000110111010011
00001001110001111000101011010011
00000000100000011000011111010011
10010000010000000010110110000111
11001101010000000010000010000111
00001001111111100000000101010011
00100011000000000010101110000111
00001000000011100000110001010011
00001000101100000010110000100111
00001000001110011000000101010011
00000010010100000010001000100111
00001001100000011000101101010011
00000001110001001000000111010011
01111111110100000010001000100111
00101100001100000010101000100111
00001001101101010000110011010011
01001010000100000010011000100111
00000000110101101000111101010011
11111111110000000010011010000111
00001001100110000000110011010011
00000001101010001000100111010011
00001000001010000000111001010011
00001000000001010000011101010011
11011010011000000010100000100111
00000001100011101000010101010011
11111001111100000010110000100111
01110100110000000010000110000111
10100010010000000010100000000111
00100010110000000010101100000111
00000001000001111000101111010011
00011001010100000010110000100111
11010011011100000010111000100111
00000000111011001000110001010011
00000000111000100000101011010011
10010000000000000010101110000111
00000000000101011000110101010011
00000001100011101000010111010011
00000001110110100000101001010011
00001000101001101000101001010011
00001000011100100000100011010011
00000000100110010000100001010011
00000000001110101000010111010011
00100110101000000010110000100111
00000000011001110000101111010011
00111001101000000010000000100111
10111101111000000010011000100111
01111000000000000010101000000111
00000000000000011000010011010011
00110110101100000010100000100111
00001000110000101000010011010011
00001001011010010000110011010011
00000001000011011000001011010011
10110001100000000010000100000111
00000001110110111000011001010011
00001000101011001000111011010011
00000000101011110000011101010011
00001000100110101000111001010011
01111110000000000010001100000111
00001000100100011000000011010011
00000000001100110000101101010011
00000000010100000000111111010011
01011000010100000010100000100111
00000000101010110000100111010011
00000100010000000010000000100111
00001001001111111000011001010011
11101100100000000010110010000111
01101111100000000010010000100111
11111010110000000010011000000111
10110111000000000010001000000111
00001001110100000000000011010011
01111110101000000010001000100111
00000001010110000000111011010011
01000011111100000010111000100111
11010111101000000010101000100111
00000001101100011000110001010011
00001000010110100000010111010011
00001001110101101000010001010011
01011001000000000010010000000111
00110101010000000010101010000111
00001000101111101000101001010011
00001000010011001000001111010011
00100111101000000010101000100111
00000000001101001000011001010011
11110011110000000010100110000111
10011000011000000010101000100111
00000000110001110000111101010011
10101010000000000010011000000111
00000001110110011000100011010011
00001000001010010000010001010011
00001001010010100000000011010011
00001001000000101000000011010011
10011011000000000010111000000111
01101111100000000010001010000111
00001001100110100000001011010011
00001001111100010000100111010011
00001000111101010000111001010011
11101010110100000010001000100111
00000001110100101000100101010011
10011001000000000010101010000111
00000001100000110000111011010011
10001110100000000010110010000111
00100111000100000010001000100111
00010100101100000010111000100111
11000001110000000010010000000111
11001110010000000010111000000111
00001001110011000000001001010011
00001001111011111000111101010011
00000001100001101000111011010011
00000001111000011000111111010011
00001001010110111000101101010011
00000000000110010000010011010011
00001001000001011000100101010011
00001000100001111000000101010011
10011110001100000010011000100111
01110111001000000010100000100111
00011001001000000010000000100111
00000000101110101000101111010011
00000000001101011000111001010011
00101001100000000010110000000111
00000000000001010000111111010011
00000001101010111000110001010011
01011101010000000010100000100111
01010111010000000010100100000111
11010010001000000010010000100111
10110001010000000010111100000111
00001001011110111000101011010011
00001000001100010000011011010011
00000001001001010000100101010011
01011101100000000010011010000111
01101010100000000010011010000111
11011100100000000010100000100111
10010111001100000010000000100111
00001001101100011000111001010011
00001001000100100000000111010011
10001000000000000010100110000111
00001000101111001000101011010011
00101101000100000010010000100111
00001000010111010000000011010011
00000000011011001000111001010011
01010000110000000010000110000111
00001101110000000010011010000111
00000000100000000000111001010011
00011001010000000010101000000111
01111101000000000010011000100111
00000001011010111000010111010011
10110001011100000010010000100111
01000010010000000010110100000111
00001001010000000010011010000111
00001000110010001000011111010011
00000000110100001000001011010011
00001000101110100000110001010011
00001001001000010000001101010011
01000110110000000010001100000111
01100101011100000010001000100111
00000000110000001000111111010011
00001000101100110000110111010011
00001000100000110000001011010011
00001001011000100000110011010011
00001000100001001000110001010011
01101101010000000010000010000111
00101001000100000010101000100111
00000001100111111000000101010011
11111111100000000010011000100111
11100101110000000010111000000111
00001000001011011000000011010011
00000001000101110000101011010011
00001001100110011000000111010011
00001001000100000010011000100111
00000001100110001000111101010011
01001111010000000010001110000111
00000001011110111000010001010011
00000000110001111000111011010011
00000001000001110000010011010011
10001011010000000010011110000111
00000000100100111000000111010011
00001001111001001000001001010011
00001000111010011000100011010011
10001010000000000010111000000111
00001000111001111000011101010011
00001000011011000000010011010011
00000110100000000010111110000111
00001001001100011000000101010011
01011111010000000010011000100111
00000001010001010000100011010011
00101001000000000010000010000111
00000000101001000000101001010011
00110011000000000010010100000111
00000000111110000000010001010011
10110101110000000010101100000111
11010110101100000010011000100111
00001001111110000000100101010011
10001100110000000010010010000111
00000001001001011000100011010011
10000111101100000010101000100111
00000001001011010000011101010011
10001000000000000010011000100111
00100101111000000010000000100111
10010001110000000010101110000111
00101111010000000010111100000111
10100000110000000010101100000111
10011000110000000010100000100111
11010000010000000010001110000111
11010010010000000010011010000111
00000000111111110000010001010011
00000000100000010000001101010011
01010001010000000010011110000111
00000001001100000010001000100111
11101011110000000010010000000111
01110001111000000010100000100111
00101111001000000010101000100111
00001001011010101000011001010011
11001111011100000010111000100111
01000111100000000010010000100111
01000001000000000010111000100111
10001001100000000010001000000111
00100001000100000010010000100111
10100011100000000010110010000111
10001000110000000010111110000111
01111101000100000010000000100111
00000110010000000010001000100111
10100000110000000010000010000111
00110000000000000010101000100111
10100000001000000010100000100111
00001000010111011000100101010011
00000000011100110000000011010011
01001000011000000010101000100111
00001001100010011000100001010011
00000000101000000010000000100111
00000010110000000010001000100111
10001101100000000010000110000111
00001000001111011000001001010011
00000000101000010000001011010011
01000100010000000010000100000111
00000000110100111000111111010011
00001001010111111000111101010011
11111111100000000010010010000111
00000000110000000000001001010011
00001000011111010000111111010011
00000000100111100000001011010011
00011110011000000010011000100111
00111110010000000010011100000111
00010001000000000010101010000111
00001000011001110000011101010011
00010101010100000010110000100111
00000001010001101000011101010011
00000000010011110000100001010011
00001001100111010000011011010011
10101011010100000010100000100111
11100000000100000010000000100111
00010001000100000010000000100111
01110111010000000010111100000111
00001000110011011000101001010011
00000000001100110000110011010011
00011111100000000010111110000111
00001001010010100000000011010011
00000000000011010000011101010011
01111101011100000010110000100111
10111011001000000010010000100111
11000111100000000010100100000111
00000100000000000010101110000111
00101001000100000010101000100111
00000001010000101000110101010011
10111001100000000010100000100111
01111000110000000010001000100111
10010011011000000010011000100111
00000000011000001000101011010011
00001000000110011000101011010011
01001001000000000010110000000111
00001101011000000010111000100111
00001001010111110000101001010011
01110110100000000010111010000111
00001001010100100000001001010011
00000001111011010000011011010011
11011010110000000010110110000111
00000000111000111000110011010011
00001001011101010000100001010011
00000000100101100000010101010011
00000000001100111000000101010011
11110101100000000010101000000111
00110110111000000010011000100111
00000000001001010000001001010011
00000001111111111000011011010011
00001001111100000000101011010011
00001000100100101000001111010011
00001001011101000000101011010011
10110111100000000010111100000111
00001000111100011000100011010011
10110001010000000010000100000111
00001001011011010000101001010011
00001001101001011000010011010011
00001000110001101000101001010011
00001000101011111000011001010011
11001111110100000010000000100111
11001011010000000010111000100111
00001000011111011000000011010011
11101110111100000010101000100111
00001000110000001000111101010011
01010100011100000010000000100111
00111011000000000010110000100111
01101101010100000010101000100111
11111011100000000010101010000111
00000000001011010000100011010011
10010111000000000010110000000111
11110111100100000010010000100111
01100010011100000010000000100111
00000000010101001000101001010011
00000001010101000000101001010011
11001111110000000010010000000111
00001001010000101000110001010011
00001000011010100000010111010011
10111100000000000010111010000111
00000000110011011000101011010011
11011110111100000010000000100111
10110010010100000010001000100111
00001001111011010000011011010011
10101100000100000010111000100111
10011001110000000010001010000111
11110110000100000010010000100111
00011001010000000010111010000111
10001111110000000010101010000111
10011101000000000010100000000111
00001000000010101000111111010011
00001001100110101000000011010011
11110101000100000010000000100111
00000000100010010000001101010011
00000001110001100000001111010011
01111000100100000010100000100111
00001001011101101000111001010011
10101000011000000010000000100111
01010000011000000010011000100111
00000001011110101000100001010011
00000000011111100000100101010011
11000000100000000010110010000111
00110100010100000010000000100111
00010001010000000010100110000111
00001000101101001000100001010011
00001000000000101000001101010011
01111101100000000010111000100111
11100010001000000010100000100111
01101000000000000010101100000111
00000001010011110000011101010011
00000001100101100000001111010011
01111000000000000010010110000111
01110111000000000010111110000111
10101111110000000010101110000111
00101111010000000010101100000111
00011101111000000010111000100111
11101111101000000010110000100111
00001000011000110000101001010011
00111111000000000010100000000111
01000001011100000010110000100111
10000110010000000010011000100111
11100000100000000010100110000111
00000001010110001000000011010011
00001000100010000000001101010011
01001100100000000010111100000111
00000000000000000000000001110011
00000000001010001010001011010011
00101110101010111111111000110111
00000000011011110000100011001011
00101000110000100010010110010110
00000000001011111010100100111001
11011100111101010011111101011001
00000000011100101011110100010000
11110001110010000001110100001001
00000000010110101101010111111000
10011110001000000011010001111100
00000000011010011111000100001111
00110111010100011111110000011001
00000000001110100001010001000011
00001000011010111011101001100011
00000000010110100000101000110001
00101000101000000110101010100110
00000000010100000110110101010001
10111001010100001010100111011111
00000000010111101100111100011001
10110110011101101100011011011100
00000000000011101000001111100111
10110011110000010000110011001010
00000000011100000100011001001111
11110000111100110000101011000110
00000000011110010011010110011000
01011101100010110000000011111000
00000000000011111100001011010010
01111000011001110101011000011111
00000000000011001010010011001001
01010001000010000110011111010001
00000000010100111000111000000001
11000111010100110111111011101110
00000000001010011101100110110111
11110101011111011011011111010101
00000000011100001001010101101000
01001110001111001101000000000001
00000000000100010001101010011010
00100000100001001000100001011010
00000000010110110101010110000111
00001110000110111000001011001000
00000000011010000100110011101110
10110011010010010011101101000011
00000000010010011010000100010000
01111111011101001010110110010111
00000000011100110011100011101110
11010110111111100101001100101100
00000000000011011011100101001010
11010010000000011111100110011010
00000000010110001100111111111000
10001001010010100011110010010000
00000000000101100111110000010100
00101011001011101010111010000000
00000000001011000000010101111001
11001100010110101110000011101110
00000000001010110111100011101001
10100000001010010001100100010110
00000000001001011111111010101101
00111111110101100100100110111010
00000000000101111010011010100111
11110011110110110110100001110111
00000000000101111110010100011111
10011000110111110011111100001111
00000000000011111110011111110111
01011100110010110101011010001111
00000000000110011111000100110010
10101110111100101101001111010110
00000000010101100111101111000000
01011110011100000010011100111110
00000000001011010011101000000010
00001010111110100110011000101100
00000000010111101101011111011110
10011011111000100110011010101001
00000000010110010001101100111011
00011110010100010010100010111101
00000000011011000001111010111110
01001011101110110010100011101000
00000000010110110000110000000011
10111100000000000011000000110111
00000000010000000101001101011111
11001011001010000001101000100001
00000000011011111101100110011111
11000111011110111011100111101011
00000000001110100101001111011001
10111111100100110100101110001011
00000000010101101001110110101100
00001010010110100111101111000000
00000000010101110001000101011111
11110000100110011000010110011110
00000000001100110101000101110011
00000011001111101000001111010101
00000000000100001001111111111001
10101100100011111100000101001011
00000000010000110001111111100110
00111011110100110001001101100111
00000000001000010101101010010000
11101100011111000001011000101101
00000000000110110110101011000010
10011110100101001100100100010101
00000000010111010110111111111010
00001111110011100011101001100100
00000000010100111010010100001001
01100111010011001010010110010111
00000000001111110000001100100110
00001100010100000001001101100011
00000000001111010011000010011001
01110010110100001111101011001100
00000000001011011101001010001000
10011001001001001011011000101011
00000000001000010010111110001011
01011011110111001111100011101111
00000000000101101000010000110101
01101101100011001011110111110101
00000000011110111100000001011000
01010000101101110010110100000010
00000000001000000111110111011011
11001001111011110010001110011111
00000000010110101100011010111111
01101000010011111001100111001111
00000000001110100111000010001000
11001011000010111110001010111011
00000000011110000001000101110101
10100110000000111010001010010001
00000000010101000001000110010010
01010111111100110110011011101011
00000000010010100100001101111101
00101101110110110001100000001110
00000000010011111001100101000011
11000100110111011100011000000110
00000000001010101101101011110100
11000100100111100110100100100101
00000000011100001000101110110010
00100111100101011111010011011011
00000000010000011101010100011101
00011001010110011110111100111101
00000000011011010101101111011000
11000000101111110111111001111010
00000000010100000000000101001011
11000100001010001110011111100001
00000000000000111011111111010001
10000111110100111010100010001101
00000000000011110111100101110111
00010101011101110001010010100011
00000000001011011001001111001000
11000010100100010101011011111001
00000000011011111101011111001001
00001101111001000000110100000011
00000000010111000100110000101000
01111001110010100011100001100101
00000000000000010100010011100001
10000010101101011101101110001100
00000000001101011000110100000011
01010011111111011111101111001100
00000000000010111101011101011110
11001100000100000110101010110001
00000000000001101010001100000001
00101011000000000010111001001011
00000000010111010001010010001001
00101010110011111010001010111010
00000000000100001111110000001111
10011000100011100001100100001110
00000000001011010110011101000011
01110110010010100101101001100111
00000000001111111010110110000101
00001010011000110000010000111000
00000000000000111111011010011110
10011010101100111000100011101011
00000000010100101001001100110011
10100101001000010100111010000001
00000000001111001001101010000011
01000010110000000101011100101111
00000000011011010100000100011100
00001101001110100001111101110000
00000000011010010000100101111110
01011110101100101110011110010011
00000000001101011110011011011000
11011000100101001101111100101001
00000000011011110010101011000010
11110111010001010111010000110001
00000000000100110100101000001011
01101111100100110011100000001000
00000000000101100100110000011010
11000011110101101101011011101100
00000000000001111011101101001000
00100111100101100111010010011010
00000000011100100011000000001101
00100011010110000011010101110000
00000000011101011110000100010011
10001101111010101111111100110110
00000000011000000011011100000011
01010001111001000011010001011100
00000000010100000101110111111010
01010111011111011110110110100011
00000000010000000011110010111011
10011111001001011010011000000100
00000000001111110101010111100010
11101101110010100010110100000101
00000000010101110101000101001000
01110110010100001111011001001001
00000000011011011100000101110111
01001000010110111000010101000010
00000000010100110000001110111011
01100110101110110010010111100110
00000000010111110100101101000010
01001000101100001101101000100001
00000000011001100011000110101010
01001100111001001011001011110110
00000000010101110001110001111000
11110110100110110100010101110011
00000000010011100111101011100100
11101101101110101111001110101100
00000000011000101000011000111011
01100011000110011001010011111000
00000000011011110111000100001000
01111010011111111011011010110000
00000000001010100111101010000111
00000111001110100010101110000011
00000000011111000010000010000101
01110001100011000010111100011111
00000000010011011001100100100100
10000011001110011011101110101111
00000000011111011101101110000100
00111100111001010001000110110101
00000000000000011010111011011011
00001101111101100110110100000010
00000000001001110001001011111110
10111001110100010011011110101011
00000000011000001111000100010010
01010001000001011100000011001011
00000000001111010011101001111111
00101110100011101110100010111000
00000000001110111001110000001110
01101101000011011010010100011011
00000000011100011010011010001000
01011110001001000101111011001010
00000000010011010110100011101010
10001100000001000010000111111000
00000000001000010111011101011101
10000001001000111110101001111111
00000000001001000001010000000011
00010110101111101001000000000000
00000000000011011000001110000000
11100111000000001010010000110101
00000000001000100000011000101000
11000011010001001101100001111101
00000000000000100100101000100001
11001110010001100101011111010101
00000000001110111011101010101000
10000011111000100101001001010111
00000000000100011111010111101001
11110010111001110011001110001101
00000000011100010010100110101010
10000101010100010110101100010000
00000000010000100110110011101111
10100101001111011001011101001111
00000000000100110100010110011010
01101011110000110000011011100000
00000000001110001111001110100011
11000001001000100000100111010010
00000000010001111010100110000101
01101110011001010111111110000110
00000000001111010110011001100010
11101001011111100101001110010100
00000000010000111001011110100000
01101101000110101101011111111001
00000000011111111110111110011000
00100100000001100001011111011100
00000000011101100011110100111010
11101000010100100011011011111100
00000000011100110010111111110001
10111001000110010111001010100011
00000000011010110101010101110111
00100101001000101110100011110010
00000000010001001111110101101001
11110101011010100100101100111101
00000000001010101110110101001001
00110001110101001010000100011010
00000000011110110010100101111000
11001000001111011100111101101010
00000000011110001001010100000111
10110101100010101000001001101010
00000000001010001100011001010000
00001000110000101010011111101101
00000000010010010111000000110110
10100010001010011011001000101001
00000000001000000011110001101001
11001100110110011000101100010100
00000000010110111010001110011010
01111100101011001001011110000111
00000000001110011000011001111010
11000000100101000001010111001100
00000000000011100011010100110011
10111011001111010111010100111010
00000000001011011101101001011001
10111100010111100001111111111111
00000000010101011011000000111100
01110101010000110111100010011100
00000000001001010110111111110010
11001000111101011000000101110111
00000000011100001010100111010110
10100101011111100110010001001011
00000000010110101001010111110010
00001000101011000000011001100000
00000000000011100110111111011000
10111111010101110101100110110100
00000000000101010011111101011111
00101110010100110011001011011111
00000000000111011011001100000010
10001010111100010000010010000011
00000000001111100010001010110101
00011001100000010100011010000000
00000000010011000011001001000101
01000100001010111111101111111001
00000000001000010101010001010110
01110000011110111010011010011111
00000000010010011001001010111100
01010000110100001101001111010001
00000000000100110001000110101100
01010011010001011110000011001010
00000000001101010001110100010110
01110001001001111101100110011010
00000000000011010100100010110010
11000001001010100000011100110111
00000000011111011000001011101100
10111101011101100111011100110011
00000000000000101001000110110111
01010001111010101010110011111101
00000000001000100111000110001000
00101000001011101111110001100010
00000000010010011011010000100010
00001001011101000100101100101110
00000000011110010010110111101000
11010011010101011100101000000000
00000000000000011011000100010101
11001001010100101111101001011111
00000000001001100000100101011000
11000000110001100010100010110101
00000000011010101111011111001110
11000001110001000011100011000000
00000000001000100000010001010001
11000011100100100011010010110010
00000000000101001010000001101111
00101101111110110111100000010100
00000000010010011110111010110000
00001111100000110110011111010101
00000000000110100100110000010001
00001011000000010111010001000100
00000000001011000011010010100010
10110000100001011000010000000001
00000000000111011100110010000100
11001111111000100000001111000000
00000000000101000010111010100110
10111000111010010100001100000010
00000000000100001001010001110100
11110010000111000000010101110001
00000000010111000011001110111000
10101110001111100011111111011111
00000000001100110100001000010110
01010110100010010000111010000111
00000000010100110001101111101000
00100100000010101111001111101010
00000000001100100010011100001101
01001101100101010010110110011111
00000000011000100111011001111110
10111111111011101000011100010000
00000000001010000111010010001110
10111101110110100110011110110000
00000000011111100000001101001110
10010111111001111001001001111110
00000000001110010011100001001101
00100010000101000100100001001001
00000000011100100001101101110011
00101001101000100010000000011101
00000000011001010110111000101010
01111110011110111100010000110111
00000000000011101001011000100000
01100011000110111101000000101101
00000000011100010001101100010110
01000101101110110100101000100111
00000000001000001010010100100111
01010110100101010000001101011111
00000000010111111110100101111001
00011110101101101000001100101000
00000000001100011101001001101111
11011001100001001111000100101110
00000000010010010100010101001101
11001110001110111101010101101101
00000000001100110000100001101011
10101111000001001011110011000101
00000000000011001001110111100010
00011010001101000110111011011111
00000000001110110101000000100111
00111110100111011111011101000001
00000000010001011101010010100100
01101110100101101000011100000000
00000000011110101100100000000100
01100101111000100111100110001111
00000000011010100100011110111110
00011011001100010100110111111101
00000000010010101100100011000000
11000010101011001101110110010011
00000000000010000101010001000011
10010001110001001010011001100000
00000000001000111100101010101111
10101001011010010111001010101011
00000000010100100011001111110111
11000100000111000110001101101101
00000000011111011000001100110011
01011100110101000100010111101000
00000000000110010011100111100010
00000001011010000001010001101001
00000000000110111001111111000001
01010011010010100101010010000001
00000000010100001101000000100010
00001001110000010110010110101000
00000000011110000110011010010001
01110001000101110001001100010000
00000000000011011001011100100110
00111100000011100100001010000100
00000000001100110100000100101010
00110101000001000111111111000101
00000000001100110011111011101010
10111011111001100100010110000000
00000000001100010100110110011110
01011001100011010101011001110100
00000000001000001101110101001101
01010110001111100101000011110110
00000000001001010011100100111000
11110000110010001100100111000111
00000000010101001011011011101110
01111111010101100111010101010100
00000000000111101110010000010001
11001100100110011001000100111101
00000000000111101011110001000111
01110000110001101100010010110100
00000000000110101000110111110110
10101011000010010111100110000010
00000000010111101111001111111011
01101011000101010110101011110011
00000000000100111000100010001011
00100100111001100111001101001001
00000000010101011011101110010100
11011100110000100101110111010101
00000000011011010111110100110101
11000001000111110110000111011001
00000000001100011110011101001110
10000110011111101110000001111011
00000000000011011000111100110101
00101001010111111001111000101000
00000000001010000111110101100111
11101110000100011001010111110000
00000000000011010111011010011100
00000100111011010010100011011100
00000000010010010011000111010001
11011000010101001011000111000001
00000000011111011010010001100000
10101101011010111100011110010100
00000000001111001110000100001010
11110101101101010101011001000101
00000000010111110010000010101100
10101011010001010101010010010000
00000000011001110100101001110001
01100001001111101010110001101100
00000000000011110001011101001000
10111000111100110101100100010100
00000000000111101101001010011010
01001100001010111000011010110000
00000000010010100110100101100000
01110001001100100111001100010001
00000000000100110100111101000010
10001000111100100011111101111010
00000000010001110001111110010101
10001111010111110101111111000101
00000000001100111111010111111111
00110000100100000101011100100000
00000000010010011111000101011001
10010010011100000000011111101100
00000000011110111001001110011000
11110100100010000011110000110010
00000000000111010011000010111000
00000011000111100101011100001010
00000000001100000100111101100111
11011010001010101110011101100110
00000000010011111010111100000011
00000100101110001101000110000100
00000000001011000011011010001010
10001011110001011010100011001110
00000000000000011111000110111110
01110001010001011001000111011001
00000000001110111001101000100110
10011010111001001110010010111100
00000000001001100111101011011101
11111100101000110001110110111000
00000000010010011001110011101000
01100010110110100010110000001010
00000000000111111011111001110010
10101001110011111001011010011010
00000000000011010100110011011001
01011111100111110101011000000000
00000000001111011000101011111011
11111001110101100000111100111110
00000000001111101101101000000011
01101001101000111111100001011101
00000000001010100100010011110011
01011110001011101000110000001011
00000000010011011010001011101000
10110101111110010011001111100111
00000000001110111010010101111101
01011011001110111011001010111110
00000000000001010111100001110000
00111100000100111001100010010010
00000000011110111111110011011001
11101111010001110001111000000001
00000000011100011110100110010000
11000011000100010100111001110001
00000000010010011000011110000011
10001111110000010111110111110111
00000000001010100101001000111101
11000010110001000101111111000001
00000000001111001000001111001011
10100010001100110010110111001110
00000000000110011011111110100110
11111101100100001101100110001111
00000000001101011011110111010100
11001000110011100000101101001101
00000000001010100110010101110001
10101001000101000010101101110001
00000000000000000000110101101110
00110000000011110111111001110110
00000000001011010011111111111011
00101000001100010111100000110011
00000000011111000010000000110110
00010101111110001111001001100011
00000000010100101000011010110001
00001010010100011001001010101111
00000000010111100111011110101110
01111001000000001010000011101110
00000000010101001000111110101101
10011110111110100111101110100110
00000000000011001010101101101110
00110010100111000111111110010110
00000000010011100101000111110110
10010000011111011100011010110101
00000000001011000000101100100011
11111101101110100100111110000010
00000000011000011111111101011101
01111011011011010110111010101010
00000000001011111110110111001110
10010111100110110011000000011110
00000000010000100000011100010000
01000100011001110011011010100100
00000000000011111111000111000000
00111001010000000101110101101111
00000000010101001000100100110010
10110010100001001101011100011011
00000000001100100111011001110000
01100101100011101110010111000011
00000000010011010000010000101000
01011101100010001001011000111101
00000000000101101001101010110111
01001011001111100010110110101101
00000000011011011011010100011100
01110100111001111011011010000001
00000000011010000101010100110011
00110111100110110000010110110011
00000000001110111011101001111101
01010000010000001000110100101110
00000000000100101000010011001101
01001010111010001000101000100000
00000000010110011110001111000000
10101000000110010101001110111110
00000000001110111000100101000101
11100000001100111011111111111001
00000000001111110101101101101011
10111111111100100110101001011111
00000000000010101100110010111101
01111100100110101000101011111110
00000000011101010100110101001000
01010101000000011001000011011100
00000000011100101011110011001011
00011000001011100101100000011110
00000000001100110010110110100000
00101111100110011010001011011011
00000000000001010101110111110111
11001011100111000000010111110010
00000000011010000111110110111001
00000000101100001101101001110011
00000000010101100001000110111101
01001001100111111011110001110111
00000000011110111001010001000010
01101001110111111100111000000000
00000000000100010110010101000111
01010001110100110010011011010011
00000000010101100011001000111000
01010110101010111101100010011010
00000000000000000110011101010010
00101000011001110000111011001001
00000000001111010001111111001100
10101001111010111010010001001100
00000000000100000011010001101000
10001101100101011010111010011011
00000000000000101010000000101011
10100011010100100001010000100100
00000000000000110100100000001001
01100011010100001101000010011010
00000000010001011011010110011011
01110010110010111001111110000101
00000000011111101010000000010111
00101001011010001110001100010000
00000000010010011110110001110111
11111010111101111100111100100010
00000000000000110010011100100010
10111000111001000010000011100110
00000000000011101111000010010001
11011111010111110001110001011000
00000000000010111101110011001001
01010011010100100110001000101001
00000000010101000110101110000000
11110011110010010110011011010110
00000000010010011010011111111001
01111011100101101101010101110110
00000000011100011100010111111010
10010000111111000001100101110101
00000000010000100111101000000100
11001101101101101010110001100000
00000000010000100001101111010011
10010000110111100001111110001100
00000000000100011101110010010100
10101110110111010011011001100100
00000000011000001100110110100001
01011100011011101111111000110111
00000000001001001010100001100001
10000000110011000100100001111011
00000000001001011100111100110001
10011001111110111011101101000011
00000000000111100100111000010011
10111101001100000001000110001101
00000000001000101110010011101110
11101011111111001000001001000111
00000000010111011001111000101011
11001111010000110011101001111100
00000000001100101101100011110010
00101011010000111011000010111111
00000000010010010000011001110111
10101001100010001001110000111110
00000000010000011110111101010100
10000001011101111011001101100010
00000000000101111010100111100111
11110101010100100101100001000110
00000000010011000100010100110011
11001000000001000111001000110010
00000000011110010000001110111001
10110110010110111101101100110110
00000000010110111101100011001100
10000010111110001011101100100011
00000000000001110001001010110010
01111011111010100101101111000100
00000000001011100011001100010010
11110100111010010110100011000001
00000000001001001101000010101010
01011001101010010101111100110100
00000000000001001100001011111001
11001010111000011000101010011111
00000000011111001010110011001100
11010101011100001111010010001000
00000000010000000111101001100000
01100110000110000100000001110011
00000000010101111110101001110001
10011010001110110101001011101100
00000000011100111111010010101100
00100100010000101011110010110011
00000000010010011110111100110101
11101111111100010011110010101010
00000000010010000110101101101110
10001111000100001010100011110100
00000000010011100010110001011001
11111011000101011001111000101101
00000000010100110111001010110010
11110011011001001011011101111100
00000000001000001110010100010001
11011001001001001100110100101001
00000000010111101010101111110110
11101101110011111010111010101001
00000000000100110001111111101100
11110110000001110000100011110011
00000000000011111000100000110011
10000010111110101010000000000110
00000000000100100110100010111010
10110110011111100100101001110000
00000000001001011010010100100000
10111101111100010110011101110100
00000000010011001101101111100011
10111111000011111100000100100010
00000000010000110110000111001001
10100011001111001110000000110111
00000000011001010001100010110101
11010010111101011011011011101011
00000000010101110010111011101101
11100010011000101001110101111101
00000000000010011101001101110111
10111001010110100110011001110110
00000000011011000100011110000010
11110000010110001010101110110111
00000000011011011011111100101001
10010101000111110111000100000101
00000000010001100000110000100000
01111100111001010010101000000010
00000000000101111011010111100001
01000110110100011001101100000011
00000000001111000101000101101010
10110001000010011101010000001010
00000000010001011001100111010000
01110100101011111011010010111100
00000000001011110000110001011010
11111011101001010101010010000011
00000000001110000001100100011001
00111101100001000010110111011000
00000000001011000011010111110101
01101011011011010111110101101010
00000000010000011101111011111100
11111100010101110000000001110000
00000000010001110010001110011111
01100110101101011100011001001010
00000000001111001000100011111010
00100001110001111001000111010100
00000000001011011011110101001101
11100011011100111100111110001010
00000000000111000111111000101001
00011101000001101001100001001001
00000000010011001101111110001010
00110011100000111011111111001000
00000000011100011110010011000100
10000010111011110010110111000100
00000000000111111111101101000000
00011101000000010111101000110110
00000000000000011011000111000011
01111101001101001001100111101000
00000000011111010001000010111111
00110000011111100101010110111111
00000000011100111010101011111011
01011100011111101111010101111001
00000000001001001110000011101111
11001011010101001010101111100101
00000000000101100001101101111001
11010100111010000111011010111010
00000000010010011111110100110100
10000011011100011010001110101111
00000000011100001111001101001101
01000110010110110101101110000110
00000000010001011101101011011001
10110011010001001100100001100010
00000000011101101000110001011001
01000101110101100111100101111001
00000000001001010010001010011101
10100010010101100110000000101110
00000000011110001101101010111010
00110011011110111000000010110010
00000000000100110100110010111111
00000110000011110001011110000000
00000000011110111100000100010101
11000101110100000111111110111101
00000000001010111011011010011001
00111110001011010000111111101111
00000000001010110011111101010001
11011101101011011110100000111100
00000000010100110010010111101010
01011110001100101011110000000000
00000000010011010110011011010010
00100101000110011010101100111000
00000000000111000011111011111000
01000101100000101110000011001100
00000000001000001111001110110001
10110111001011101100000010001110
00000000010010000110110001100111
10010011100110011010110101100011
00000000000010110001100110110011
00001010001110010000000100011011
00000000000000110110101001110010
10010010111001110010110111000100
00000000010111111100001111101110
01011110000110110110110000100111
00000000000110000110001101110100
00111101001010100011010001100001
00000000010110011000100000110100
01110101100001010000110101111011
00000000001111000100000001110101
01101011010110110111101000111110
00000000001010101101111100000001
11111111001111010101011011000010
00000000011001011010110010100011
01110100111100101001010101001001
00000000000110010110110010101110
00010000000111010000011100000100
00000000011101111001100100111110
01111100111011001100111110111111
00000000011111000000010010011011
01111111011000110111111010111101
00000000010010110110111010010000
11101111110110000001000100111001
00000000000111111101101101111000
10100110000111001011000000111001
00000000000010111001111101011001
00010001100001100101101110000001
00000000000101110110010001110100
01100010111001011000000101010000
00000000010001001101110011000111
00010000000010110101101101110100
00000000011001101011110110110110
00011111100100101111011101001001
00000000010001010000010101010011
00101101000100011110101011010111
00000000001101011100100110000000
01000111001110010100010000001001
00000000010110100010011101101011
10110010010100100110001010000100
00000000010001100011110011011110
00000110100101001011010100101100
00000000011011111010010010110011
11011111010001010110101000011100
00000000001000101111010110001100
01110100101001110110100011010111
00000000001111111101111101011101
10100001011100100001110010010010
00000000000010011111111001100100
11011000000110000000110111111111
00000000000011001011101011010001
11011101111011100010110001101110
00000000010001111011110010101000
00010001110100010101111111101111
00000000001110000110011111010100
10001110000010011101101000101101
00000000000000001101000110001010
11000101001111000001101101001011
00000000010110101000110100010101
11010001110110101000110010111011
00000000001110101000011111100111
11110010001100010010111000111110
00000000010110011010100001100110
00010100110111110011011011011101
00000000010101000000010011110110
00011001000011010101000000000100
00000000010010110100010000001010
01011001011101111100010100110111
00000000011001011111110001011010
10001011101000110000100001011000
00000000011101110111110000000101
01100100000111100100111100110000
00000000011011000011011100100001
11101000000101011001110100110100
00000000011111010110001101101010
10000101010011101101001100100100
00000000011100100010010111111000
11111011010111110110101010011010
00000000001011110001101110010011
01001110000011001011101000011000
00000000000101101000000111001010
00111101100000100010100010000010
00000000011001100111111111111001
11111100101010001100000011101000
00000000011110010010101011101010
11001001011110000111000111100011
00000000001100100001000111011011
11011011100010001011100111111011
00000000010111000100011101100100
00110100010110010110001111011101
00000000010010001101010010010001
10001111010111010101001111110010
00000000011101111101011100000011
01000010100010011100111100001111
00000000001001000101001001010001
10010110011110100101011101011110
00000000000111101001001111110101
01011101011111101011100101001000
00000000011101011111111111000000
10000010001101101000100011111010
00000000000111101010111101011011
00001111000011110011110101001101
00000000011110111111101010111010
10000110110010110010100111011100
00000000000001100100000100100010
00011111000001001000111011011100
00000000001010010101010010010111
11001011011100101101100010001110
00000000000101110011000010110001
01001100001001100101110010001100
00000000001101101010000110010001
10011100111010111111101010111110
00000000001000111110000110110100
01001010001100101100100010011110
00000000010100111001100111000100
10101111101011000001100010111111
00000000011101100111001111101100
01111100011000100111010001101111
00000000000100111100100010010110
10110101000111010100111110010100
00000000001011001001001001101001
01101110010110001011000100010110
00000000010001010100001101011110
01101100111001100011101110000010
00000000001001100000101110111101
00101111100001110101011001000111
00000000011010101001100100010101
00111101100000001011111111011000
00000000001010011001111110100001
01100111000101000100101110011101
00000000000010100011011001010000
01001100011110111011100000000101
00000000011000001000000010100101
01000110100110010110110100000001
00000000001000101000110111010101
10110101010101010011000100010011
00000000010000000000001100110111
01110101101111010010000011100000
00000000001101101110111111000000
01001100001001010000010111001100
00000000000000100101010000100100
01111110110111000010101100111001
00000000000000110001011010011001
10111010010000111001100110010000
00000000011101100101110001101111
01110010111011001100000000000100
00000000010001111101100100111001
10111001001000101100111011110010
00000000000101110101100110100101
11010110011110010001011011111101
00000000001001011101101100000110
10100011010011011011100101100100
00000000000111101001100100101011
11110111111110110001111110101001
00000000001101000010011000111100
00101001000000101111111000100011
00000000000101101111001010100011
00110101010110001101111011010001
00000000010010110000111000000101
01010111010011110011111001110010
00000000011011110100011110000100
11100110100011001010111100000001
00000000011000000010100111000100
01000101000110001110101110110111
00000000001011010101011111010001
00010111100001110010011001101001
00000000011001101110111011001101
00100010100111101010110111000011
00000000000010010100001000001011
11101000011101100010101001011101
00000000000000011000010010111000
01000101110010000000101001010101
00000000010111110101010100000111
10010110101011110110101111011010
00000000000000101111001101111111
11000100010000010100011000000011
00000000011101110010000001101011
10011000010111100100100001111011
00000000011110110001000111101100
11010101001101111101011111110110
00000000000101110000111110110010
10000011111110010011010010011101
00000000010100111101011111001110
10100001000111001110001111110101
00000000011100101111101101001100
11000011100011111001001111001010
00000000011111110000101100011100
01101010110101001100011001110001
00000000000010100010110010001110
10100100101011010001101101001010
00000000011100001000011100101010
11100100111011000010100010100000
00000000010101011110000001100000
01110100000011100001010010011010
00000000011101110000110011100111
10000100010011101010101000100101
00000000011110010000010111100010
11110001100110101010000010000011
00000000010000101111000111110110
00110011100101111110101011010100
00000000010110011101110000111010
00110101101000000100010101011011
00000000010101100110011101111011
01011110111000110111101100001011
00000000000101110000100011100011
01001111101101101111001001010100
00000000010011101111010111100001
00010001100111000111010111110110
00000000010010011010111100010111
10111100001000001111000110010010
00000000011000011000111010111101
10100111011100010001101000000110
00000000000001001101000101001011
01011000010110000011001110111001
00000000001111100011111110010110
10101001011000000100011101001100
00000000000100001111011011110100
01000100011001101001100000101010
00000000010011000111111010100100
10001111110011010011101101111011
00000000011101100001101111010110
01000011010101111111110011101011
00000000000011001011101101101110
00010100011111001011010000111110
00000000011011111110000110110111
11110111100100010011010110110001
00000000000111100011111100110001
11110011010110000011001011011010
00000000010111001000111110110110
11111110011010111011110001011010
00000000000010011111001100001000
00111010101101101001011101001000
00000000010010100101000101000010
11011111110111111110000101100000
00000000000011001100111100100110
11001011101110101001100001011111
00000000001001000110110011010100
11111010010010111110010111111011
00000000011010111111001100100011
10111111000101011110010100001001
00000000011100100011000001001001
00101111100100100001000011011001
00000000001100001111101110010001
00011101100100100110011000101000
00000000011001111001111110101000
11000110001001001101110110000100
00000000000001111000011001010001
00011100110101011001011000010010
00000000010011101010101100010001
00010000110011001111111100011011
