01111111110000000000000000010011
01111111110000000000000000010011
01111111110000000000000000010011
00000001110010100000010111010011
00001001111000110000110101010011
10000001100000000010000010000111
00100001010100000010111000100111
11111100101100000010011000100111
11110100001100000010110000100111
11000111110000000010100100000111
00001000100100110000110111010011
00011000010000000010001000100111
00000001111000100000000011010011
00110001110100000010110000100111
00001000101011011000101101010011
01000001010000000010100000000111
10010101100100000010110000100111
00010000011100000010001000100111
01101010111000000010110000100111
01001010110000000010101100000111
00000000101111000000100001010011
00000000010000011000101011010011
00111001001000000010110000100111
10010111011100000010000000100111
00000001111011000000000011010011
00000000000011001000100101010011
00000000111010100000101011010011
11001011111000000010001000100111
00000001001011000000001001010011
01011001110000000010011110000111
01011111000000000010100100000111
00110111100000000010010000000111
00001000001010100000110101010011
00000000110010101000001101010011
00000000101110110000010111010011
00000000101100001000101101010011
00001000110011000000011101010011
11110001100100000010001000100111
11001001000100000010010000100111
00000000001000111000000111010011
00001000010101011000110111010011
00100110100000000010111010000111
00001000101011101000100001010011
00000000001010101000000011010011
00000001100100000000110001010011
00000000111001111000111111010011
01000011111000000010011000100111
00001000001101011000100111010011
00101010110000000010010000000111
00000111110000000010000010000111
00001001111101001000011011010011
10000111100100000010010000100111
10001000000000000010100000000111
00001000010100111000010011010011
01000001100000000010010100000111
00001000001010011000110001010011
00000000100110010000111101010011
00011110011100000010101000100111
00001001100000101000011001010011
00000000001001110000000111010011
00001000011000010000100111010011
11001100000000000010000110000111
00000001111000110000111101010011
00000001101100101000000111010011
00101111010000000010001010000111
10001000010100000010111000100111
11110001100000000010011110000111
01111001001100000010001000100111
10001001110100000010110000100111
10011001010000000010000110000111
11110110010100000010000000100111
10110111000000000010010010000111
00000001011111110000110101010011
00001001100110011000010001010011
01111111000000000010001010000111
11101100000000000010011110000111
00001000001101110000101011010011
00000000000000111000010111010011
00000001011010110000101011010011
11111111100000000010101000000111
10000110110000000010010010000111
00000001000000000010010010000111
00001001100101111000011011010011
00000001000011000000011001010011
11000001000000000010011100000111
00100010000100000010010000100111
01011011010000000010010100000111
11000000000000000010011110000111
00000000011101100000111111010011
00000000001011100000000111010011
00000001110101100000100101010011
01001000000100000010111000100111
10011100110100000010111000100111
10000111001100000010101000100111
00001000101010100000110101010011
00000000100000110000011101010011
00001001001000001000010001010011
01000010010000000010010110000111
00001001001100001000000101010011
10111011101000000010011000100111
00001000010100101000010101010011
00000000100000010000010011010011
00000000011100000010100000100111
10010111101100000010000000100111
00000001100101101000110111010011
01100100100000000010000010000111
10011000100000000010100000100111
01100100010000000010010100000111
00000001001110110000110011010011
01100111010100000010011000100111
00000001110111010000110111010011
01010100010000000010110000100111
00100111010000000010100000100111
10000011110000000010000000100111
00110110100000000010010100000111
11000000010000000010110000000111
00001001101100001000000011010011
00010011000000000010100000000111
00000001001111110000101101010011
11101111001000000010111000100111
00001001110000000010011010000111
00000000101100110000011101010011
00011101110000000010000110000111
00001000101101010000101011010011
10101110101100000010010000100111
00000000110110100000000011010011
00000101000000000010111100000111
01111111101000000010110000100111
10000010100000000010011100000111
10110001100000000010011110000111
10001101110000000010001110000111
00000001101111011000110101010011
00000000000110001000000101010011
00000000011101110000100101010011
00000000010001011000110001010011
11111010000000000010100110000111
00000001011100110000100011010011
00000000111100011000111001010011
10000101011000000010000000100111
10111111000000000010001010000111
00001000000010001000000111010011
00001000000101010000000101010011
00000001111010000000011101010011
00100011000000000010111100000111
11111100010000000010100000100111
11000010100000000010011010000111
00011101111000000010001000100111
10010111010000000010111100000111
01101101101100000010101000100111
11000000100000000010111010000111
01011111101000000010100000100111
11010100010000000010010110000111
11100011011000000010101000100111
01010101001100000010100000100111
00110100111000000010010000100111
10000110110000000010111000000111
01010101000000000010100100000111
00001001000111111000001101010011
10010001010000000010101000000111
00000101110000000010010010000111
00111010000000000010010110000111
00001001011010010000111111010011
00001001011111001000100011010011
00001101100000000010100110000111
00001000010100010000001111010011
00000001100001100000101101010011
11111001010000000010110000100111
00001001100111110000111011010011
00001001110010001000010111010011
00001001110111000000000111010011
00001000101110010000000011010011
01111000111000000010000000100111
10101011011100000010101000100111
11110010111000000010000000100111
00001001101101101000100111010011
01000001010100000010011000100111
10010011010000000010000010000111
11010011100000000010101000100111
10101110101100000010111000100111
00101100010100000010101000100111
10011101110000000010111110000111
10010010001100000010001000100111
00000001101101111000011101010011
11111110000000000010010000000111
00001001111010010000010011010011
01011011101000000010011000100111
00001000111101110000110001010011
00001001011101000000100011010011
11101001111100000010111000100111
00010010000100000010011000100111
10111010000000000010111110000111
01011111000000000010101000100111
11001101110100000010010000100111
10000111111000000010010000100111
01010111110000000010110100000111
01101101100000000010111110000111
11110101110000000010011100000111
01010100110000000010100100000111
00000000000100011000101101010011
00000000010000011000011001010011
00000000011001001000010001010011
00001001001001010000001001010011
00000000110100011000111011010011
00001001001110110000000111010011
00000001101011100000110001010011
11111101010000000010010100000111
00100000101100000010101000100111
00001001111011110000101001010011
00001000111010100000111101010011
00001001010010110000010111010011
10000001100000000010011010000111
00000001000101101000110101010011
00000000010001100000010111010011
00000001111100000010101000100111
00111011100000000010111110000111
01111010000000000010100000000111
10001011110000000010111000100111
00001110000000000010111000100111
01000010110000000010010100000111
10101011010000000010101100000111
00001000000001010000110111010011
00011010110000000010010000000111
00000001110010000000100111010011
00001001011101010000010001010011
00000001001000001000000011010011
01011110110000000010000100000111
00001001110011110000110111010011
11100001110000000010011100000111
00000000001100100000100111010011
00110000110000000010101110000111
01000111100000000010111110000111
10101101010000000010011000000111
00000000101011110000000011010011
10101010010000000010110000000111
00000000111111110000110001010011
00000000111000100000110001010011
00001001111010100000001101010011
01001000101100000010111000100111
00000001110110010000001111010011
00001001101001110000010011010011
10001110010000000010111000100111
10101101110000000010000110000111
00001000011101110000000101010011
11011011100000000010110110000111
00000000101000000000101111010011
00000000100001110000000101010011
11001100100000000010101010000111
00000000010010010000011111010011
00001000110100100000101111010011
11101100110100000010111000100111
01010101110000000010111100000111
11001101010000000010100100000111
11111100010100000010111000100111
01100000111000000010011000100111
01111001010000000010000000100111
00001000011011011000010101010011
11111001011100000010001000100111
00001001100111111000011001010011
00001001101110000000100101010011
00000000001001111000000111010011
00011101100000000010000010000111
00001001111101101000100011010011
10010011100100000010111000100111
01001001101100000010000000100111
00101110111000000010111000100111
10111101100000000010010110000111
00001001101011010000110001010011
00110001010000000010001000000111
00000001101011110000101111010011
01000111100000000010100000000111
00001000010000110000010101010011
01111001100100000010110000100111
00000001000111011000111101010011
01110000010000000010010000000111
01100011110000000010010000100111
10000011001100000010101000100111
00101101011000000010111000100111
00000101011000000010010000100111
00111100110000000010111000000111
10010110110000000010100100000111
11001000010000000010101000000111
00000001010101001000001001010011
00001001111010100000010111010011
00001000000111101000100001010011
01100001000000000010001000000111
00001001110101000000001011010011
11110000000100000010101000100111
11010010011100000010100000100111
00101011000000000010011100000111
11000110110000000010011000100111
00000000111110110000010011010011
00001000000101101000011011010011
00001001001011100000111011010011
00000001111111001000010011010011
10100100101100000010111000100111
00001001010101100000111011010011
00000001010010010000110011010011
01101001100100000010001000100111
00000000001001010000001011010011
00111011010000000010111010000111
00000000011010101000101001010011
00100010110100000010000000100111
10001010010100000010011000100111
01000101011100000010100000100111
00000000100101010000101001010011
11010110010000000010001100000111
01110100000000000010001010000111
10000101000000000010000110000111
00000001100011110000100001010011
00001000001010110000111001010011
00001000011010111000110111010011
01110100010000000010100100000111
00000000010101011000000011010011
00001001101111101000001011010011
11010111100000000010000010000111
11100001011000000010111000100111
00000000100010110000001101010011
00000000011101000000100111010011
00000001111000000000100001010011
00001001001000010000101011010011
11100000110000000010110000100111
11101000101100000010100000100111
00001000100011000000001011010011
01111110001000000010110000100111
11100111011000000010110000100111
00000000011111010000110101010011
00011101000000000010010000100111
00000000111011000000001011010011
00001000101010000000101011010011
00100001110000000010100000000111
10110001010000000010000000100111
00000000100010110000001111010011
00001001111111101000111011010011
10111000111000000010000000100111
00000000000110001000011101010011
01010010000000000010100100000111
00001000110001111000001001010011
00000000110011101000010011010011
00001000111000101000000101010011
00110110010000000010010100000111
10010101000100000010001000100111
10111011100000000010100000100111
00001001100011001000110011010011
10010101010000000010011000000111
00001000010010110000100111010011
00000000010001001000111111010011
11111000010000000010110000000111
00000000011000010000110111010011
11011010010000000010100000100111
00010110010000000010111010000111
00000001010000110000001011010011
01111010010000000010111010000111
00000001011000011000100011010011
10110001110000000010100100000111
01110110001100000010010000100111
00000000000101110000101001010011
00000000011011000000100111010011
00001000110010111000100011010011
00000000100010000000011011010011
00001001001000001000011001010011
10001101111000000010101000100111
00000001000100010000101001010011
01110110000000000010101010000111
00011101011100000010111000100111
00110110000000000010101010000111
00110111101100000010111000100111
00001000101000001000111011010011
00000001111101111000010101010011
00001000110100100000100101010011
01010101010000000010011010000111
00001001110001001000011011010011
00001000010000010000100011010011
01011110111000000010000000100111
00001000101000010000010011010011
11101001100000000010111000000111
00000011010100000010001000100111
00110010100100000010111000100111
10101111010000000010010000100111
00001000011011010000101111010011
00000000011110111000011101010011
11010001000000000010110110000111
01111001010000000010010100000111
00001000011001001000010001010011
00000000111100001000111011010011
00000000011111101000011001010011
00001100101000000010101000100111
00000000111101101000111001010011
00001000010100001000001011010011
10111110100100000010001000100111
00001001010000011000100001010011
00000000100010010000010111010011
00000000111010100000001111010011
00000000110110111000011111010011
10100001000000000010111010000111
00001001111010110000011111010011
01110111011000000010001000100111
11010101000000000010100010000111
00000000100001000000001001010011
00000001110011110000100101010011
01000000001000000010111000100111
11010100100000000010101110000111
00000001100011000000000011010011
10011111110000000010011110000111
00000000110100000000001011010011
00000000001001101000001011010011
10010000001000000010101000100111
10101000000000000010001110000111
00001001011100010000010111010011
00001000110011111000010001010011
00001001000110111000101011010011
11111111001100000010000000100111
00001001010001100000101101010011
00001000000100111000100001010011
10100100111000000010000000100111
00000000000100000000011001010011
00000001110111110000100011010011
00000000110100010000111001010011
11001111010000000010100110000111
00000001000000000000110011010011
01000111000000000010010110000111
00000001001001100000101001010011
00110001011000000010010000100111
01001010001100000010000000100111
01101001011100000010001000100111
10010010110000000010110110000111
01111001010100000010111000100111
00001110000000000010010000100111
10000111111000000010011000100111
00001000100111101000000011010011
00000000011000000000100101010011
00000001010111011000001001010011
00001000000010001000011011010011
00101000100000000010110100000111
00000000101110001000101111010011
00000000011010110000001001010011
00101001100000000010000100000111
01100111100000000010110010000111
00001001001111001000010101010011
11000110000000000010110110000111
01100000110000000010000100000111
10111110110000000010110100000111
10110111011100000010110000100111
01000001010000000010000100000111
00000001111110110000001101010011
00001001111000000010101000100111
00101101100000000010100110000111
11010011100000000010010000000111
10011101100000000010101010000111
01111001011100000010010000100111
00011101101100000010001000100111
10110010110000000010001000000111
11010111110000000010011110000111
00001000011001110000101101010011
10011101100000000010101110000111
00001000111011010000110011010011
00001001001110110000111101010011
00000001101101111000110101010011
00001001001010100000100001010011
00001000101001001000101101010011
00000001010010111000010111010011
01011000010000000010000010000111
01111111000000000010011100000111
01011010110000000010111000100111
10010101000100000010001000100111
00001000001010100000101101010011
10111000110000000010010100000111
01000010110000000010110100000111
10010110110000000010101000000111
00001001001011110000110001010011
00100000010000000010101000100111
00000000011011010000000111010011
00001001000000000010101110000111
00000000111010101000001001010011
01010100000000000010110110000111
11010110100000000010011110000111
00000001111011000000110101010011
00000001000011010000011011010011
00000000010011001000111101010011
00000001001000111000100011010011
01000111100000000010000010000111
00000001111111101000010001010011
10100111011100000010100000100111
10001011000000000010101110000111
11010111010100000010111000100111
11100001100100000010101000100111
00101100000000000010011110000111
00110000100000000010010000100111
00000000001001010000111101010011
00010101111000000010011000100111
10010001111000000010000000100111
00001001110001000000100011010011
00101110101000000010111000100111
00001000111011100000010011010011
10101111010100000010101000100111
00001001110100000000111111010011
00011011110000000010101010000111
00001000011011010000100001010011
11010111000000000010100000100111
10001011000000000010101110000111
00000000010001001000110011010011
00111000101000000010000000100111
10111111101100000010111000100111
10111101001100000010010000100111
00000000110100101000100001010011
00001001001011000000011101010011
01000101110000000010110000000111
01100100000000000010110000100111
00001000000010101000101101010011
10110011001000000010100000100111
00000001101100011000000101010011
00111011010000000010000010000111
00000000011101111000111111010011
00001001010110011000001101010011
11111100010100000010101000100111
00001001011111001000101011010011
00000001011000010000010111010011
11100100100000000010110000100111
00000001000110111000100001010011
00001001110001001000110011010011
01001100110000000010010100000111
10010100000000000010110000100111
11011011010100000010001000100111
10111100000000000010111110000111
11011010100000000010110000100111
00000000001010001000011001010011
11100000010000000010111010000111
10000111000000000010111100000111
00001001110000000010000100000111
00000001101011100000101001010011
00000000111111100000110001010011
00000001000110011000100101010011
00010100011000000010111000100111
10001001111000000010110000100111
00001000100011101000110001010011
00001000010110010000000011010011
00001000110100111000101101010011
00011110101000000010001000100111
00000000100001001000010101010011
11011000101100000010110000100111
00000000110011101000000011010011
01110111110000000010000110000111
00001000001001101000001101010011
00000000001011001000000101010011
00110010111000000010100000100111
11100000111100000010110000100111
11100001110000000010010110000111
00000000101110011000011111010011
01110010111100000010011000100111
00010011000000000010000100000111
00000001000111000000101011010011
10010011111100000010100000100111
11000011110000000010100010000111
00110011010000000010110100000111
10000100110000000010011010000111
10100000111000000010100000100111
00001000101000011000101111010011
00001000101110001000111011010011
00110010000000000010100010000111
00001001100111110000000011010011
00000000110100100000010011010011
01011110100000000010111110000111
00001001100100100000001001010011
00001000010110010000010101010011
00001000110011111000111001010011
00001000100110110000110001010011
00000001101000101000111101010011
00001000001110100000111011010011
11001110100000000010000000100111
11000011110000000010001110000111
11011010010100000010010000100111
00001001101000000000001101010011
10111101001000000010111000100111
00001000100000111000110011010011
00000001001000010000100001010011
00000001100101100000111111010011
00000001110100010000111001010011
00001000101111010000010001010011
00001000011111001000110111010011
00100000110000000010011000100111
11000011010000000010011100000111
00001001100100001000100011010011
00000000000100100000110001010011
00000000001100110000011101010011
10111010011100000010110000100111
00100000000100000010100000100111
01101111110000000010100000000111
00000001000000101000111111010011
00010111111000000010010000100111
00010000010000000010010010000111
00001000101000010000010101010011
00000001111100011000001001010011
00001001100000001000001011010011
00001000000000000010010000000111
10111111110100000010011000100111
00000000110100000000001011010011
00000111010000000010010100000111
01011011100000000010110010000111
00001000010000000010110100000111
10000100110000000010111110000111
11101011100000000010001010000111
00000000010001110000100111010011
00000000001110101000100001010011
00001000110001000000111011010011
00000000111101001000010001010011
00001000100011000000001011010011
00000000111111111000111111010011
11111000010000000010001000100111
10100110000100000010100000100111
00001001010010100000001101010011
00000000000010100000000011010011
00001001011110111000010001010011
00001001101001011000110001010011
11011010011000000010111000100111
00011100111100000010101000100111
10011100000000000010100100000111
00000000011001000000111111010011
00000000101111110000111001010011
00000000111100100000000011010011
10101001101100000010011000100111
00000001001001101000110001010011
11001000101100000010101000100111
00001000000010011000011111010011
11111000010000000010011100000111
01011101110000000010010110000111
00000001100100000000000011010011
00000000101000000000101111010011
11110001000000000010000100000111
10000011100000000010101010000111
00001001000111101000011011010011
11110011111100000010010000100111
01000000110000000010100000100111
00001001000001000000100111010011
11110110001000000010000000100111
11111110000000000010100100000111
00001001100000010000100111010011
01101001010000000010000010000111
10100110010100000010001000100111
00000001100000110000100111010011
01110101000000000010111000000111
11010111110000000010110010000111
01101001110000000010100000100111
00001000101000101000100111010011
00000001010011000000011001010011
11011110010000000010010000000111
00010001111000000010011000100111
00001001110110111000110101010011
01010000110000000010010100000111
11000011001100000010110000100111
00000000010001100000011001010011
11001101100000000010111000000111
00001000001111011000101011010011
00011110010000000010111010000111
00001001010100111000010101010011
10000101001000000010010000100111
00000000101011100000110101010011
00000001010100010000010111010011
00111110110000000010010110000111
00000001001110000000100001010011
10110001100100000010100000100111
00000000011010110000000011010011
00111011110000000010000100000111
00001001001001001000111111010011
00001001110111000000001001010011
00110001010000000010001110000111
11111000100100000010110000100111
01110110010000000010110000100111
11111100010000000010010000100111
00011100100000000010110010000111
01111100011000000010100000100111
00000000000100000000111001010011
00001001100010001000011101010011
01000110011100000010110000100111
00100100110000000010111110000111
11001011100000000010011100000111
00001001111111101000011011010011
00000000000000000000101011010011
11000101010000000010101100000111
00101110000000000010010010000111
00001001000111010000010011010011
11100011010000000010101000000111
01000101011100000010011000100111
00001000000111111000111001010011
00110110111000000010010000100111
11100111010100000010101000100111
00000001111010101000010001010011
00001000001100101000000111010011
00001000011111011000111001010011
11110101010000000010000110000111
00110110000000000010001000100111
01111000011100000010001000100111
10110100101100000010010000100111
11101000100000000010111110000111
00100101110000000010100100000111
00000000101001101000101001010011
00000000110111111000001001010011
10011011100000000010110100000111
00001000001011000000111011010011
00100000001000000010111000100111
11011110011100000010100000100111
10111111100000000010100110000111
00001001000111000000000011010011
10101110001000000010100000100111
00000001111100011000101111010011
00001001111010000000011011010011
01001111100000000010100000000111
00001000011010100000000111010011
00001000111101011000110011010011
00001110110000000010110100000111
10010010111100000010010000100111
01010100110000000010111110000111
10111000100100000010111000100111
00001001100111010000010101010011
00001000111100101000111101010011
01101001101000000010011000100111
10101011000000000010011010000111
00000000111010110000001001010011
00100011010000000010100000100111
00000000010100001000110111010011
11110110001000000010001000100111
00001001111101110000111001010011
11110000000100000010011000100111
01001010010100000010100000100111
01110000100000000010111000100111
01001001101100000010101000100111
10111111000000000010100000000111
11000111010100000010000000100111
00001001110101011000100101010011
00000001011101100000010001010011
01000111101000000010001000100111
11111101110000000010100000100111
00001000110011101000110101010011
01011101000000000010011100000111
01100101111000000010011000100111
00001001010100011000000101010011
00000000101110111000011011010011
00011001110000000010111100000111
00000001000010011000000101010011
11101001100000000010111000000111
00000001110100110000101011010011
00000000010100001000011001010011
00001000010010100000010001010011
10101111010000000010000010000111
00000001000010010000011001010011
00101110001100000010011000100111
10010010010000000010110100000111
00000000010011111000011011010011
01011000000000000010010110000111
01000011111000000010111000100111
01010010100000000010011100000111
00001000111001100000000111010011
10000011010000000010010000100111
11001100110000000010011100000111
00000000111101110000111001010011
00000000101000010000111111010011
00000001011110011000001101010011
00001001110111100000101011010011
00000001001000011000001011010011
00011001100000000010111110000111
00000100100000000010010110000111
11111101000000000010111000000111
00001000110001100000000111010011
11011111100000000010011100000111
00010001100000000010101110000111
00000000000011001000101011010011
00001000101001001000111001010011
00000001001110001000110111010011
00001000011100001000000011010011
00001000101101001000011101010011
00000000010101001000001111010011
00100100100100000010110000100111
01000100100000000010011000100111
00000000000100101000101011010011
01100101001000000010101000100111
00001000101111011000110111010011
01001110100100000010010000100111
01001110110000000010110000100111
00001000110000101000011011010011
00000001000110010000100001010011
00000001111101010000101001010011
00000000110010101000001111010011
00001000101000111000001101010011
11110011010000000010010100000111
00000101001100000010100000100111
01101111011100000010101000100111
01010111100000000010101000100111
00000000101100111000011111010011
01110110000000000010111000100111
00000000100011011000100001010011
01101010110000000010011000000111
00001000001111010000001111010011
00000001100111001000011011010011
01100100111000000010000000100111
00001000001110110000111111010011
00100101011100000010101000100111
01010001100000000010010110000111
00001001101100100000000011010011
11101111110100000010010000100111
00001000111000001000100011010011
11110000100000000010100000000111
00000000100111011000001111010011
00000001011010010000001011010011
11011010111000000010101000100111
11110101010000000010111110000111
00000000001000011000011101010011
00000000001011001000011101010011
00000000101010100000110001010011
01001111010000000010100100000111
10110001010000000010101000000111
10110000010100000010001000100111
01011000100000000010011110000111
00001001010000101000010111010011
00001001110001110000010001010011
11010100010000000010000010000111
11001100111000000010001000100111
00000000100011100000000111010011
00001001000000000000100001010011
00000000111101111000101101010011
10010000100000000010111010000111
00000001011101011000000011010011
00001110110000000010010000100111
10110110010000000010001100000111
00000000111111010000000011010011
00001001000101000000110111010011
00000000001001110000011011010011
11110101110000000010000000100111
00001001100001100000111101010011
10000011010000000010110110000111
01100100110000000010001000000111
10010010000000000010100000100111
10101100110000000010110000000111
00001001011110001000001011010011
00100011110100000010001000100111
00110010000000000010100000100111
00000000111001011000001111010011
00001001010101010000010001010011
01110111000000000010110010000111
10011110100000000010111110000111
00000001011111101000110101010011
00001000111111110000111001010011
01011111100000000010011000100111
01101111000000000010011110000111
01010011110100000010011000100111
01111011010000000010001000000111
01011101110100000010100000100111
00000001010010110000100001010011
10100011010000000010000000100111
11000111111000000010101000100111
00001000100001010000001101010011
10110000100000000010110010000111
00011101001100000010111000100111
00011010001000000010110000100111
00011001010000000010110100000111
00001001011001000000010111010011
00000001101111110000001101010011
00100011011100000010100000100111
00100111000000000010110000000111
01111010010000000010010100000111
11101111000000000010011010000111
00000001101000010000011111010011
00000001100011100000010111010011
11010110100000000010101010000111
00101111000000000010110100000111
00000001000001110000010011010011
00001001011111001000111011010011
00010100000000000010001110000111
00000000011010100000001111010011
11000001100000000010010100000111
11101111010000000010101000100111
00000000000110001000001101010011
00001001100110110000010101010011
00010100100100000010101000100111
00001000110100111000101111010011
00000000001111111000110001010011
00111100100000000010010100000111
00001000111101011000101111010011
00000001111110010000010001010011
00000001010001000000010111010011
00001001111001000000010111010011
01100100000000000010011010000111
01110110110000000010101100000111
01110010000000000010000010000111
11100010100000000010111010000111
00100110000000000010010100000111
11000111010000000010000110000111
10010001011000000010001000100111
00000000000000010000111001010011
10001000110000000010110110000111
11110001010000000010101010000111
00000001001000011000100001010011
00000001001101101000100001010011
00001001011111001000110011010011
00100101010000000010011000100111
10010101010000000010001000000111
00001000100010001000001101010011
10101001011100000010011000100111
00000001000000010000000111010011
01110001110100000010010000100111
00000001010010000000011101010011
11011100010000000010011100000111
01011010100000000010110110000111
00001001011011011000111001010011
11101010101100000010110000100111
01000110110000000010110000000111
00000000100110010000110111010011
00010000110000000010010000000111
01101001110000000010011100000111
00001000110111100000011001010011
00111000110000000010001000100111
00000000011001110000101011010011
01011100010000000010110000000111
01010101110100000010100000100111
00001000010000101000010111010011
11100101100000000010100000100111
00000000100011101000111111010011
11101101000000000010011010000111
00001000101000100000100101010011
00000000100011000000110001010011
01001010011000000010101000100111
11111101100000000010100000000111
00110111110100000010110000100111
00101000010000000010001010000111
11101101110100000010100000100111
11001010100100000010010000100111
01001010001000000010000000100111
11110100101000000010100000100111
11111110001000000010001000100111
10111100010000000010001000100111
00010010011100000010000000100111
01101100110000000010111000100111
00000001010110001000101101010011
00001000010011111000110001010011
01010111110000000010100100000111
00001001001000001000111111010011
10111010111100000010101000100111
00000000111011111000000111010011
00000001000001011000100101010011
11010010000000000010101110000111
00001001000101111000110101010011
00000001101001100000110001010011
00001001000011101000100101010011
11110110100000000010010000000111
11100001100000000010011100000111
00001000101100010000001111010011
00001001001101010000010101010011
00000001011000000000111101010011
00000000010010010000100001010011
00000000111010100000101001010011
11111100101100000010001000100111
00001100110000000010010000100111
00001001000000010000111101010011
01000110000000000010101110000111
00000000110010010000101001010011
10001110010000000010100000100111
01000100010000000010010000100111
00001000001101010000011011010011
00111010100000000010000100000111
00001001000000000010110000100111
00001000000101111000010011010011
00000001101101100000100001010011
00000001001100011000100111010011
00001000100101001000101001010011
00101001110000000010010010000111
00101101110000000010110110000111
00000000011101101000000111010011
00000001001010000000010001010011
00000001001001110000010101010011
00010011110000000010011110000111
10100001100000000010000100000111
11111110100000000010000110000111
10011110000000000010011010000111
00000000001010011000111001010011
00000000110001000000110011010011
00000000100100010000111011010011
10110110111100000010111000100111
00001001001110000000011001010011
00000001001001100000011001010011
00000000001101101000110001010011
01010010100000000010000000100111
10100001110000000010001000000111
00110011000100000010110000100111
00000000111000101000001101010011
01011001110000000010011100000111
00011100010000000010111100000111
11100111000000000010110110000111
00110101100100000010101000100111
00000001101010110000001111010011
00000000000101110000001001010011
00001001100001010000101011010011
00000000110001111000011101010011
00001101000000000010010100000111
00000001110001001000010001010011
00001001001010100000101101010011
00001110001000000010101000100111
00010110001000000010101000100111
00000000101010110000010101010011
01000111010100000010100000100111
00001000111000000000101111010011
10011111101000000010110000100111
00001000110010011000000011010011
11101011110000000010100000100111
00001000001111011000111001010011
11010111100000000010110110000111
11100101010000000010111000000111
01010011010100000010100000100111
10100110000000000010010110000111
00000101000000000010100000100111
00000001110001100000011001010011
00000001000000000010100010000111
11100101000000000010110100000111
10100100010000000010011000100111
00100110110000000010010000000111
11101010100000000010011000000111
00101110000000000010011100000111
00000000011100000000011101010011
10110010111100000010010000100111
10011000010000000010101000100111
10111001010100000010000000100111
01111000110000000010000010000111
11111011010000000010111110000111
10000011000000000010100000000111
00000000000111011000001111010011
00001000101111011000111101010011
00000001111111011000100011010011
00000000000000000000000001110011
00000000000101111001011010011000
01001110101011001011111000000010
00000000001100101110101010000101
11000111011010011101110110011110
00000000010101001001010100110111
00000000000000000000000000000000
00000000001011011010000101000010
11110100110101100100001001000000
00000000001100100100011011011110
11000100011011001010000010010010
01110000001100101101001011100111
10101001110011100101101111100001
00000000011001000000001001110110
11100001010100000110010001011000
00000000010111001110111000011111
01010101011110111011010100111000
00000000010010010001001011101010
11001100110011001000010101010111
00000000000011011001110010000101
10111010001101000011111110110011
00000000010110001100001011010000
01111101001100111000100100111011
00000000001000010010000011110110
00000000011110101011111110111000
01101000101010100110110111101011
11010000101010110010101011110011
00000000000000000000000000000000
10101111010011111000000010010110
00000000011101111100111100100100
10101000001101000011001100011011
00000000011000011010001110110100
01110110101111010011010110010111
00000000000011111010001010100111
00000001001010000110101100101111
00000000000110111100011001111101
11010000101010110010101011110011
00000000011000010010100000001000
11110011111100100111000000010100
00000000000110100011011000011010
00111000111111010001010111111111
00000000001111001001110111001110
01011001100011001001001001100100
00000000010100010110100101011000
01001001010011111001010110111011
00000000000000101101111000000010
10011101100111000010000101101111
00000000011100001101011000100010
11010010100011100010110101001110
00000000001111101111101110000101
00100001111100100110101101011010
01101000101010100110110111101011
10011110111101001101110011010011
00000000000110010000010110111111
11111001000111101001011110001000
00000000011000100110001010111100
01100000110110111010001101101010
00000000011000010010001101101000
00000000010100011101011101000111
00000000011010100000100001110010
01100111010101100001010100100010
01010101011110111011010100111000
00000000110111010001011001111111
00000000010011010010101001000100
11000000010000111000100100100101
00000000010000011111111000011101
11100010100010101000101101111000
11000111011010110010010110011001
11101101010101011001001011100001
00000000011110110101111111011011
01100011000011101010001000110001
10000000001000010001000100100101
11000111011010110010010110011001
00000000010000010110001100100101
00000000000000000000000000000000
00000000010000011011011001110111
11000100000101101101010111001001
00000000010000011111011000011001
11011011010001000101000101100100
11110100110101100100001000111111
10001011101111111010111011010110
00000000010111001111000110100101
00000101100001111111101100000110
00000000010100011101011101000111
00000000000000000000000000000000
00000000011010010111000111000100
00000000010000011111011000011001
00000000000001001111011101111010
11011110100011000011111100111000
00000000001001011000101110100010
11001000100011110101101011100111
00000000011110101011111110111000
00111010110111111100110111010111
00000000010110110110001111111011
11011101011001110101110000011111
00000000001110001100001110101001
00000011110011001101010101011100
00000000001010000101011101100001
11100111101110000110001010100011
00101001010100010000110110001110
01111000011100000101000001111000
00000000000110000111001110110110
00010111010111100010010011000010
00000000010111110110110110011100
01101010001001110011110111001100
00000000010001000110000001101011
00001100111101001111100111100001
00000000000110100111101100000001
01111010011111001000000111111111
00000000001101001100010001110101
11101110100001100011001010111110
00000000000100100000111100111101
01110010001101000000011100011111
00000000010011010111100000100101
10001111000110000110111101000101
00000000001010001100010010001011
00010001111100010011111001110010
01111011010001000011001101011000
11110000011010101001111110100011
00000000010010011001110111101110
01011000010001100010000011111011
00000000010000101011011001110011
01100000101010101100111001001000
00000000011110010100001010101101
11110100110101100100001001000000
00000000001000100111101100110110
11111001000110001101110111011000
00000000000101001110100000110000
11111000011010100001111110011110
00000000010110010001100100010000
11111000110100100001111111000111
00000000011010111110010111101010
01110010001011000111110001100001
00000000010000011100001111010010
00000000010001001010011111011010
00000000011100010101111010100100
10001100101000001100110000110000
00000000010010011001100110001101
01100010110011100011001100001111
00000000010001000100000000000101
11110101110011001111011001100101
00000000010110111110000001100010
01011010001011000010010011110110
00000000001010101111011001000100
01100000100111101000011101000010
00101001010100010000110110001110
01010001011111111110110101000111
00000000000010110001101100100110
10111111111011100100011111010110
11101000101010100110110111101011
10000101011001101101110011010111
11111000110100100001111111000111
11110000010010011111110110010101
00000000001010000111011110101010
11010000101001100011011110110110
00000000001000100101111010000000
00111101011010011001110110101001
00000000010001001110010101001101
00010011000010100001010010000101
00000000010000010101111010100000
10111000110100011101110010111101
01110000001100101101001010001011
01001111011000101100101110111110
00000000001001101011111110010101
10001011011001010010111110110110
00000000010010110101101101000001
10011110000101000101100111111111
00000000010100000011000100000111
11101010010110100101000110111011
00000000010110010110100101011110
01101010000101001110000001011010
00000000000000000000000000000000
00011100110010011000010010000010
00000000010001100000111011011110
00110100101011110101101011111101
00000000011000101111100000101100
00101010000001101111111111110100
00000000010110111010111000000011
11001010100100100110110111110101
00000000001101111100011111101111
01111101101000101011010111101111
00000000011101011110110001000011
11011111101001000001011011101110
00000000010100010111010000100110
01011010001011000010010011110110
00000000000000000011101000001000
00000000001000010111000101101001
00010001111100010011111001110010
01111110011001001110101101111101
00000000001111110001100000010111
01000000000110111101110010010111
01101110100001100011001010111110
11111010111110000011101101010000
00000000001000010101001011110001
00010001111100010011111001110010
00000000010001001010011111011010
01001101111101100110001001100011
00000000011010000000011010011100
11111111011101111101011001101001
00000000010010001011001010010001
00000000000000111001000110000100
00000000011010010011010111000000
00000000010111010011000110001111
00000000000111000000100101101111
10010100011011010101111100110100
00000000000111011101101110011001
00001101101100100111000111101111
00000000010100001011101111101010
00000000011011010011111011011101
00000000010110001100011010100110
11100011001010111001100111010100
00000000010100110001000100000011
11101001111100101000011001110110
00000000010001101100101111001010
10010100111100101110010100100111
00000000011000000000111100011110
00101000110011110001100000011011
00000000010110001101111111100101
00101101101011010010110110011110
00000000010011111100100110010101
11110100110101100100001000111111
00000000000000111001000110000100
01111100001011001010101000010011
00000000010000101101111110001001
11011000110001011001010000011101
00000000011010001111110100101110
00010101110011000100101100000001
00000000000000001100000111110101
11011111010111110110101111101111
00000000000000000000000000000000
10100101101110001000010101000100
00000000000010010001110001110110
00110111001000101110101000100110
01110000001100101101001010001011
00000000000000000000000000000000
01010100001011101000101001111000
00000000001011001100000100110100
00000000011111011001101100100010
11100100100011101110011000100001
00000000010100011101011101000111
01111000110100100001111111000111
00000000011000000110010100101000
11101010010111101111101000010101
00000000010100010011011011000110
11011000100110001110110101111100
01111000110100010100100110000101
01101100011010110011111011110011
11010101111110111011010100111000
01011110000001000010001110001111
11111001010100100001111111000111
01010100001011101000101001111000
00000000001010010111001001101001
10001010100101011101011101111100
10111011101111100101001111010000
01001011000110011011010010110011
00000000011110010101100101011110
10110010111100010011010001111110
00000000001111100100000000111100
01010101000111101011000000011001
00000000000100010011001010110111
11101111111010010000100101110100
00000000010010001110000101111110
10010101101001010111100000000011
00000000010000000000101000111101
10000011111001111100110011000100
00000000001000001010010101110111
01101010100100101110010101111110
00000000001101001010110110001011
11111000110100100001111111000111
00000000001011001100000100110100
00111101010000011101101011000010
00000000000111110110110010000001
01011100011010000000111111101001
00000000000011111110010111100001
01100001011011100011100000001111
00000000000100100101101001100011
11100010100011111010110010011000
00000000001111111111011110010011
00000000000000000000000000000000
00000000000010000010000111010110
01001111011110011111110100111000
01000000000110111101110010010111
00000000111011110000101101000100
01001010111110000100000010000010
01001001011111011110100011010110
00000000000100010101101010100100
11101000101011010010001111111000
00000000010111110100001111010001
00000000000000000000000000000000
00000000011000001100101000001100
10101001001001001000001110010011
00000000000000000000000000000000
10010001110111001100011101111100
00000000001011101100111100111101
11011010100110100110000111101100
00000000000000000000000000000000
01010100001011101000101001111000
00000000000110010000101111101011
00110000011000110101011101000100
00000000010111011101010101001100
00010100111111011111001000110010
00000000011000000001111010000010
10100001100101000111010100110110
01010100001011101000101001111000
00000000001110001100100110011111
00000000000111100101100001000010
10100100011000111011011100000111
00000000011001110010100110000010
10101100110110001111001001100110
00000000010100010010101000100001
11110100110101100100001001000000
00000000000001101110011001101100
10101001001011110011110011101001
00000000010111100111011100110100
10010000001111111010010011110010
00000000011010101100110101111001
11000001110000001110100101010111
00000000000011010100011111101100
11101010101110010001001101010000
00000000000000110010110001101110
10011001000110001100001000111000
00000000011110010100000100111010
00111011011011101010000011101100
00000000000111111100100011101110
10000011010001101011010101010111
00000000010101011000111000000000
11001011100100010100011001100000
00000000010111001110001000000110
10101000101110001100011111000100
00000000011001100101011011111110
10000011111001101010010011100101
00000000000101111011100001111010
11101111100101101110000110101000
00000000000011011010011100010000
01010000101111111010001110100011
00000000010010100011110101110010
00001001100110110111111011111011
00000000010100001000001010000010
01010111101011110110100011001011
00000000000011010000010111101001
00101101000001010011010110101011
00000000010100000111001000101010
11001001111000100111010111100100
00000000000110010100101001100010
11011001100000111010011000101010
00000000001010001000010000010100
11111001010100100001111111000111
00000000011011011000100011000100
01000111111010101000001011010011
00010001111100010011111001110010
10010111011001100111011111101001
00000000010010001100110000101110
11110110000000010111100011101011
00000000000001011001000101100001
11101011110011101000001010100100
00000000010001000010011101111010
11011010001010111010011100011100
00000000011000111101101100110011
10110010010101001110011110111101
11011001100011001001001001100100
11000111011010110010010110011001
00000000011111101110010001010101
01010101011110111011010100111000
00000000000000000000000000000000
11110100110101100100001001000000
00000000000000000000000000000000
10011100110100001100011000010000
00000000010111111111001000011000
01100110100011001101000001010000
00000000001100001000001100111010
01001010100011010000000001010110
00000000010110101011101110010001
00000000001011010010010101101101
00000000011110001011110001010010
01110011100010001101010100010011
00000000001011001011110100111010
11101101000101011111110111010101
00000000011011110011111010010101
00000000001110010010111000011001
00000000001011100010010111010000
10001001101010111100111011011110
00000000001001010111011010000100
01110000000101111101011111010000
00000000011110011110110011111101
01000110011100011001101100000001
00000000001101011111001101010100
01100000100101011000110110010101
11011010001011000010010011110110
11001010001001100000100110111100
00000000000000000000000000000000
01110011111011110110110111001110
00000000000111110110110010111101
00101100111110101000100010101001
00000000001111101000110101111001
10110001000000000100010100011111
11100001010100000110010001011000
10101010101110101100111100011101
00000000010000000110011111100010
01010100111011001011000011001000
00000000011010111000000010001001
01110011010110010110101000110001
00000000001011001111010100110000
00000000001110110001110000000000
00000000000111010111011001111001
11110100110101100100001001000000
00000000000111000100111010111100
01110110111010101110011111100100
00000000011001110011111000001010
10010010010101001000000110101011
00000000010110011000101100100000
11110000001100010101001000001100
00000000000000000000000000000000
00000000000000000000000000000000
00000000010101100001100011101010
01001101100001000100111011100100
00000000011001001000010100010000
00110111000110010000011110001000
00000000001100110000100100101001
11101000101010100110110111101011
00000000000100101100110011101111
01000000011001111110000001101101
01111011010001000011001101011000
00110000000000100011011001110000
00000000000111111001101010111011
00011001110111000101101011111110
00000000010111001110101111000000
01110010001011000111110001100001
00000000001001101100110001011111
01011000010001100010000011111011
00000000010011000011101100001111
01111011010001000011001101011000
00000000010011011101110000100100
11011111110000011100010110101011
00000000010001011111100011001011
00101100111110101000100010101001
00000000011110110000101111110001
01000101101010001110001111001011
11000111011010011101110110011110
10110101100011000011100000101000
00000000011011011001011110111110
11101110100001100011001010111110
00000000000100010100100100100011
10101111100011001101100100010101
00000000010001001010011111011010
00000010011010100000010000001110
01100111101110000110001010100011
00011101101001100101000011000111
00000000000000000000000000000000
00001110100000001000111001010011
01110100110101100011100111011101
10111010101000111111000011101010
01100000000010111000000000011011
10101001111011001111100100111100
00000000010100010000000110111111
11000111010110101000001011111001
00000000011110100000111011010010
00000000000000000000000000000000
00000000001110101110101011110100
00111011010110000000000000000111
00000000010101000000000011111111
10010010011010010100100001011000
00000000001101110001110001000000
01000111011010110010010110011001
00000000011001111101001010110010
11000000111010100000000101111111
00000000010110010000011100010001
11111000111111111111100011111110
00000000001000001010001001001101
00000000000000000000000000000000
00000000001100011100011000011110
10111010101000111111000011101010
00000000001000010111000101101001
10000100011000110011111011110110
00000000010111101110011101000010
01000110111110000100011001010010
00000000001010111010011111111000
00011010010111001011010000001101
00000000010101011001111111000110
11001011110010010100001101110000
11000111011010110010010110011001
11001101101101011100001000001110
00000000000000111011100011110101
00100111101100001100011011010001
00000000010111111010110100011000
00000000000000000000000000000000
00000000011101110111111011110110
10000111101000000010011100100000
00000000001100010010100000000010
10011010001010110100010100001100
00000000010110100001000100011010
11111000000100000001101100100000
00000000011101101010100010001110
00000010100110000000001011111100
00000000000110010100111001111010
00111100011100101001111100011001
01110100110101100100001001000000
11101110100001100011001010111110
00000000000000000000000000000000
00010100111111011111001000110010
11000111011010110010010110011001
01010101010010001101001111100011
01010100001011101000101001111000
01010101011110111011010100111000
01010100001011101000101001111000
11111100001011001010101000010010
00000000010011100111100111110010
10011010000110010111011101100011
00000000000100011001011010100001
01110000001100101101001010001011
00000000010100011110011000000010
11001001101111011110111010100011
00000000011111010111001110010101
01001110101110001011110110011111
00000000000001110110111000111100
00000000000000000000000000000000
00010100010100000101001100011010
10101010111111000000001110101110
00000000000111011101110010110111
10011100111001110011100111100111
00010110110101011110001000001001
11101011001011111100111001110001
00000000001100010000110010011101
01111011010100011011100110010111
00000000000001010000010011000110
11011101101001011011111011110111
00000000001001011111101000100011
01110000001000010001111110110111
00000000000110001111101111011110
00000000000000000000000000000000
00000000000001111100111010010111
01101110000010001100100100110010
00000000010010110101011000110010
10011111100110100100001000011101
00000000001101001111100001000001
10101010000101110010001101111110
00000000010011100111000100111011
10000011101100000010110110010010
00000000001011110110010001100010
01011011110010100101101001010100
00000000001010010011000010100100
10010100001101110100101100111100
00000000011100111111010111010100
00011010110101111111111111111111
00000000011111001111110001100010
10010000110000011101110100011001
00000000000111000010101110000110
00000001110010100111110101001100
01101000101010100110110111101011
11010101010010001101001111100011
00000000011111100000111111000100
10101001011011000010101110011100
00000000010101111010001101101010
10000111010000100001010001010101
00000000011111011100011001101001
01111001011001000101000111111111
00000000011100111010110001111010
01100000110010110010100001010010
00000000010011101000001011101100
11010000011100110111011100100110
00000000010101111001010010101101
01101110000010001100100100110010
00000000001000011000010011011100
01101001011011110110111110101011
00000000001101111011000010001010
10101010110100110100110110000110
00000000011111111000101101100111
00100000101011101010100011100110
00000000000100011110001110111100
00000000000100011010110010010001
00000000010110101100011100010000
00010001101111001111101000111000
01110010001011000111110001100001
11000000010100001111110001000010
00000000000000000000000000000000
10001100100011110001000011000011
00000000000000000000000000000000
00100101100011101011010010100110
11000111011010110010010110011001
10000100101101010010110010110100
00000000001100111010010011010001
10101111100111011110111001011111
00000000000010001010100100101001
01110000001100101101001011100111
00000000011000001011110101010011
10010001100111101101101110110001
00000000010000011011011001110111
11000111010110101000001011111001
00000000010010100101001111110101
10110101011111001000001001000110
00000000000000111001000110000100
11011110010001011011101110111101
00000000001010100011000100010100
10001111100101100010101110001011
00000000110111010001011001111111
01101001101100101100001010100110
01010100001011101000101001111000
11100010001101000000001110100011
01111000110100100001111111000111
01000010111101110101100011010111
00000000010110000110001011010000
11000111011010110010010110011001
00000000011100111011001110110000
10111110111110111010100111010001
01110010001011000111110001100001
10000000001100000110100000011010
00000000001100001011010111001101
01100101111011111010011100100010
00000000000000000000000000000000
00001000000111100001011110110101
00000000001001000111100000110000
00010011011001110101110000100000
00000000000101101000101010101010
11001010111101100110101000110111
00000000001111010111011010000100
00001000100100101100111111110110
00000000000101010000001100011000
01001001011010101011010101100111
00000000011101100111111011000110
00011011011001111110111010001101
00000000010000000110011011001010
01010100001011101000101001111000
00000000000100111110110101001010
01011010000010001010000101001011
10011101101011101111111000001111
01101000101010100110110111101011
00000000001100010001110000011001
00100100011000101110111110111000
01111000110100100001111111000111
01100000000010111000000000011011
10001010100101011101011101111100
00000011101000000100101010110000
00000000010011101100000110000011
11011101111010010011100011111010
00000000001000001100110001101110
00111010000101001101001110111011
00000000000000000000000000000000
01011110100111001000011001100111
00000000000100100010101111111001
01010101000001010100010100110010
00000000010110100000110111110101
00110110111001001100001001010000
11110100110101100100001001000000
11010000101001100011011110110110
00000000011010010011010111000000
10011000110001000101000110011101
00000000001000010111000101101001
11100000000010111000000000011011
11000000010000111000100100100101
00000000011100111111010111010100
00000000010011001100110011110111
10101111100111011110111001011111
00000000011110000110100110011100
01001010001010110010110001110110
00000000010010001100000011111100
00010001010011000011010010100100
00000000000110111111011100101101
01000011001110011100100111000000
00000000010001001010011111011010
01101011001111000001001000010110
10101111100111011110111001011111
00000000000000000000000000000000
00000000001111101111001111010100
11111000111111111111100011111110
00000000010111100000100000010010
01100111101110000110001010100011
00000000001100001110000010111001
01110000001100101101001010001011
00000000000101100110101010110101
00111111100000010001010101100110
00000000000100000110110000100011
01010000010000010010100011010000
00000000010010010001011110111011
01011110000010110001011000011100
00000000010010000000001100001011
11011111010011000001101001001111
00000000000001111100001111000110
11111010101011110110100001001001
00000000001100110111110000000011
11101111110101000101010011101101
00000000011011100001010011111010
10101000011010011000101000110011
00000000011011010010001101100010
10101101000111010100011000011110
00000000010111010001100001101100
00010100100100000111011000110001
00000000010000111101000101011010
11001010001001100000100110111100
00000000010011000001000000011101
01000011111111000111010101111000
00000000000100110111101001000000
00111100000100111010011010011000
01010100001011101000101001111000
01111000110100100001111111000111
00000000000000000000000000000000
00101001110011001001110110100101
00000000001011100111101111011000
10000101001100110011011100011100
11110100110101100100001001000000
10101110100011000100111001101100
00000000011000010010100000001000
00010001011111110011001110110001
00000000011010001111110100101110
11001101110101010010010111110101
00000000001101101110100001000010
11110100110101100100001001000000
00000000001101000100111110111110
01110111110101010000000000111111
00000000001110010010111000011001
00000000000000000000000000000000
00000000000110101001011010011111
01111100100100100011111010110111
00000000000010100011100111100111
01001010000010111000111001011001
00000000011111100011001111101101
00000000000000000000000000000000
00000000001011000100010001010101
01110100110101100100001001000000
11010101111110111011010100111000
00100000001000101001111010110000
00000000010111100000011010100011
11000111010110101000001011111001
00000000000000111011110100001100
11000000000010100100100110101000
01101110100010001100100100110010
01001110001111100111011000011001
00000000001011101101000010101101
00010110110101011110001000001001
00000000000000000000000000000000
00010100111111011111001000110010
00000000010111100111101101111111
10010101011000100010001011111010
00000000000011010111010011100000
00101100111110101000100010101001
11000111011010110010010110011001
00000000011010001111110100101110
01101110000010001100100100110010
11100010011011110011101011000110
00000000001111100111110000000000
00101000001000100001000110100111
00000000001101111100110010011000
00000000000100010101101010100100
00000000011001100100111011101010
11111010001110011100000010100001
00000000011000000111000101111010
11110111110100110101101100100100
00000000001110001110000011010111
10101000110110010001011010000001
00000000001111101011101001010100
01110010100000010111010001010001
00000000001000010111000101101001
01010010111110101010010011001100
00000000010000111100110001001011
11100001111101100110000110101010
00000000000100011011110100011111
00001001000110111000011001101101
00000000010111001110001011100001
01010011010111101010101011001111
00000000011000000100001101101000
00000111110001110000000111010001
00000000001000111001000011111101
00110110011110110000010110110110
00000000011011010011111011011101
00100111111110100010110010010000
00000000001000110100110110101111
10001110100100001101001011010110
00000000011001011001111011001000
01001001010111110000011101010100
00000000011001111111111100000100
01010000100010110101100111000111
01010101011110111011010100111000
11110100110101100100001001000000
00000000011101000001100101010001
10001000100010011101110111011100
11000111011010110010010110011001
00101001110000110010101111011100
00000000000101111011100001111010
10111100000110110011101010000011
00000000000000000000000000000000
11101111000100000111110011010011
00000000000110100011011111011101
11100011000110100101101101011000
00000000001111010111011010000100
01100101000111101000110001001001
00000000010110001111101001111100
00000000010100011101011101000111
11110100110101100100001001000000
01011010001011000010010011110110
00000000011110101000001011110011
11011010010100000011000110111101
00000000001000001111000110111110
00000011110100100110101010011011
00000000010110101100011100010000
10111010101000101001011000101110
00000000000101100010000110001110
01111100001011001010101000010011
00000000001101000010110011100111
00000000001110010010111000011001
00000000000111011010110100110110
01101000101010100110110111101011
00000000001100101011110011100000
00111001100010000111000010101001
00000000001001100110011011100011
00101100010011111111100010011000
11111000110100010100100110001101
10001010111010110101100010011011
01010101011110111011010100111000
01010100001011101000101001111000
00000000000101100001100011110010
01011100101111111100011011001110
00000000010000011111011000011001
11111000110100100001111111000111
01110100110101100100001001000000
00011100001101011100001010000110
00000000011011100001110001111110
00010110111101100101010110000111
00000000001100101111011101001010
10100111100001010011101001100111
00000000010011101100000110000011
10011110111111110101000000100100
00000000010110000001000010110001
11000100100001000111001101100001
00000000011011100100111001111101
01001000011100110101101111110011
00000000001100110011101000100100
00000000000000000000000000000000
00000000011011100010010100001100
11101010110001000101110011000011
00000000001001110000101110111001
01101110100001100011001010111110
00000000001111111011001010010100
01101100111100101101100001101011
00000000011100010100010111011001
10011110000010111101011011001101
00000000000111101001011100010100
10100010000100010000010100011101
00000000011011011111111000001110
01101111111010010001011011101111
00000000000011100000110010011010
01101110000010001100100100110010
00000000001101001010001110010110
01101110000010110010110110011001
11000000010000111000100100100101
01111100001011001010101000010011
00000000001000100010100101010111
01110011010010111010000001101110
00000000000111001101001111100111
10111011101111100101001111010000
00000000010111110101010011010101
11011100111110001010110010010101
00000000011010110000100011110010
00101100111110101000100010101001
00000000010011100001000110101010
00000000000000000000000000000000
00000000010101101110010111001011
11001111011001101001110001010010
00000000010111011011110010010110
10010000010011111000001010011100
00000000010010011101011111100101
11000101110111011001100111010001
11101110100001100011001010111110
00001010110010111110111000000111
00000000011000010011001111010010
10111001101000110011001000010011
00000000001001000010000001111000
10100100110100011000100110011101
00000000001101001111000011011011
11100101110001110011101001000101
00000000010001101001110101000010
10111001010101010001101101011101
00000000000011100110101111001110
10001110100100101110100000111010
00000000001010111001001000110001
01101110000010001100100100110010
01110000101100101101001011100111
00001110010010101101010010000111
00000000010010111011111111111011
11101010101111111100110111110101
01010101111110111011010100111000
10011110011010100010011010110010
00000000001110110001110000000000
00010011110001111000000110110001
00000000010010010011100011100011
11000000010000111000100100100101
00000000011110101100101010100100
01111000110101110011000011100001
00000000011011001001001110011100
01000111011010110010010110011001
00000000010001000101110110111001
11100101111011110110110101111101
00000000010110111010111000000011
01110000101100101101001011100111
11000111010110101000001011111001
11010011100010111110010010000001
00000000000010101001101110010100
00011000111000001010011111100000
00000000001010010010000110101111
00100100001111100001010110100100
00000000010001000000010111001001
00100101111110111100010000011111
00000000001001111100011010100000
11010000000111001110101101011011
00000000001010100001010011000000
00011110101001000100111010110111
00000000010101010110101001010111
00000000000000101101111000000010
00000000010011110011010010100011
01001110100001011010110100001100
00000000000100101001001100110101
01001000101011111000010001000010
00000000010110111100011101000011
00000000000000000000000000000000
00000000000010011001110101001001
00101000010110100101100101000101
11111000110100100001111111000111
10001000000000100001010110111000
01101110100001100011001010111110
00000000000000000000000000000000
00000000000011011010001100111001
00011000000100000001011010011100
00000000001101111000110111101110
10001110110000000101010101011011
00000000100000111110110000110010
10100110101001001100100010001101
00000000010110111010010100011010
11111001001100100101111110001010
00000000010110111101100000000101
00101000110010101001110101010100
00001001100110110111111011111011
01110100101011100101111011000001
00000000010110101100011100010000
00111010100001000011110001110000
00000000011110101011011100001001
00001000110010111000111110110100
00000000011001100100001101011001
00110010110110110111111001010111
00000000010101000010101100010000
10101111010011010101001110110010
00000000000100011010110010010001
10010100001000110011110010101011
00000000011001010110010101101111
00000000000000000000000000000000
00000000011111110010100100101101
11110100001101111000011001000101
00000000011100011101010001011011
10000000111111001000110011101100
00000000011100100101011101100000
01010001001101101101101000101101
01110000001100101101001011100111
00010100010100000101001100011010
01101110000010001100100100110010
01110001111000010011001111111001
00000000000101001011101010101100
10001000010000000110101111001001
00000000000111101110001111101011
10111011010001101110010000111110
10101111100111011110111001011111
11000011110010010101101011000001
00000000000000111110100110010001
10001101001010110000100101011101
00000000010111010011000110001111
00101100111110101000100010101001
00000000001001011010001111100100
11101110001100000001100001001101
00000000000110101101110100000000
10000010111010100111011110110011
11000111011010110010010110011001
00101001010100010000110110001110
00000000001101100111011001110111
10000100110110010000010111011110
01111000110100100001111111000111
01011101000110111000100011101111
00000000000010011000001010110111
11111011010001001101101010000000
00000000011111010000011001001010
00011101110100111111110111010111
00000000001110101100110011110010
01100010010100000001001100010101
00000000001001101101001001100110
00111010100001000011110001110000
00000000001001100010001001110000
10011111011001110010101011101110
00000000000100111000011100101101
00000100110100111100000100001010
00000000000000000000000000000000
11001100110011001000010101010111
00000000010011010010101001000100
01101010011001101010100010011101
00000000000011101001111101000100
11101110100001100011001010111110
00000000000000000000000000000000
00000000000000000000000000000000
00000000001110010010111000011001
11110100110101100100001000111111
00000000000101101100011111100001
00110000000111101110110000011001
00000000001101111011000010001010
00000000010000011111011000011001
11010111101011110110100011001011
00100100011110001000110100001100
00000000010010110101011110010100
00101000110111000111011010010100
00000000011111101001111110111111
01011111001000100000110000111101
00000000011010010110000100110011
11010111111111110011100011001011
00000000010100101111000001010110
01000011010100000011100110110110
00000000001010111101001000011100
11100100101110000100011101011010
00000000001111101111101111010101
00000000000000000000000000000000
00000000011000010111000010001110
00010101111110011010010111001011
00000000010100100101111111010111
10111110011111101001111010011010
00000000010001010010101110001100
10101100001001001110011111100111
00000000011011101011100000000110
01001110000111100110011110100100
00000000001000001100001011001010
00000000010001000000010111001001
00000000011111001000010111100110
11100110000110001010101100001001
00000000001001011000000100101000
01110001100111010110000000101100
