01111111110000000000000000010011
01111111110000000000000000010011
01111111110000000000000000010011
10001001010000000010110000100011
01110110000000000010011100000011
01000001001100111000110100110011
11000001100000000010011110000111
01010111110000000000001010010011
11001111000000000000110110010011
00101110110000000010001100000111
11100000000010111000000011010011
11000011110000000010000110000011
01110010000000000010011000100011
11000000000000000010011000100011
00000000011111111101010010110011
11100000000000011000111001010011
10010000010000000000101000010011
00000001011100100000000011010011
00000000001010101001000100110011
00000000001101010101010000110011
10100000110100110001001011010011
00000000000010110000101100110011
01000001001010011000001110110011
11100000000001001000111111010011
01100011110000000000011110010011
00000001001011010010001010110011
00101110100000000000001110010011
00000000010101001000011011010011
10100000101001000001110101010011
11100000000010001000111101010011
00000000100000111010011100110011
00001001101111011000001101010011
11110100110000000010010010000111
01000001000011000000011100110011
11100000000011001000011111010011
00000000011010000000100101010011
11100000000000000000100011010011
00000001000101010001010110110011
01000000111110101000110110110011
00000000001010010010100110110011
00000001100100010010110000110011
00011010011000000010011000100111
00000001001111100000100011010011
10000110010000000010100000000111
11100000000001000000010101010011
00000000100111101000110001010011
00110011110000000010010110000111
01000000000101011000110010110011
11111011011000000010001000100111
00000001010110110001101100110011
10100000100000011001011111010011
01100011100000000010010000000111
00001001011000100000110101010011
11100000000000111000100111010011
11100000000001010000101111010011
00000000010010010001111100110011
00000000010110000010001110110011
00100110110000000010011100000111
00000001011001111000100111010011
00000001001010110000001010110011
10100001111100010001000111010011
01000000101110011000001000110011
00000001101111010000100010110011
00000001100110100101011100110011
00001001010100100000111001010011
10101001100000000000111000010011
01110100100000000010110100000011
11100000000011011000100111010011
01000000110111111000111110110011
11100000000001101000011011010011
00001000000111011000101101010011
00001110100000000000100010010011
01000000000001111000011000110011
01011100110000000010101010000011
01011100000000000010010110000111
01000010111100000010111000100011
00000001100110100000111011010011
10010100010000000010101000100111
00000101000000000010111000100111
00000000100101111001011100110011
11100000000000001000001001010011
01000101100000000010010100000111
00101001101000000010000000100111
11001111000000000010011000100011
01011111100000000010111110000111
00000000001101011001011010110011
00001001010100000010101000100011
00000001111000000001000100110011
00000000001101111001101110110011
00010100110000000010001100000111
10100001000100101001110101010011
10111101110000000010001010000111
00000001111000010010111010110011
00000000011010011000110100110011
00001000101100110000010011010011
11100000000000000000100011010011
11001010100000000000110100010011
00000001111110001000000111010011
01000001111100111000000110110011
11011010010000000000010110010011
00000000001110011000110011010011
00000001101001101000111000110011
00000001011111011010100000110011
01001110010000000010001110000111
10100000111100010001111001010011
00000001000111110101010110110011
10011001100000000000100110010011
01011010010000000000101010010011
00000001001011111000010110110011
00000001100000000010101100000111
00000001011010101000110111010011
01111010010000000010011110000011
10001000010000000000000100010011
00110000000000000000011110010011
00000001011011101010011110110011
00000001000001010000011011010011
00000001011001110010011100110011
00000001001111111101111100110011
01010010101100000010011000100011
10100000011010111001010001010011
00000000111000001010101110110011
00000000110001100001101010110011
00011010000000000010011100000111
01000000000100100000110100110011
00000001110011001101011110110011
10101110100000000010001110000111
01000000001000000000001100110011
01111011000100000010110000100011
00000000001010100101011000110011
10100000111000111001001011010011
10100001001010111001110011010011
00001001010111000000111111010011
10100001111100001001111001010011
11011111010100000010100000100111
00000000010110000000010010110011
01000001111000010000110110110011
11100000000001010000000011010011
00001001000111101000101111010011
00000001110011111000010111010011
00101010010000000010111000100111
01101110100000000000100000010011
00000001111011010000111111010011
00001001011110000000011111010011
01101001001100000010101000100011
01000000110001101000101000110011
10010010110100000010010000100011
10101000110100000010010000100111
00000001000101100001001110110011
11100000000001101000001101010011
10100001010100101001111111010011
01000001011010000000101000110011
11000101010000000010010010000111
10100000000000000000100010010011
11100000000000100000011011010011
11100000000001100000011111010011
01100101110100000010101000100011
00101111011100000010010000100011
00000001010100010000101101010011
10010110110000000010000010000011
01000000000100100000000110110011
01010011010000000010111000100111
10001111010000000000110000010011
01000001101011011000010110110011
11101111100000000010110000000011
10100001010010010001100011010011
00001000111111001000101011010011
10010011001000000010111000100011
11100000000011011000011101010011
00000000000011010001010010110011
00000000101001111000011101010011
00001000001011111000011001010011
11100000000000110000011011010011
01100100010000000000010000010011
00011010100000000010000000100111
00000001100001010000100101010011
00000000010101101101100110110011
00000001100011101001010100110011
01100110100000000000010000010011
00001100101100000010101000100011
01000001111110000000001000110011
01000001111111110000100100110011
10000001100000000010101000100011
00000000011100001000100101010011
00000000111000001000000100110011
10110100111000000010000000100111
00000001010011001001011000110011
10100000001010000001000011010011
00000001011100010010100100110011
11100000000011010000110001010011
11101010001000000010010000100111
00000000011001101000111101010011
10100000010010110001111101010011
01000001110001111000110000110011
00000000110000000000100011010011
01000000101100111000001100110011
00000000010011010101110100110011
10000001100000000000110110010011
11100000000001010000001001010011
11100000000000100000001111010011
10000100010000000010110010000111
01000001000110100000001000110011
11100000000011110000100011010011
00000000111111110000101011010011
11100000000011100000100101010011
00000110000000000010010010000011
10101111110000000000001010010011
00000000101111101001010100110011
01000001100000000000001010110011
01110001010000000010110010000111
10101111100000000000001110010011
01000000110000110000010110110011
01100010000000000010001000100011
00000011010000000000010000010011
00000000111100010000110001010011
00000001011000100010000010110011
10100000011011010001111001010011
00000000010101101010011100110011
00000001100101011010001010110011
01000000000111011000100010110011
01000001110101011000000100110011
00111001110000000000101010010011
10100000111001000001101101010011
01111000101000000010011000100111
00000000001101000010110100110011
00000001100101100001111000110011
10011010111000000010010000100011
10111100110100000010000000100111
10100001000111011001011001010011
00000001110001010001000100110011
00000001000011000000101000110011
10111000101100000010000000100011
10101011010000000010011000000011
00000000101011101101001100110011
01110101110000000000110100010011
00000001011011111010010010110011
00000000000011110001110000110011
00110110010000000010011110000111
10100001011101110001010001010011
00011111100000000010011010000011
00000001000111110101001000110011
00000001000100100001000100110011
00000001001010110000010110110011
10100000011010010001010101010011
00000001011100001001110000110011
01000001110111101000111000110011
00000000110001110101001110110011
00100100001000000010011000100111
01101000110000000010010000000111
00000001110001001010010000110011
11100000000010011000110101010011
10100000111101100001010101010011
00001000011011110000010001010011
00000000110010110101010010110011
01011110100000000010110000100011
10000110110000000010001100000111
10100001000010111001101001010011
00000000011011010101101010110011
10100001011111110001000101010011
00000001011000011101000010110011
11111110000000000010101010000011
00000001111000010000100110110011
00000001000110110000111011010011
00000001010001010010011100110011
01000001100001011000000100110011
11111000100000000010110010000011
00000001101010001010101100110011
01101100110000000000110110010011
00000001110110101001010000110011
00101011000000000000110110010011
10111011001100000010011000100111
00001000000001010000110011010011
01110000100000000010110110000111
10111011000100000010010000100011
00000001011110001010011010110011
00100001010000000010010100000011
01000001011100101000111100110011
00000000011101100001110100110011
10100000110010010001011111010011
00110111101000000010100000100111
11000111100000000010001000000011
01000000110010111000101100110011
00000001001000110000111011010011
01111011110000000010101000000011
10100000100000110001001001010011
00001000110001001000001101010011
10100001110111011001111001010011
10100001011110110001111011010011
00000001000011000010010000110011
00000000101010111000100001010011
00000001101111010101010110110011
11100000000011101000011011010011
00111100100000000010101000000011
00000001100101111000110011010011
00000001100001010000010001010011
00000000010000100101011100110011
00000000010011101001101100110011
00001001000000001000110111010011
00000000010001100000011010110011
00001000010011110000111111010011
00100000100000000000110000010011
00110001000000000010110000000111
00000001101011000000010001010011
01001101010000000010010110000011
10100000100000001001100111010011
11100000000001101000000111010011
01011000110000000010110110000011
00000001111000001000110111010011
10101101010000000010111000000011
00000001001011111010101110110011
00000001011100001000001010110011
10100000010111001001100011010011
00101010010100000010111000100111
00000000111100000101111110110011
00000001000101001000110111010011
10001100100000000010111010000011
00101000010000000010010110000011
11010010000000000010101100000011
11000101100000000000000110010011
11100000000000011000001001010011
10011111110100000010011000100011
00100011110100000010101000100011
01000001000100001000110010110011
11001100111100000010110000100111
00000001100100110000001110110011
00000001111110011101011100110011
00000001110011011000111101010011
11111010110000000010110000100011
01000001011001100000011110110011
00000000001101101001010000110011
10011010000000000010100100000111
00000001011111000000101101010011
10100001101010100001100011010011
01001010101000000010000000100111
11100000000001110000110011010011
00000001000101110000110110110011
00000000111111011000001010110011
10100000100111100001011101010011
00000000001000000000100011010011
10011010110000000000111110010011
10100001100001100001011011010011
00001001011010101000001011010011
01000010100000000010010010000111
00000000111111001010011010110011
00001000001110111000010001010011
11100011100000000010100010000011
01100100111100000010101000100011
00011000000000000010001010000111
10110110110000000010001000000011
00000000011110110001100010110011
01000000000110001000001110110011
00000000011011001101101110110011
10011110010000000010000010000011
10100001011000111001110111010011
01000001100111011000100110110011
00000001101100010001001100110011
00001000110110100000100101010011
01000000000110000000010100110011
11010000111100000010111000100011
00001000001111111000110101010011
00001000000010010000100001010011
00000000010111100000000100110011
00000000001100010001001010110011
01000000101000100000000100110011
11100000000000100000111001010011
10100001011010011001111101010011
00010000100000000010010000100111
11110110110000000010001000000011
11100000000000111000001001010011
00000001011000001101000100110011
00000000101010101001000100110011
11100000000000011000110001010011
00001101111000000010000000100111
11111110010000000010110000000011
00000001010000000010110000110011
00001001110011100000001011010011
00000001111000010101110110110011
00000000100101001101110000110011
00000000111110000001110110110011
00100001100000000010101110000011
00000001111110000000001100110011
11100000000000110000110111010011
10010001111000000010001000100111
00000111110100000010101000100111
00001000110101001000000011010011
01100100000000000010010100000011
11001100011000000010101000100111
10000010110000000010100000000011
00000001111001111010110010110011
00000001011101000101011010110011
11001011010000000010101000000011
01000001100000000010000010000011
10001010010000000010101000000111
01010110100000000010010000000111
00000001110101000000100011010011
01010001100000000010110110000111
11100000000011010000110101010011
10001001010000000010100000000111
11100000000000011000000011010011
00000000001111000101010110110011
00000000001100010000101001010011
00100000010000000010011000000111
10011011111000000010000000100011
00001101100000000010111000000011
00000001111011101000001011010011
00000000110010011001001010110011
00000001111100111101010110110011
10101001110000000010101010000111
00001001101010101000110111010011
01000001001111110000110110110011
00000001000000001001010010110011
10111010110000000010110000000011
10010001110100000010010000100011
00000000101010001000110101010011
00010111010000000010011100000011
00011011100000000000010110010011
01000000011110010000100010110011
10010010110000000010111000100111
00001000001001001000110011010011
00000001111010001000010001010011
00100010010000000000101010010011
01000001000110111000010010110011
00000001110011101000100101010011
01000000011000011000011110110011
01000000010000011000010100110011
01000000010001010000001110110011
00011000100000000010110100000111
00001111010000000000111010010011
00000001000110011000001000110011
10100000001011111001011001010011
11110110010000000010100000100011
00000100001000000010011000100011
00000001110110110101001000110011
00000001101110001000010010110011
01011111010000000000111010010011
00000001001000000000111101010011
01000000001000000010010000100011
00000001000000000010011110000011
10101000110000000010011000100111
10100000101000001001100011010011
10100010010000000000111000010011
11111010001100000010011000100011
10100000001101011001001011010011
00110001010000000010001000100011
11010111111000000010100000100111
10100110110000000010101000000011
11100000000000010000010101010011
00000000001000011000011101010011
00000001011010011010001000110011
00000001111010010000100011010011
00000001000100111000001111010011
01001011010000000010100000000011
00000000010000010101001100110011
11000000010000000000100010010011
00000000011010100000110100110011
11011101010000000000100100010011
00001000100011110000111111010011
01000000010101010000010100110011
00001001111101001000011011010011
10011101110100000010000000100111
00001000010000000000100100010011
10100000111001111001101011010011
01101010111000000010111000100011
00001000111110100000010001010011
00011101101000000010010000100011
00000000101100110000010111010011
00000000100000110001101000110011
01000000010000101000011010110011
01000000111100110000101100110011
00000001111001000101001110110011
00000001101001100001100010110011
00000000111000110101101110110011
11111001101000000010010000100111
11001100100000000000010110010011
00010010010000000010001110000111
10010110110000000000011000010011
11001011110000000010001000100111
01000000100010101000110000110011
10100001000001000001111101010011
10100001011001100001011001010011
00000000000010001001111000110011
00000000110110000000001110110011
00011001111100000010101000100111
01000000110010000000010010110011
00110100011100000010011000100111
00000000100100100000000011010011
11100000000000111000010101010011
00000000101000010000001100110011
11111100110000000010110110000011
01000000100001001000100100110011
00001001000000000000011111010011
00000000000000011010000100110011
00000001111110011101110010110011
01110100000000000010110100000011
00000001110111100010111010110011
10011000110000000010000010000111
01011010100000000010110100000011
01011001010000000010100010000011
10000111110000000010001000100011
00000001001111011010100110110011
10111111000000000010001000000011
00000001001010111001011000110011
00000000010110000000001110110011
00000001010110111010101010110011
00000001001110111001101000110011
00001001001110000000011111010011
01000000000110001000001100110011
00000000101111011101010100110011
01000000011001100000101000110011
10011000110100000010001000100011
00010000100000000010010000000011
10100000101011011001100101010011
10100000000010111001011101010011
10010000101100000010101000100111
10000100110000000010000010000111
11011100000100000010111000100111
10100001111000011001111011010011
11100110110000000000011100010011
00000000100100111101010100110011
00000001011011011000010010110011
00110101011100000010111000100011
01000001001001111000110000110011
00001000100000000010010000100111
11100000000001010000001111010011
00001101101000000010001000100011
11000110010000000000101110010011
00000000010001011000011110110011
10100000110100111001111111010011
00010010110000000010110100000011
11100000000001000000010001010011
00000000010100010010100110110011
10100001000001101001000101010011
00011111000000000010101110000111
11010010100000000000010010010011
00001001101001001000000111010011
10100001101000101001010111010011
00000000010000010001001110110011
00000001000111000001100000110011
00000000011100111101010110110011
11100000000010010000101111010011
00000000110111101000001110110011
00000001100111110101110100110011
11111100010000000010001000100111
00000001100010100010101100110011
00000000101100101000011101010011
00000001010110100000110000110011
11001100110000000010010010000011
10111101010000000010101010000011
00000001010001110001001110110011
00000000010111010101100000110011
10011011010000000000000100010011
10101110110000000010010000100111
11100000000011001000111001010011
00000000000000000010000010000011
11010101011000000010101000100111
00010100000100000010111000100011
01001111100000000010011000100011
11100000000001111000001101010011
00100101011000000010011000100011
00000001011101001000100110110011
00000001111110110000101001010011
11100000000011011000101001010011
00000000000101110001110100110011
00000100000000000010010010000111
01000011000000000010100100000111
00001000000110101000011011010011
00000001100100011001001010110011
00000000011111000010111110110011
01110111111100000010111000100011
00000000000000000101001010110011
00000000011001101010111110110011
00010010010000000010101100000011
00001001100100001000011011010011
00001001101001000000100101010011
01000001001100011000011100110011
00000001110010010000010100110011
11110100010000000010000010000011
00000000010010010000111010110011
01000001000011001000001010110011
00000000100001011000001001010011
01111111100100000010100000100011
00000001111110011000110110110011
00110001010000000010101100000111
01110010110000000010100100000111
10100001110010010001100101010011
00000001011101010101100110110011
10010011000000000010100010000011
00000000001000010101110010110011
11100000000011010000110101010011
10110000100000000000000110010011
10010101101100000010101000100111
10000101100000000000001100010011
01111111100100000010001000100011
10111011000100000010101000100111
00000000101111101001101100110011
11100000000011000000010101010011
00000001001010110001010010110011
10100000100101100001001101010011
01000000110000001000010010110011
00000001011101001001100000110011
11100000000001111000101001010011
10110010110000000010101100000011
00000001101001000010011010110011
01000001000000001000100100110011
11100000000010000000010101010011
00000000110001110000111110110011
00001001100101001000011001010011
00000000101010011001011100110011
00000001110011111000011100110011
10000011010000000010110000100011
10010000000000000010100000100011
10100000011000101001001111010011
10011010101000000010010000100011
11001101110000000000011000010011
00000001011101110001000010110011
11100000000001001000001111010011
00000001001001000101101000110011
10101010011000000010111000100011
00110111100000000000110100010011
00000001000000111000110111010011
11100111100000000010100110000111
10100000010000111001101101010011
10010011100000000010001000000011
00000000010000101010001100110011
10100000001100111001000011010011
00110010101100000010111000100111
10100001101011000001001111010011
01000000001100011000111110110011
01001111100100000010100000100111
00000001110111001101000010110011
01001110101100000010111000100111
00000001001101001000010101010011
00000000100000010101011110110011
00000000010010100001011110110011
01110110000000000000100110010011
10101100100000000010110000000011
10111001010000000010110010000011
11100000000001010000110111010011
11100000000001100000000111010011
11100000000010100000000111010011
00000000011010110000101111010011
10001011110000000010011010000111
01000000100111000000110110110011
10111000111000000010111000100011
00000000100010001010101010110011
11101001100000000010100110000111
10100000111100110001001101010011
00000001110101110000000010110011
00000001100001010010001010110011
00011101110000000000110010010011
00101001011000000010111000100111
01000111101000000010000000100011
01011111010000000010000100000011
00000001001101100000100000110011
01001111100000000010110100000111
10101010101100000010010000100011
01110010010000000010011110000111
01111010010100000010101000100011
00101000101000000010010000100111
00000111110000000010111010000011
00000000111100100000111100110011
00000000100110010101110110110011
00001000101100111000001101010011
00000001111000001101110010110011
11100000000011011000111101010011
11111011010000000010010110000111
00011011101000000010110000100111
00000001101000001001010100110011
00000001111001100001110000110011
11010001011000000010010000100111
00000001000110000101111000110011
00000000110110000010000100110011
00000000101101110010011100110011
00000001010100010101001110110011
11011000100000000010011010000111
00000000011110101101100100110011
00000001110101011010001110110011
10100001011100010001010011010011
10001001010100000010100000100111
00000001000101111101101010110011
11001001110000000010111100000111
00000001010100000000000101010011
01000001101110111000111100110011
00000000101111001101011110110011
10100001100101011001010001010011
00000001011000001000110110110011
00000000000100111000011010110011
00000000010101100001110100110011
00000000010101010000101010110011
11001100100000000010110000100011
00000001110110111001011010110011
01000001000011110000111000110011
10100000010000101001000101010011
00000001111100011000011100110011
00000001000111010000000101010011
01000001101100101000100010110011
00001000111111111000011011010011
01101111100100000010110000100111
00111111000000000010011100000011
01111111110100000010011000100111
00000000110111001000110110110011
10100001111000000001010011010011
00000000100000011101001100110011
00001001011010101000010011010011
00100011100000000010101100000111
00000001000010001000110110110011
10100000010000110001101001010011
00000000000111111101101000110011
11100000000000010000111011010011
00000000010101101000011011010011
00000000000000010101111000110011
00000000000010110001000010110011
00000000000011010000001111010011
00001001100011110000011011010011
10100001101010110001010101010011
01000011000000000010101010000111
11100000000000100000011111010011
00000000101001000101001000110011
01000000001010111000111010110011
01000001101111100000011100110011
11110010010000000010010000100111
00001001111010100000000111010011
00000001101100110001011010110011
11100000000010011000110001010011
11100000000001101000001001010011
01101010000000000010100000000111
11100000000001101000111011010011
00000001101010100010001100110011
00000000100000111010100010110011
00110110100000000010111000000011
00000000110111110101010010110011
01000010100100000010100000100011
00000001001110100101001010110011
01001101000000000010110100000111
00110111100000000000000100010011
00000000100010101010111010110011
00000001011111011000110000110011
00000000001100000001100110110011
00000001000110111101110010110011
00000001010110101000000101010011
00001001101000000010000000100111
01011111110000000010010100000111
11100000000010010000110001010011
01100100110000000010101110000011
11000111111100000010011000100111
00000000110011010000011011010011
11100000000010011000001101010011
01000000100000111000110100110011
00001000111100000000000101010011
10100001011110001001001101010011
00001000010110000000010011010011
10100001001011101001010111010011
10000000100000000010101000100011
00000001101010001010010110110011
00000000110010010001001110110011
10100001110000000010110000100011
00000001111011001000011100110011
10100000111010000001100011010011
10000100000000000010100000000111
10000101010000000010010000000011
00000000000011100101111000110011
00000001100011101101000100110011
11100000100000000010100010000111
00000000011010111101010100110011
01000000101011101000011110110011
00000000111110010010111100110011
00000000110110100000000010110011
00000001101000110010110000110011
00000000011011110001110010110011
01000001101101111000010010110011
01101000100100000010111000100111
00000000001011010101110010110011
10100000000011011001011101010011
11010010111100000010101000100011
10000110101100000010001000100011
01111001001100000010000000100111
00000001011101001000011110110011
00000001000101110010110110110011
00000000110000101010100000110011
00000000110110001001001000110011
00000111110000000010001100000011
10011000010000000010101010000011
00000000000000110001010010110011
01010000011000000010000000100011
11101001011000000010110000100011
00000001001010101000001000110011
00000001010110000001100000110011
00000001010100111000011101010011
00000001001101111101101000110011
00011111010000000000110100010011
01100111000000000000111010010011
01111011010000000010000100000011
11100000000001110000101111010011
00000001111000101001001100110011
01000000110011011000011000110011
00001000010111111000110001010011
00000000110110101010000010110011
10100000010100001001101001010011
11100000000010011000010001010011
01110010100000000010001010000011
00000000001110110001010010110011
11100000000001110000001011010011
00100100000000000000001010010011
11100000000011011000100011010011
10100000111110110001000101010011
00000000100000000010010110110011
11100000000010101000001101010011
00000000010000111001101000110011
00000001111001111101110000110011
01111001100000000000011100010011
01011100100100000010000000100011
11001100110000000010001110000011
11100000000001010000110011010011
10110101101000000010110000100111
10000000111000000010111000100011
10100111100000000000100010010011
01000001000001000000011010110011
00000000100101010000000011010011
01010000101100000010011000100111
01100010000000000010010000100011
00001001000000101000010001010011
11100000000001000000101101010011
11100000000011100000001001010011
10100000000100101001010111010011
11100000000000000000101111010011
11100000000000110000010111010011
00000001111000111101110110110011
00000001111000101001010010110011
00000001111010000000110011010011
01101010010000000010111100000111
01000111110000000010011010000011
10100000101101011001110111010011
01110010101000000010010000100111
00000000100110001101001100110011
01011001110000000000000100010011
11110111110000000010101000000011
01000001010010100000010100110011
01000001011010110000011000110011
00000000110110010000111100110011
00000001011010111000100011010011
00000000110111110000100111010011
10100101100000000010101110000011
00000000011100101010010100110011
00000001100011100000100110110011
00000000100111001001000110110011
00000000110101000001101110110011
00101101010000000010010110000011
11010100010000000010011000000111
00000001100010010010111110110011
00000001100010100000010011010011
00000001011010000000101000110011
00000001111100000000011010110011
00000001110100100010100000110011
10110100010000000000101110010011
11100000000010101000011111010011
00000001011110001001001000110011
00000001000101000001111000110011
11100000000010011000101001010011
01001000010000000010011000000111
00000000000010011001000110110011
11001111011000000010011000100011
00000001010010011001010100110011
11100000000010110000000101010011
01100010100000000010100110000111
00000001000001011010011010110011
00001001111101001000001101010011
00000000001011111001011000110011
00000001001011100010110100110011
01011101100000000010110110000011
11111001101100000010001000100011
00000001001110101000001000110011
10010000010000000010101100000011
11110010000000000000011110010011
00000000101000001000010110110011
00000000111100001000000110110011
11110010000000000010011100000011
00001111010000000010001000000111
00101111100000000010111110000011
10101110001000000010110000100011
11010001110100000010101000100111
10000000110000000010001010000011
00000000001011001000111110110011
00000000110011000000001101010011
01000000100011001000101000110011
00000000000011000001011110110011
00000000010011011000101111010011
01100111001000000010111000100011
11100000000001011000010111010011
00000001001110011001110100110011
00000000111010111001111010110011
10100001000000100001111011010011
00000000111111001010111100110011
11100000000011011000100111010011
11000100110000000010000110000111
10010010010000000010001100000011
10100001111101100001101011010011
00000001010101111001100100110011
00000001011000000000010111010011
01000000000011101000001100110011
11010111111000000010000000100111
10100001001011000001111111010011
00000000000100110010010000110011
00001000101110101000101101010011
00000000110010100010101010110011
00000000110001110001010010110011
11110010100000000010101110000011
00000000000110010000110101010011
10101100011000000010001000100011
10100001110101011001110111010011
00000001010110011010010110110011
01000000011100011000110000110011
00001011000000000010111100000111
01100100100000000000000110010011
00100001111000000010100000100011
10100001011001000001011101010011
11111000011100000010010000100011
00000001110111101000011100110011
00000000010111111010101000110011
01101011100000000010100110000011
11100000000001000000011011010011
11000000000100000010000000100011
00001000110000000010001100000111
10100000010100111001010101010011
00000001010110111101101000110011
00000010100000000010111110000111
01011111011000000010110000100111
11111111011100000010101000100111
11100000000001011000110111010011
10000110110000000010110100000011
10100001000101101001111111010011
01000000100000110000110100110011
00000000100001111000001011010011
00000001110110010001100110110011
00000001010111010001101000110011
01011101111100000010011000100111
00000001001100011000001011010011
00000000100101001101000010110011
00000000010110011000110000110011
00001000110101111000001111010011
11101001010100000010001000100011
01000001111100010000100110110011
01110011010000000010001000000111
00000001010100111010001000110011
00000000001101000000010100110011
01100111000000000000001000010011
00000001010101000000111110110011
10000001111000000010011000100111
01000001101000001000101110110011
11100000000000110000011001010011
11100000000011010000011001010011
00000000000011100000111100110011
00001000100111100000101001010011
00000000100110011000011010110011
00000001000001111000000010110011
11100000000000110000000011010011
00000000000000011010000110110011
00001000101110110000010001010011
01000001111010101000111010110011
10000101010000000010011000100111
00000001110100111000100101010011
11001001000000000010110000100011
00000000000111000010001010110011
10000100100000000010110110000111
01000001101001101000111000110011
01101010000000000010100000000111
00000000111001011101011100110011
11100000000011111000100111010011
11011000000100000010000000100011
11100000000000100000011101010011
00000001111011111000010010110011
00000000010010000001001000110011
00101010100100000010100000100011
01000000000000111000101110110011
00000001001101111101100100110011
11100000000001011000011001010011
00000001111111111101110110110011
00000001011101111010011010110011
00000000001100000001001100110011
01110010000000000010010000000111
11101100010000000010001100000011
00000000101001101000011111010011
00011110010000000010010000000011
00001011100000000010101010000111
01000000111111111000000100110011
11010000101000000010001000100011
00111110110000000010111100000111
10111100110000000000010100010011
00000001100110011000110101010011
10001100110000000010111010000011
10101101110000000010001110000111
10110000010000000010011010000111
00000001010101111000011011010011
00000001100100010001111010110011
11010101100000000010010100000011
00000001011001101000100001010011
00000001101101111101010110110011
11011101100000000010101110000111
00000001010110001001111000110011
11001111110100000010100000100011
11011001110000000010111000100111
00000100000000000000110000010011
01000000001000000010100000100011
01000001111101010000100000110011
01000001100000000010110010000111
00000001100111000000101011010011
10100000000101000001001111010011
00000001101000101010111000110011
00000000001110011010001110110011
10001011100000000010111110000011
00000000100111000000010110110011
00000001100010000000001101010011
11010001100000000010010000100011
10101010000000000000100110010011
00000000101110110010111010110011
00000000010101010000100110110011
10000111100000000010000000100011
11100000000010110000111111010011
11101001110000000010001000100011
00111000001000000010001000100011
00001000101101101000111101010011
10100000111110111001110101010011
00000001001100001101000110110011
00000001111000101000101000110011
00000001001100110010100110110011
00000000000000000000000001110011
01000100101110101101001001000010
00101011111111110001101100001111
00000000000000000000000000000001
01101000010101010111011100100100
00000000000000000001111110001100
00110110010111000011001001011100
00000000001110010110111110010111
00010111011101001100000011101110
00000000000001010100101000111110
10010111001010111001100010100101
00000000010110110000101011101010
00000000000000000000000000000001
00000000001010001100100111000100
11000011000001011100001000001001
00000000001010011011001111010000
10001001000001000100110011011001
01100010010110110111111101001000
01100000101110010110101111000001
00000000011001000010110000001110
11101011000110010110001101110010
00000000001101000000111000011101
00000000000000000001100000110100
00000000000000000000000000000000
00100010100000010111110010101001
00000000010001010100001111000011
00110101101010011110100011011011
00000000000110001000101001010110
11100000111000000101011100010010
00000000001101101110001010011101
11011000100100101010111011001001
00000000010110100101000011001010
10101001111111100001100101000111
00000000001000011010001011000001
00000000010100000101101111100111
00000000011000101100100010011000
00000000000000000000000000000000
00000000000111100001011011101001
10011000001111001011001011110100
00000000010100110100100011011111
00101100101101010010010100100000
00000000000101000111101000001110
11011010111101011110011000100110
00000000010011010000100100100100
00000000011101111011110000001010
00000000011001001110010000101110
00100001010111101010101101110011
00000000010110010111011001101110
10010101010000110000001001000000
00000000011011110110001010110100
10000100001101000010000010111101
00000000011110011000100011011101
00000111111010010100000110010011
00000000000010101101100110011110
00011000100010111101000000100011
00000000000011110000001100110101
00111110100111111001010100100011
00000000010010110011110100011101
11010001000101111001011100010010
00000000011100011110011110010000
11000100100001110000101111111011
00000000001000110110000101001100
01101111010001000000011110100101
00000000001000000000001011001001
10010101010000110000001001000000
00000000001101010000100110111100
00000000000000000001011111110100
00000000011011101110001011000010
00001111100000010011100000000000
00000000000011101000011101011111
10010010111111101011001110011001
00000000000001110100000010000111
00000000000000000000000000000000
00000000010011000110111010100010
10100100010110101001010110110111
00000000001101100001100010001010
10011101010010100001101101001100
00000000000011110100110100001100
00100010100110010111001101000101
00000000001111111001110111001111
01101001000101101100010011101110
00000000010101010000100010010100
01101110110010110010000110011010
01110100100001110110110111010000
01111000011001101011000101000011
00000000010010000111001100000011
00010100101011010100001110001111
00000000001110010100101110110110
10011011111101011011001010101110
00000000000000101111110101100101
01110111110101000011000100010100
00000000010001010101000101111011
01011111101100100001011101111000
00000000001010001111001001101111
10100000101000000011111111011111
00000000000000000000000000000000
01111110000111111010010110110011
00000000010000100100010100011011
11010111110010111011111101101010
00000000001111110111011010011000
00101000010111000010101010010110
00000000010000100001110100110010
00000000000000000000000000000000
00000000001101010100100011100000
00000000000000000000000000000101
00000000001101110110010100101101
11100011010011111110001100100000
00000000001101011111000100101111
01000010000100000000100101000011
00000000001101111010110110110001
11100000110000010000011000100111
00000000010100011011111010000101
11111111011100010010100011110111
00000000010000111010101000001011
10111100101111010101110100001000
00000000010110010011001001001001
10110001001010011011011000011101
00000000010000110010000010000001
01001111000001110110100100101100
00000000000000010010001001111011
01111110101000001101001111101101
10010101010000110000001001000000
00001010111100001001010101011011
00000000011100001111000011011100
00111010111001000010111100100001
00000000000110111100000010101010
00111010010001111100000010000011
00000000010111100100010011001110
10101100001100010011000100001000
00000000010111010110100001010000
00110010100110010000011000100101
00000000010001001110001001101111
00101010000111110000101011100010
00000000000111001100001001111101
00011000110110110000110100000101
00000000001111000011010101010101
01100101110010101101011101111101
00000000000110101011001001011111
11011101111111010111110100110011
00000000001100101001011100010101
01001010100010101000010100100000
00000000011111110001111110100100
10111101111101000111000101110011
00000000000111001001100101111001
01110100111100100110111000011011
00000000010011001011110101100101
11101011000011101111100111111000
00000000011100100110110010010101
01010100011101100110110110010110
00000000000100110010101111110011
01101110111010001011111001001111
00000000011010011111110101000100
00101111010110010010111010011110
00000000001001110010100100110010
11110100101110101100111100110110
00000000001101110100101000010000
10000010101000110010111110101000
00000000010011011110100010001010
11000000111011010110011011000000
00000000000011110111111100001000
11110011011010001011011110000100
00000000000011110100110100001100
11100101100111101111100001011101
00000000001100011010101010100010
01010110100001011101010100001010
00000000010100000101101111100111
11011110101111110101111000011110
00000000011111101110100011001110
00000000000000000000000000000000
00000000011101110101001010110110
00110001011001000011010011100111
00000000010001100000010111010110
11110110011101010011011010111011
00000000000000000000000000000001
10110100110001001111111111101011
11111111111111111110100000001100
00110101001110101000001101110101
00000000001100110010011100110100
11011010001000001100011101110000
00000000010001110110100011110010
01001101011011000001001011101011
00000000010010010001011111111000
01001010001001000100000101010110
00000000000110011000000000110100
00000000000011110100110100001100
00000000011100101001000011101110
00011100001110110000101100111010
00000000011011010101101000110011
00000000000000000000000000000110
00000000011100101111001111001110
00110000111001011011010010111110
00000000000111101010000110010100
10111010100110010001010000111000
00000000001001100101001000010110
10100011110010011111001110011000
00000000001010100100101101000011
00101111000101011011010110110101
00000000010010101100011101001100
01001110100111001110101101001110
00000000011010001101000010100000
01010111110010001000100010101000
00000000001011100111001100011001
01010001010101101110000110001101
00000000000111111110111110011011
10100111001100011010001001010111
00000000000110101111001011010100
11110011011010001011011110000100
00000000010001101111111101010101
01000011111000110001101110011100
00000000011100010100111001010000
11100001110000101010001010011100
00000000001110110000111100111011
00001011011111001111111001010100
00000000010101110101010000011000
10100110000010100011001100011100
00000000010000010100101010000100
10111010011000100011000101011100
00000000010000101101110111011001
11100100111001111000110001010010
00000000000010011111110001111000
00010010011010001110111100101110
00000000001101110111000011101101
11111111111111111110111110001000
00000000011011111110101011001110
10001011101001000100101101010000
00000000000011110111010001110010
01101100010111101010010011000010
00000000010100101011111101111011
00001110101101101110110100111100
11111111111100110010100110100101
10100111100011010001101010000110
00000000011100010111000001000010
00000000000000000001000000001011
00010111011011100010010011010100
10101111011101100101010101001111
11100001010000010000011000100111
01010000110011111101100011000100
00000000010101001011110011101101
11110011011010001011011110000100
00000000001100111100010010111000
01010001010100001101110010001011
00000000011100010100111001111001
11001000110111110011110110100100
00000000011100011010101001111110
11000010010001010011100110110101
00000000011001001001110001010010
00100101011100111100000010000110
00000000010001111010001011000001
00111010100001000010100010110101
00000000000110101010000110100001
10000010010101011010110011011000
00000000011101101010000100110001
01111111001010101011101001000111
00000000010000100100100001101000
00000000000000000000000000000000
00000000010001000100111000011010
10110111001011011010110010110001
00000000000000000001011111110100
01010100111100110000110110100010
00000000001010010011011010100001
00010111011011100010010011010100
00000000011111010000000111100100
10101000000101000001001110010001
00000000010010010010010001101110
01010110010010110001000100100100
00000000001000101110011100000001
01000011100101001010001001100100
00000000001101011100110101110011
10101001101111100011010100001001
00000000010111010000010000000100
11011001000011110100001010110100
00000000010000010010110001001001
10000101100110000001101110101111
00000000010101101001001101111011
10001011010010111001000010110101
00000000001000000000001011001001
10100011111110100110001010001110
00000000000010010101110101100111
00110101110001100100100011011101
00000000011100010010010110101011
00110011111010001000011001011010
00000000000000000000000000000000
10011000110110111111101100000000
00000000000101111000111100100011
11110010000011101000111011100000
00000000010001011111010101001010
11111010101000001010100111111111
00000000001101111011010000111001
01101101001101010001000110111011
00000000010000111101111001110100
10111001111101000110001011100100
00000000010000000110010110011011
00000000000000000000000000000001
00000000001110010101111111101111
11111111011000110110011111010010
00000000000000000000000000000000
10101011011011011000110110111100
00000000010101100010100101110001
11000100110111010010000010000111
00000000000010111110000001001000
00110000010110101000100011101111
00000000011001101000000101001001
01110000010001100101001001001010
00000000011000001111010100100001
11000010100000000100010000100010
00000000000011001110101010101100
00111100111110010110000010001000
00000000001000000000001011001001
00000000000000000000000000000001
00000000011010101001010000000011
11101001111101000000001100011010
00000000001100101010100111100011
10110001100010010010000010101001
00000000000000000000000000000001
00000000000000000000000001000000
00000000011000010111001000100011
11110000101010100010101100001100
00000000001010011111001000010101
00111011000110111010011010101011
00000000000000000001111000111101
00000000000000000001100000110100
00000000011100101100111111010001
11110010000101100110111011111011
11100000110000010000011000100111
10100001001101111010101111110100
10110100010000000101101011011011
01001100000001011010101011111011
00000000001001100101111001111100
00000110100010110010111010010100
00000000010111101010110111001001
01101011111111011010111001000110
11111111110111101100010110011001
00000011111000001000111111011000
00000000011010010000001100010011
01110010001001010110111100001000
00000000011001010010101010110111
11000101111011001110100001011111
00000000011110001100110011111000
11110101011110110000000100010000
11100010011100111010000000001101
11011010000100101101100100011101
00000000010000100000000010001101
00000000011110100110010101110101
00000000010110000010111100111000
11111110110100100110110100010011
00000000010101110100101001000101
11100000110000010000011000100111
00000000000001001101110011010101
00011100100110000000110010001100
00000000011111010101001110000101
00000000000000000000000000000101
00000000010111010000100110101011
01001101000010101100010101110010
00000000000100010011001111010110
01110111110000100001101010000000
00000000010011101011010111101111
00100101101010000100100111110001
00000000000000000000000000000000
10100100001100111001100010101100
00000000000001000001100011000100
10011010100101010100000001110000
00000000011010110010000110110110
11110000011011001001101000100011
00000000001101111010000000001010
00001101110011010001101001100011
00000000000101111011010001010001
11011001011010110010100101110100
00000000000000110011000010100000
00010000000010001111010011011011
00000000010000100001010101001010
11001000010110110101011001101111
00000000011010010111110001110000
11000011001110001000000111001100
00000000011100110101001010010111
01001110111100110110100010111001
00000000001001110001100011110111
01011101011111001101111011110101
00000000011100000100010100100000
00000000000000000000000000000000
00000000010111110111100100010001
11000010001100111011110010011100
00000000011101111001000000100101
11110110000100100000100011100001
00000000010100111100000101010011
10010111011010011011111010011100
00000000011100011001100100110001
11011110111001100011100100110110
00000000001010101111110000010010
10111011010101011000000001001100
00000000010100111110001101011001
11011010010001100101011011000010
00000000000001100101011000011100
01010101011010101110001111011000
00000000010001011110101100100010
10100110101010111101011000011110
00000000011100010001100100010100
01100010111111011110000110000000
00000000000110100110000110101101
11000000100101000000110100010001
00000000011101110010101111000101
11000100101010101101100010101110
00000000001011110101100101000111
11101111111010111010101010000100
00000000000111100111110110101100
01100010101011101001011011001011
00000000011110000101111011000100
01111001101010001010001111011001
00000000011101111101101100000100
11000101000110001001101010111111
00000000000001111111000110101000
00101110111001110110001001100010
00000000010010111111010101011100
00010001111010100100001100000101
00000000010110100011100001000011
10010101100101001111110110101011
00000000000000000000000000000000
00111110010000100000101010000001
00000000011011000110110000101001
01001100000100010101101001000100
00000000001110100111110111110000
00000000000000000000000000000001
00000000001100001110000100001110
00110101110000111100011001010111
00000000001101010000110110010101
00000000000000000000000000000000
00000000010011100001111000101011
11110001101010110001000000000011
00000000010001100111100110111110
00000010101001100010111100001010
00000000010001101011000101001011
01010110110111100010000011101010
00000000000111110111111101010001
00010001100100000000101100100010
00000000001000010101101000001111
01000010010011011100101111010110
00000000011001111110110110001001
10000101000110110100110011011011
00000000010001010000000110101011
01110011010111000110011100000100
00000000000111101101110111000000
10001110010010011001010101001101
00000000011001010011101111000010
11111010111100101111011101110011
00000000001001000100101010001011
00101110110110000110100111010000
00000000011001000001110000101110
10011000010110111110100110010111
00000000011000001001100010011010
00110100001110010011000101110110
00000000010111110000110101111011
01100111100000011011010010001001
00000000010111101001110011001001
10010110011010001111010110000110
00000000010001101100111101110010
11000101110101101110001001100111
00000000010110011000010101010000
01110100010101001010110110111111
00000000010110011000000111001011
01101011000001001111111010111110
00000000000110101010101101011011
10000010100000000111111010100110
00000000011100110000110010111111
00011000101101001001010010010011
00000000001101000010110101010010
01111101101011101001100000001001
00000000010011101101111111111001
10010100100000010010110111110001
00000000001100110010001011110011
11101000100010101000011010100010
00000000010100101110110011000011
01101010000101101111000111100111
00000000011011111001010000000101
00111101101001000101110101010001
00000000010011011100011111011000
11111111111111010000001010100010
00000000011011000101110011111110
10010000001101000000101010100000
00000000000000000110000101111100
00010100100000111100011100010101
00101011010000110100111001011011
00000000000011001110101010101100
00000000001011011000101010010000
10000110010111110101100011010010
00000000011111011110111100000010
10101000011000101100000100001001
00000000011110001001111111000011
11010101000100110110111001101110
00000000000000000000000000000000
11101000001100110100000100111100
00000000000000000001010001001100
00011110100011000011100011101010
00000000000111010001011011111000
00000000010001100000010111010110
00000000010111011001110001001000
10100100001011110010001101011111
00000000000000000000000000000000
11001001110000000111011110011110
00000000010011001100010100101001
11011000000101101010101010011101
00000000011111010110111001101100
01001110010101100100011010001110
00000000011101101100000101010101
11111110110100101000100010010111
00000000010000110100100110101010
11111011110100101011110011111101
00000000010100101100001010010111
00101011100000010010111010001001
00000000101111000011101001010010
11110101100100010011110111110010
00000000000100000000000101100100
01000011111000111111010101000110
00000000000001001000101101000110
01111101010010110100110010000111
00000000011101110111011000000001
10011011111011001000011000011000
00000000010010100110111111010010
00010101110100100011001000110000
00000000000011111011010110010010
10001001101011101011110001100110
00000000000110110110101110100101
00011010100100000110101001110000
00000000011011110100100001101100
11100111001000101010110000001100
00000000010111010010110010100110
00110001110000111010001011001111
00000000010101111001111110001100
01100100010001001111111100011101
00000000000100101001100101001100
10011111010100101101110011111000
00000000000000000000000000000000
01110001100000111111011111010001
00000000001010110000111010100000
01110110000011000110111101101100
00000000010001001011101011001101
00110011101011010001000011100101
00000000011000110010000111000111
11011010110101100110000001000000
00000000010110000011110110101010
11000000111111010110000010011011
11100000110000010000011000100111
11000000011110010001101101101101
00000000000001000000001010100001
00001011011111001111111001010100
00000000000111011101100101111110
01110100010101001010110110111111
00000000010001111010110111110111
00101011000111010011001100000011
00000000011010111001111010010001
00000011100001000110011111010011
00000000000110100101001100000100
11110111001101101101100110010110
00000000001100111011011111111011
01001010011000110011111011100101
00000000010001011111101000001100
01000100101110101101001001000010
00000000010111000100101110110110
11110011100101010010000110011001
00000000000110001010111111001110
00000000001000000000001011001001
10011111010111100000011001011111
11101000110010001010100101111110
00000000000101110011001101111110
11101011110101101111110010111000
00000000000000000001000001111000
00101010010111001100000001011101
00000000001000010001101000101001
11110111111000111010010011010011
00000000001111010111100010101000
01011011011111011101000000110000
00000000001010101000011111110000
11000000101111101100011110001001
00000000001010000010110110001110
10011100101101111000010000111000
00000000011011001101100110001101
01000000101100011001100011100011
00000000000001110101100000110111
11110100010101001010110110111111
00000000000101110010100101101001
10101011001010001000111010011010
00000000000100001110001010011011
11111100101010110110011010000001
00000000001101011001010010010010
11101111001100110000011000000000
00000000001100010100010000101100
10100001001110001011010010111010
00000000011101001010011011000111
10011000000101010100010011111100
00000000010111010001010010111110
10100001100111010100111110011011
00000000011011000111000101111100
01101110100100100100110010100011
00000000000100100001010000010001
10101110110111011110111001010110
00000000001000010101110000110111
10111001100011101110101100011100
00000000001111011001011110000110
10101100111000001010011000011101
01000011111000111111010101000110
00100111010101100100111011011000
00000000000001010101000001000101
01001001100010000110101100001101
00000000000100110000000010101100
01000111110101001110110011001101
00000000001111110010101110001011
00111111010010010000011010100011
00000000010000100011110010100011
11011000101010010101100011100010
00000000011010000011100111011110
00001011001101011100001001001110
00000000011000110101001010100101
00110001010011101001110100100001
00000000000000000000000000000000
11001111011110101110011000101100
00000000010011001001101100000001
11011100010101011111011110000101
00000000010011010010011000010001
01111100010010001110001111111000
00000000000000000000000000000000
11101101110000011011011010100011
00000000000110110011011001110000
01100100011011000000011111100100
00000000000000111100111111111100
00001111110011110010010101001011
00000000011001000000011101001011
00000000001001110010100100110010
00000000000001110011101001000101
00011001000001010101000101000100
00000000011100101110010011111000
01100011011010101000101001011110
00000000001011111101101001001001
01011111011011110101011010111101
00000000010110111101111111000110
00000100101101010100111100011011
00000000000100011011011011110000
10000100001001110101011101101101
00000000010100100100100101100000
10010000000100011111010001110111
00000000011011110101111101010011
00011101011000011110111010111010
00000000000011110100110100001100
00010100110000111110010010000110
00000000001100011010011010101000
00000000000000000000000000000000
00000000011000100000100101001000
01111010000010110101001100100111
00000000011111011111010100010000
11011110111110010001101000100101
00000000010011011101000011011100
00110010110110001011001110110111
00000000010110101100110001000001
10001111010011101100100101111001
10010101010000110000001001000000
01110100111101010000100100011111
00000000000000100111011110101010
11110100000001010011100010101110
00000000001110000101010011010001
01011011101111011100000111111110
00000000000000000000000000000000
10111110010001000111010010100001
00000000010110001111110001010000
11111011000110100111000100101001
00000000011100111111010000111010
11011001110000101100100011010110
00000000000000100001000001000001
00000111001101110111101111101101
00000000001010100001010001110011
00000011011010001000110001010100
00000000000101101010111111101100
00111000001010000011101111010110
00000000001101100000001000011011
00000000000000000000000000000000
00000000000101101101100110000001
01100100010001001111111100011101
00000000001111100011110011111001
10011011110111000101001110001101
00000000011110101001111111010010
00010001110001100001010100000011
00000000011011110010111110101010
10000010100110000010001101011011
00000000010010100110000100010111
11100111100100000111001110011011
00000000010010100000111110100001
00000000000000000001011111110110
00000000001110111011010111001010
10000001100010100001011010101001
00000000011001001001110001010010
11110111001110001010011011000001
00000000001110010101001001111101
01010101001010101000000100111111
00000000000011100001110000111011
11110001001111110001100000001100
00000000001000110001000011101010
10111101101100111110110101101100
00000000000011111010110000010111
01001100110011001110110111000001
00000000001101101100000111100000
00000000000000000000000000000000
00000000001100110000101011110001
10111101000001101011001110111011
00000000000001000010011001001100
10000101100010100100011000101111
00000000001100000001001010100010
00011110110110111000100010111010
00000000000010111110000001001000
01011101011000001011110001010110
00000000001010100111000010100111
11100010011100111010000000001101
00000000011011110010111110101010
01111110001110101101011010111111
00000000010111011111110110010110
11100000001010110110110010100010
00000000001010101010001110000110
00001011110101011010100110111111
00000000001110011011000000111111
01000011000110100001100101100000
00000000001110011000110111111111
00011000011000000100101010101011
00000000011011101110001011000010
00011001100110000011010000000011
00000000000111111110101001101100
11000000011011000101000000000100
00000000001100010100010000101100
01001101001000100100111010100100
00000000001001110110010000010111
10111100100100001101000110010110
00000000000000000000000000000000
11000101110101011110111000110100
00000000010101110010000010110000
00101010000111110000101011100010
00000000001111001001001110111010
00000000000000000000000000000000
00000000001110010001000111110100
11011011100111101011101000001101
00000000001100000110110110111100
11100011011000000100100011000100
00000000000000000000000000000010
11101011100010011110100010110011
00000000001110101011101110010000
10000101000100110000101010000011
00000000011010000011000001101101
00001011010001111110001001011011
00000000011001000000111011100011
00110100100110110001010100110110
00000000010111010100001000011010
10010001110000001101011110000001
00000000000100100010100101110010
01110111111000101001011110011110
00000000010011000100111000010100
11000101100111101011101110110101
00000000011100001000011010101110
00110110101011010100000101000010
00000000010001000001110111010101
11111100100111000111110011000010
00000000000110000101101001100111
10010111001011011010011011100001
00000000001111000000011000101101
00110100011100110101001001011001
00000000011011100010001111000111
00010101011010101110011101110100
00000000011000001100101101111010
01000110111000101101010010100011
00000000000011010011001010110101
00010011010100111110111101010001
00000000000001010011000010011100
00001111111001001100000101100001
00000000010101001001100111000010
11011100011000101010111001010001
00000000001110100100011100011011
00000000000000000000000000000000
00000000010101100100001101111001
00000000000000000000000000000010
00000000000110110110001100010011
00100101110011011000010101100111
00000000000000111100101010000101
10010000101001000100111110100000
00000000010000111111011000000010
01101101010011001100001001111101
00000000011101100111000111100001
00000000000000000000000000000001
00000000001100100111100011101100
00111011000001010101001111111111
00000000000000000000000000000000
00011111100000001111010101011100
00000000011110010010010011011001
11100001001100101001100101010100
00000000011000100101111111000100
10010000110111010010101001101101
00000000000001001100000111001111
11110011011010001011011110000100
00000000010000011111101101100111
00000000000000000001101101101100
00000000011010100110010000010011
01001000110000111011011010001100
00000000001100100000011111111010
10000010101101000111111010010101
00000000000000011100000001000101
01101010010111111000100011110110
00000000011110110111100010011011
10110011111001110100101010010100
00000000010101110110111000110000
11100110111011101100101100110101
00000000001110011101100100010100
00110001001100110101100101000010
00000000000111101101000011001111
00100001001111110110111101110100
00000000011001000100101000101101
11110011011010001011011110000100
00000000000000001101100100011011
00100101000111000011101110011001
00000000001001101010000100110100
10001111110000111010111100101000
00000000000001011000110000011000
11001100001011010110110100111001
00000000001101101101101000011100
11110011111011111010110010100110
00000000011101000010011011110010
01011010101101110100001111011100
00000000001111000001110010001001
00001011011111001111111001010100
00000000011010001111100000110111
00001100001011000011011010100111
00000000010010110101000100110001
11111001011101011011111100001100
00000000001011110111101100100110
10001111100001011001101111001010
11111111101111111010110011100011
01101101010011001100001001111101
00000000011110010111011100111011
01100100011011000000011111100100
00000000011011101110001011000010
00000000000001000000001010100001
00000000000001001111011001000011
10111110001001000110101010110001
00000000000111010001011011111000
01110010011010111001110110110001
00000000010110101001001101100010
10011000101000100010100101011111
00000000011100000110110011011110
11100011100101000011111101001001
00000000010110010000111101110100
01011101000111101110110100000001
00000000000000000000000000000100
11011010101101001010000010100110
00000000011001101100101001101001
11000110111101010011111111111111
00000000000000000000000000000000
10110010000100001001010101001011
00000000000111101111001110001100
01101100001111100111110110101010
00000000010110111001110110101010
11010101000111100001110110010111
00000000001011011000100001000110
01000011001000000110111110001000
00000000010110101010001100101000
10010000101001000101001111101011
00000000010111110101110010100100
00101100101010111011110111111011
00000000000000100110010111001110
11100100110001010000001001001011
00000000000101111001101001001011
01101001001101111111101100000011
00000000011101000101011010101111
10101101111011111110101010011111
00000000000101001111111101111011
11111000011111111110000111111010
00000000001011011110101100110100
01011011100101111101000101010100
00000000010000000101001100100100
11111000000010011100011001011100
00000000001101011110000001100110
11000111101000011010100100010000
00000000000000000110011110100001
10011111010111100000011001011111
00000000000001111110010010100111
10010110111011000010100000010011
00000000010111011001111000001010
10011001111110101100111100100101
00000000001011000101100001011111
00000000000000000000000000000010
00000000010101111010010100010001
00000110101001010010110101101010
00011010100100000110101001110000
01010000101000001110100101110100
00000000001110101001001010001000
00101011010000110100111001011011
00000000001001001101001111010111
01100101001101111100100011111001
00000000011010001111111111000010
01010101111100110100011101111010
00000000000001001010010101000101
11100111010100100101011100000010
00000000011101010011111111101010
11110100111101010000100100011111
00000000010000100011011001100010
01011101110000000101011100010101
00000000001011010000000110111001
01011100000011111001010001011100
00000000000111111111010011001010
01111000100110001110101011101000
00000000000011111000011000110001
11011111110010101010001110110001
00000000011111011010100001010110
10010101011110010100110110101101
00000000000000000001011111110100
00000000000000000001011111110100
00000000010110000100000111110010
10101000000010011101101110110110
00000000011111001101001001110001
11011100010101011111011110000101
00000000000100000101001001011000
01100000011100010111001001111101
00000000001100010110010010000000
01111101001110000011010111100010
00000000010000100111010011001110
10000000111001101110001010011101
10110100010000000101101011011011
00001101110000011101101111011001
00000000011011010010010111001010
00001000101001100101001001111010
00000000000101100101101101000000
00001000111100101101010101101110
00000000011000100101000101110010
01001010110100110001111001011011
00000000000011111111110100000100
01101110011001110100100110001111
00000000000000000000000000000001
01010010010000100111100110100010
00000000010001100101110001001000
00001000100100111110001100011011
00000000011101110011110100010010
10000111111101001001111010000110
00000000000000000001000110001100
10111000011011000110111101000101
01111000001010010011001001110000
01111000001010010011001001110000
00000000011110100110010101110101
01000100111110100111101010000110
00000000001110001100010010101010
11110100111000110000100110101011
00000000000101101101010000000111
10011100100110101010011011011000
00000000001111110010101110001011
01000110101100000110101010110010
00000000001110100101111100000000
10011001001100101011011101010000
00000000010001011011110100111101
11001000000110111011011111011001
00000000010011100010010001000010
11000111100010101001110000100101
00000000010110001000000110101110
11000001010011110110110111001110
00000000010111001111010101111100
00101000110000010101001111100101
00000000011010110100001000000100
01100011010001001111111100011011
00000000001011100111110110011101
01101101010011001100001001111101
00000000011101101001111000010011
00010001000010101110011001011011
00000000011011011001101110110110
11001100111111001111010010110101
00000000001011000011000011111011
11100111001000010001100100110010
00000000001000101011101010011101
01001101100011101101100110000101
00000000011110001011001011011010
11111100100011011000001011100000
00000000000110101011110110101001
00000000010000100011011001100010
00000000000000000001011111110100
10010101000111110110101001110011
00000000000000100010101100011011
00101110001001100100000000101110
00000000011011101010000111000010
01111101010101100000000010000101
00000000001000001111111001101000
01001100101100100011101110000010
00000000001001001101000001101010
01101010100111100010100011111110
00000000010010110110110011110100
10011101001111001010110100000001
00000000010011110001100011001001
00000111010110100010100010100101
00000000011001101110010011000000
01010001010000001110110100000111
00000000011011111111111100011110
01101110101010010101000000111000
00000000011000111111010100001010
11110100101001100100100001010011
00000000000000000000000000000001
00000010101100001000001001110111
00000000000010011001000000101011
10010101100000100101001110011111
11110011011010001011011110000100
11100001101100010101000111001100
00000000011111010001111110000011
00010011001100111100000101111010
00000000011011010011001010010110
00011111001110111000000010001000
00000000001011100001000110101111
01011010011000100111000000000111
00000000011010100100000101011100
01011100001000001101101010100010
00000000000000000000000000000001
00000000000000000000000000000100
00000000010100011010101111100100
10000101000111110110010001001001
00000000011011010000101000000101
10011010001010000000001110000101
00000000010000110001111001101000
00101011110000110100001001111100
00000000010000110110101001001001
00011100011011001110110100000110
00000000000010011001011000110110
10101100100110000110110001011010
00000000000000000000000000000000
11000001010101011010110011000011
11100000110000010000011000100111
00000000000000000000000000000000
00000000011111101100100001111011
00000100111101011100111000100101
00000000000001101101000111110110
11111011010010100010101001101000
00000000000001011010110001010101
00100010010001001110110001100111
