01111111110000000000000000010011
01111111110000000000000000010011
01111111110000000000000000010011
00000000000010000000100101010011
00000001100100111000001101010011
00000000101111010000000101010011
10001101000000000010010000000111
00000000011011011000101111010011
01100001010100000010111000100111
00000001101010011000011001010011
01110001110000000010110110000111
00001000100101001000000011010011
10001100000100000010000000100111
00100100100000000010110110000111
11111011111000000010110000100111
00001000000010110000101101010011
01001000010000000010011000000111
11011001010100000010101000100111
10111010110000000010001100000111
11011001010000000010010000100111
00001001100100000000010011010011
00000001010110111000010111010011
00001000110100110000010001010011
00000000000110000000101011010011
00001000001000110000011011010011
11010001011100000010010000100111
00000000111000011000111101010011
00110001010000000010010000100111
01000100101000000010011000100111
00000000101001000000001001010011
01000111010000000010101000100111
11111000011000000010101000100111
00000001001111111000101101010011
00001001100000010000011011010011
00000000001010110000001101010011
00000000101010101000111101010011
01101011110000000010101010000111
00011010000000000010111110000111
00000001010111011000001101010011
00010111111100000010011000100111
01101101000000000010111000100111
00001000001010110000011001010011
00001001111111001000101011010011
11001101110000000010111100000111
00001000100101010000100101010011
01000110000000000010000000100111
00000001111110001000010101010011
01111111010000000010001100000111
00000001010101000000011001010011
01100111010100000010000000100111
10010000100000000010001010000111
00001000111010001000011101010011
00000000010111101000001001010011
11010011000000000010101100000111
00001000000110111000101001010011
11110001010000000010001010000111
00000000011110110000010111010011
01110010011100000010000000100111
11110110101000000010111000100111
00001001011100110000101111010011
00000001011011110000110111010011
00000001101010101000010111010011
10101010000000000010100000000111
10001101000100000010110000100111
00001001011100010000000111010011
00000001100111001000101101010011
00001001011101110000010001010011
11101000100100000010001000100111
00000000001101001000101111010011
11001101110000000010101000000111
00001001101010111000111101010011
00000000110011000000010001010011
00011110110000000010110100000111
01110101111000000010111000100111
00001000001101100000110011010011
01010110101100000010001000100111
00000000011110111000110001010011
01100101010000000010100000000111
01100001001000000010011000100111
10001000000000000010011010000111
00000000100001010000111011010011
00000000010001011000100011010011
11101011100000000010010110000111
00001001111110101000100111010011
00001110110000000010010100000111
10100001110100000010010000100111
00001001110000110000100001010011
11011010000100000010010000100111
00110000111000000010110000100111
10010010100000000010110100000111
10100011110000000010110010000111
01000001110000000010111100000111
00000000101110101000001011010011
00000001110001100000010011010011
00000001010001110000101111010011
01010111110000000010110010000111
00100001100000000010101000100111
00001001011000101000010011010011
10000010000000000010101000000111
00001001101111111000000011010011
00000000110001010000110101010011
01011001111000000010000000100111
00000000110110011000010001010011
10010000110100000010000000100111
11100001011100000010010000100111
00000000100011101000111101010011
11110011000000000010111000000111
01001111100000000010011010000111
11111101001100000010101000100111
00001001101011111000110011010011
10010110010000000010010000100111
00000000100000010000100001010011
00001001010101010000111011010011
00011010101100000010100000100111
00001000001010011000010011010011
11010101110000000010101010000111
00001001011010000000011001010011
00000001110101000000111011010011
01100011010000000010010000000111
00000001101011110000010101010011
01101010000000000010110000000111
00001010000100000010100000100111
11011100000000000010010000000111
00001000110000000010100010000111
00001000010001010000101001010011
00000001111100110000000111010011
00000001111000001000000101010011
01100000000000000010110010000111
00001001000110110000111101010011
00000001111001001000000111010011
00001001000110000000111111010011
00001000000010011000011101010011
00001001101001001000111111010011
00000000110010010000101001010011
00001100111100000010100000100111
11111000110000000010111100000111
00000000110001100000010001010011
10001010000000000010110000000111
00101011100000000010111010000111
00001001110111000000101001010011
00010011100000000010000100000111
00001001100110000000101101010011
01011001100000000010100010000111
00000001010001011000110101010011
00000000100001101000001011010011
10011001010000000010100110000111
01100000110100000010000000100111
00001000111100101000001001010011
01000111101100000010110000100111
01100100010000000010010010000111
10010010010000000010101000000111
00110000110000000010111000000111
00000000110001011000000011010011
00000000001101010000111101010011
00101100110100000010010000100111
00000001000100110000110101010011
01011010010000000010111010000111
00001000000111100000011101010011
00001001101000100000001001010011
01001010111100000010111000100111
00001001111010000000101001010011
00000111010000000010110100000111
01100010000000000010110100000111
10101110000000000010110100000111
01001100000000000010111100000111
10111111111100000010111000100111
01101000000000000010010000100111
00001001111000110000000011010011
10100110111100000010000000100111
00001000110011000000101101010011
11110101010000000010110100000111
00110101110000000010000110000111
00010110110000000010011000000111
00000000000010001000111001010011
00001000101111001000011011010011
01101011011000000010010000100111
00001001000110011000101001010011
11100001001000000010001000100111
11110000010000000010001000000111
00011000111100000010010000100111
00000001010100101000010011010011
00000000111001101000000011010011
00010110011100000010010000100111
00001001100110100000111111010011
10100010000000000010101010000111
00001001101101111000011001010011
11100111110000000010001000000111
00110001010000000010011100000111
00100100111000000010111000100111
10101110110000000010110000100111
10000100100000000010111110000111
11110111100000000010110000000111
00000001000111001000110001010011
00011011110000000010010010000111
00000000001001111000111101010011
00001001110000111000011011010011
11100010110100000010000000100111
00000001100000011000011001010011
00011111110000000010101010000111
00000001110010100000101001010011
00000001110001010000001111010011
00001001001100011000111011010011
11101011111000000010010000100111
10101100100000000010010100000111
00001000010100101000001011010011
00000001101110111000111101010011
00000000011001000000001101010011
11101111011100000010101000100111
01010010000000000010100100000111
11101001011100000010010000100111
00001001011100111000001101010011
00000000101111000000100001010011
00100000010000000010101000000111
10000001111100000010110000100111
00001001100001010000101101010011
11000111110000000010111100000111
00001000000100000010011000100111
01110011000000000010010010000111
00001001110101100000010111010011
00110000111100000010011000100111
10101000100000000010000100000111
01111110100100000010100000100111
00001000100111100000001011010011
00000000110110011000110101010011
00001000110100111000111011010011
00110010010100000010100000100111
00111111000100000010000000100111
01111001101000000010011000100111
00001001110001010000011101010011
00001000000101011000100001010011
00001001001010010000000011010011
10111001100000000010100000000111
00001001100110100000000111010011
00001001101110010000000101010011
00001001110111011000110111010011
01010110000000000010011000000111
00001000101111010000010111010011
11001011110000000010101010000111
00000000111110011000110101010011
01001101110000000010000110000111
00001001000100000000000111010011
00001001000010011000111101010011
00000001111001010000111111010011
10001011010100000010001000100111
00001110001000000010110000100111
00000000011011101000100101010011
00001001010111000000110001010011
00001001011010101000011011010011
10000011000000000010100110000111
10010111010000000010111000000111
00001000110011000000000101010011
11001100000000000010010110000111
00001000011011101000110001010011
00001000011111011000010011010011
00001001011110110000111001010011
00001001110100000010111000100111
11011011101100000010101000100111
00000001010010000000011101010011
00100001111000000010000000100111
00000001000111110000101101010011
00001001001100000010101000100111
11000000010000000010000010000111
01110011010100000010011000100111
11111110100100000010110000100111
00000000101001111000101101010011
01111001110000000010110000000111
01001100111000000010010000100111
10011000010000000010010000100111
00001001111100111000101011010011
10111010001000000010000000100111
00000101000000000010000110000111
00011111011100000010010000100111
00000000101010101000100101010011
00000001011011000000001001010011
10110111110100000010110000100111
00111001100100000010010000100111
00111100000100000010110000100111
00001001100101000000010101010011
00000000001011101000001101010011
11001011110000000010000000100111
00000001011010110000100011010011
00001000001001001000101111010011
00000111000000000010111100000111
00101111110000000010011000100111
00000001101100111000000101010011
00000000101001110000110111010011
11101111110000000010011010000111
10010010100100000010110000100111
00001001000100111000011101010011
01001111110000000010111010000111
00001001111011001000010011010011
10100100100000000010100110000111
00110010001000000010000000100111
00001000001010100000001101010011
00001001000111111000101001010011
00001001010110100000001011010011
00001001011100011000100101010011
00000001110101100000000011010011
00001000111111111000001101010011
01001010110000000010010010000111
10001101011000000010001000100111
01000101100000000010111000000111
00001001000000110000101001010011
11010000110000000010110000100111
10001000110000000010001110000111
00001001101011001000111011010011
11100001110000000010010110000111
11011000110000000010101000000111
00000001000001111000000111010011
00011011110000000010001100000111
00001001100000000000110011010011
10011111001100000010111000100111
00000001100100110000100111010011
00001001010011010000100101010011
00000000010010011000100011010011
00000001110111101000011011010011
00000001101100000000111001010011
10111100110100000010100000100111
00001000011101101000110111010011
00001001011101110000111101010011
00000001000011111000101011010011
00001001101001101000101101010011
00100011110000000010000010000111
00000000010110110000000111010011
00001100111100000010000000100111
01011110110100000010110000100111
11100111001100000010011000100111
01100001010000000010010000100111
11010011010100000010111000100111
01000110101100000010110000100111
11011000110000000010000100000111
00000001111100110000100001010011
00001000001101111000001111010011
00001001010011000000101101010011
00110100011000000010011000100111
10001100000100000010110000100111
10101010011100000010101000100111
10101011011000000010101000100111
11001111100000000010111000100111
00001000101010101000111001010011
10110001001100000010001000100111
00001001110111000000110001010011
00000001010111111000111011010011
00001001010101110000100011010011
11111010000000000010001000000111
00000001100100111000110001010011
00001000001000100000101101010011
00110011010000000010010010000111
00001000001010110000111111010011
00000000001110111000011111010011
00001010110000000010111010000111
00001000010000000010111000000111
00110101001100000010101000100111
10010110001100000010011000100111
11110000101000000010111000100111
00001001100111001000010101010011
00001001111001000000101011010011
00000000000011011000111111010011
00000001100011100000111111010011
11001101100000000010010000100111
00101010100000000010111100000111
10100111000000000010000100000111
11111011110000000010111000000111
10011110100000000010101100000111
00001000111101110000010001010011
10010111110000000010010010000111
00001001010011111000011011010011
00111100011100000010011000100111
01010011110000000010010010000111
00001000110000100000010001010011
00000000010010011000001111010011
01111101100100000010111000100111
00111111111000000010100000100111
11000110100000000010110000100111
10111011100100000010000000100111
10011110100000000010010010000111
01001001001000000010010000100111
10000101111000000010110000100111
01101110101000000010101000100111
00000000111111111000111101010011
00000001100010011000001011010011
01111001110000000010011100000111
00001000111111010000110011010011
11111000000100000010010000100111
00001010000000000010101010000111
11001000010000000010011100000111
00111000101000000010100000100111
10011000001000000010010000100111
00011101010000000010000110000111
00001000001010011000100001010011
00000001111011000000000111010011
11001101100000000010000010000111
00000000001000001000010001010011
00000001011000011000010011010011
00000001011111000000010101010011
00000000111000011000010011010011
00000001010100000000011001010011
00000000111111111000111111010011
00001000000001110000101001010011
01010111110000000010100110000111
00001000100001101000010001010011
00001001100000111000001001010011
11101101001100000010101000100111
01011010001100000010100000100111
00001000100000001000000011010011
00001001110011000000010001010011
00001000001010110000000111010011
00011110111000000010001000100111
00000100010000000010011100000111
00001001001110000000100001010011
00000001011111110000110011010011
10011001000000000010100000000111
01110001010000000010010100000111
00000000010100101000000101010011
00000000001011101000011111010011
11111111010100000010010000100111
00001001011111111000100001010011
01100111000000000010111110000111
11001101111000000010010000100111
01010110100000000010110000000111
00001000111001000000001011010011
00001001100001000000000011010011
00000000100010010000001101010011
00001000001001110000100001010011
11001010100100000010001000100111
10110010110100000010011000100111
00000100000000000010010000000111
00111101011100000010001000100111
00001001001010111000010011010011
11001110010000000010100000100111
11100100001000000010101000100111
00000001101101101000010011010011
01000111000000000010110000100111
11110110111000000010111000100111
00100100110100000010011000100111
00001000010000011000011001010011
00000001110010010000100001010011
11111101010000000010100000100111
11100011110000000010000110000111
00000001011100111000001001010011
00000000000011010000111101010011
01001001000100000010101000100111
00000001001011011000010111010011
11110101111000000010000000100111
01110011110000000010010110000111
11110100110000000010010100000111
01111111000000000010101010000111
00000001100110101000100111010011
01111001110000000010000110000111
00001001100101101000111001010011
00110001011100000010000000100111
00001000100100101000100101010011
00000001010010100000101011010011
10101001000000000010111000100111
00000000011101000000110111010011
00101110000000000010000100000111
00000000000011010000100101010011
00001001000011111000100111010011
11001101011000000010101000100111
00000001101011001000001111010011
10111001100000000010100100000111
00001000011111101000101001010011
00000001010010001000111011010011
01001100000000000010011100000111
01000010101100000010001000100111
00010011001000000010011000100111
00001001111000100000100011010011
00001001011110101000010001010011
01110001100000000010110000100111
01010111000000000010010110000111
00001000010010111000010111010011
00000001100111010000110001010011
00000000111110000000001101010011
11101101111000000010011000100111
00000001001000101000011101010011
00000001000111000000100101010011
00001000001111001000010011010011
00001000111010011000011011010011
00001001000000000010110000000111
01000000110000000010000000100111
01110010111100000010110000100111
00000001110111000000010101010011
00000011001100000010010000100111
00001001001101001000110001010011
00000001010000000000110001010011
01110111100000000010111000000111
00000001000100110000101001010011
11110100101100000010100000100111
00000000100110101000001011010011
11110110000100000010111000100111
10001110010000000010100000000111
00001000010000000010111010000111
10011011101000000010000000100111
00101011111000000010011000100111
00000100101100000010111000100111
10110000100000000010011000100111
00001001110101110000100111010011
00000001001100011000001001010011
01111000010000000010010000100111
00110111110000000010000010000111
00001001010110000000000011010011
00000000110101111000100001010011
10111000110000000010111010000111
00000000001101101000101001010011
11001100110000000010110000000111
11001111101000000010100000100111
10111011010000000010001010000111
11010111001100000010101000100111
10111000001100000010001000100111
01010000011000000010100000100111
11100001100000000010111000100111
01111000110100000010010000100111
01000101100000000010101010000111
01000010110000000010001000000111
00001000001000010000011001010011
11000001000000000010111000100111
11001010000000000010010000100111
10111100100000000010111000000111
00101010101100000010111000100111
10100011010100000010011000100111
00000001011100001000000111010011
11011111001000000010010000100111
00001001011011110000100111010011
00000000111011110000111001010011
10100100000000000010010010000111
00000000000100111000011001010011
11010100100000000010011000000111
00000000100110000000001101010011
00000001001111000000111011010011
11111010011100000010100000100111
00001000001100111000111001010011
00000001101011101000001001010011
00000000111000100000000011010011
00000001000111111000101011010011
10101001000000000010001010000111
00001000011010110000100001010011
01001000010000000010111010000111
00001000011010001000100001010011
00000001101011101000101011010011
11111000011000000010010000100111
01011100000000000010000110000111
00000000111100010000010001010011
00000001010100101000100111010011
00100001111100000010100000100111
00001000111111101000011011010011
00000000110000011000111011010011
10011100010000000010100100000111
00001000011000000000010001010011
00001110100000000010011000000111
00000001101000000000101111010011
00000001001010001000000101010011
01010111111000000010001000100111
11001011111000000010000000100111
00001000101110100000101111010011
00001001111001100000110011010011
00001001010001101000011111010011
00001000100011101000001001010011
00000001010110111000110001010011
10000111110000000010100110000111
01011001110000000010100000000111
00001001101101001000101001010011
00001000101100101000111101010011
00011000100100000010010000100111
11001001101100000010101000100111
11110110110000000010010000100111
01100110000000000010101100000111
00000000001000110000100111010011
00001000101110110000100011010011
00001001100000011000111111010011
00000001000001011000011101010011
11011100010000000010010110000111
01000000111100000010001000100111
10011001000000000010001110000111
00100010000000000010110010000111
00000001011010110000111111010011
00001000111010111000001111010011
00000001101100001000010011010011
01001011000000000010110000100111
00001001101110101000010001010011
01000101000000000010010100000111
00001001100111111000111011010011
00001011000100000010100000100111
00000001110110111000111001010011
00000001100000010000000101010011
00001000101101011000010011010011
00000001000110100000111111010011
10111000100000000010010010000111
10101111100000000010100010000111
00001000100001111000001111010011
00000001100111111000100001010011
00000000011101101000110011010011
00001001000100011000110011010011
01111101110000000010001000000111
11001000110000000010100110000111
00000001001011111000110101010011
11111110011000000010100000100111
00001001110011000000111111010011
00001001111111111000101001010011
10001110111000000010010000100111
00000000101001101000100111010011
01110101001100000010101000100111
00000000100000100000000101010011
10011010000000000010000000100111
11100101100100000010010000100111
00001001000101010000001101010011
00001000010000101000110001010011
10000100110000000010110110000111
00110011010000000010101100000111
01110000010000000010101010000111
11010010100000000010100100000111
01001000000000000010000010000111
00000000001000000010100000100111
11110111010100000010111000100111
00001010111100000010111000100111
00001000001110011000011101010011
11100010010000000010011000000111
10100000110000000010011110000111
00001001101010010000110101010011
00000001111111010000010001010011
00001000101011011000010011010011
11000000000100000010100000100111
00001000010100110000111001010011
00000000100011001000001101010011
00000001110011001000110011010011
00110101111100000010111000100111
00000001110011001000000101010011
00001001010101010000110001010011
00000001101001000000001001010011
00011101000000000010101010000111
00101001111100000010101000100111
00001001110010000000111001010011
00001001101000100000000011010011
11101110110100000010100000100111
00000000110110111000110101010011
00000000011111111000101111010011
00001001101111100000101011010011
00001000011100111000100101010011
00000000010010111000000011010011
00001000110100100000110101010011
01000000000000000010100010000111
00110101110000000010001100000111
00000001001101111000001011010011
00001000110110011000111111010011
10110111100000000010101100000111
00001001000101101000001111010011
00001000100000011000111011010011
00000001000101000000111101010011
00100011010000000010100100000111
00000000001110111000001001010011
00000001011001010000100001010011
00001001000000110000101001010011
00010000110000000010100000100111
11110000001100000010111000100111
00001000001111010000110101010011
00100111100000000010110000000111
01010010100000000010100010000111
11111011001000000010110000100111
00000001110110110000111001010011
00001000110100001000110101010011
11111110000000000010010000000111
00000001010010100000110101010011
00001000011101110000100001010011
00001001001010100000001111010011
01110010000000000010111100000111
00001001010001010000110001010011
00001001111000101000010101010011
00000000110000010000101101010011
10100111000000000010001110000111
00000000110010000000001111010011
10110110000000000010111100000111
00001001100000001000100111010011
00001001000000111000010011010011
00001000100000101000110001010011
00000001110111101000110001010011
00001000101111011000011101010011
00001000111010101000101111010011
00000001000011111000001011010011
10001100010000000010110100000111
11011101010000000010011000100111
00000001100100110000101101010011
00001000001000000000110111010011
01111111100000000010100010000111
10010011100000000010110110000111
00001001111000100000011001010011
11000111100100000010110000100111
11011000110000000010011010000111
01110111000100000010101000100111
10010100010000000010111000100111
00000101110000000010100000100111
11000100010000000010000010000111
10011000000000000010101000000111
00000001101110011000011111010011
10100110011000000010001000100111
10100101000000000010111010000111
01110111100100000010101000100111
11101110111000000010001000100111
00001000111110110000001101010011
00000001001110001000011011010011
00000000001110000000101011010011
00111101100000000010000010000111
00000001001000001000101111010011
00000000011111001000000101010011
10010100000000000010111000100111
10000011000000000010110100000111
01111101111100000010001000100111
11010011001100000010010000100111
00000000101001011000010011010011
00001001010011001000010111010011
00001001100111011000001001010011
00000000010101110000110001010011
00000000111011110000111111010011
00001001000000010000011111010011
00101100000000000010110110000111
10101001100000000010010000100111
00000000110111000000110011010011
01110111000000000010010000100111
00111001000000000010100010000111
11011011000000000010101010000111
00001000111011110000000101010011
00000000100011101000111001010011
00111110101100000010010000100111
00111100010000000010101000000111
10110011011100000010100000100111
00000001011011100000011101010011
00011001110000000010101100000111
00000001010000101000011111010011
00000001101111100000110101010011
00110001001100000010010000100111
00011110101100000010010000100111
00001000110100101000000111010011
00000001100011110000101101010011
00001001110110000000001011010011
00001001000010001000100111010011
00101000010000000010011110000111
00000001101010010000010111010011
01011000100000000010111000100111
11000001100000000010100100000111
11010101011100000010010000100111
01000111111100000010011000100111
01100001110100000010100000100111
00000001101110110000100001010011
01101000010000000010010000000111
00000001000110001000010001010011
11001011010000000010000100000111
01011011110000000010101000100111
00001001100000011000111011010011
00001000010000001000110011010011
11001101110000000010011010000111
10100111110000000010111000000111
00000001011001011000111101010011
00100000100100000010111000100111
00000000001100011000111011010011
00000001000111100000111001010011
00000001110111010000111101010011
00001000111001010000011001010011
10011011001000000010110000100111
00001001111000100000101111010011
10110011000100000010011000100111
00001000100101011000001111010011
11101110101100000010111000100111
00000000101000010000011011010011
10011010000000000010100100000111
01101011100000000010110000000111
00011100010100000010001000100111
00101111101100000010111000100111
00001001000101111000000111010011
10101100100000000010001110000111
00011011010000000010001100000111
00000000001011000000001111010011
00000000110000001000100111010011
00101001011100000010101000100111
11011111110000000010111110000111
00001001100100010000001011010011
00000001000100111000110011010011
00001001100010010000011101010011
01010010001000000010011000100111
00000000001000000000110101010011
00000001110111010000011111010011
00000001100000111000111011010011
00010100000000000010100000100111
01101100110000000010001100000111
00000000101100000000110011010011
10100100000000000010101110000111
00000001000101000000000101010011
10010100010000000010101100000111
00001001010001111000101101010011
10000101100000000010000100000111
01000011001000000010011000100111
11111001100100000010101000100111
10111000010000000010110000000111
10001111010000000010010110000111
11010001000000000010000010000111
00000111010000000010001100000111
00000000001111101000001111010011
01111100101000000010001000100111
11111100101000000010111000100111
00000000101100100000111101010011
01100000100000000010011110000111
10111001011100000010000000100111
00001001000110010000100101010011
01101111011000000010001000100111
00001001111011101000101011010011
00000000110101001000011001010011
10001011000000000010101000100111
00100100000000000010111010000111
00000000011000110000011011010011
00001001010010001000101101010011
00001000111000111000100011010011
00000001001000000000011101010011
00001001110101111000111011010011
11111100100000000010010110000111
00001001010111110000011001010011
00001000101011100000011111010011
00000000011001000000100011010011
10000101100000000010101000000111
11010011110000000010110010000111
00000001000000000010001110000111
00000001100111011000001001010011
00000000010101001000010111010011
01110100001100000010110000100111
11101010110000000010101110000111
00001000001111101000000101010011
00000000111000011000001101010011
00000001001111101000111101010011
10111110110000000010001100000111
00001000010000000010011110000111
00000001101110011000100101010011
10000111000000000010110010000111
11111011101100000010100000100111
00000000001101010000111001010011
00000001001001000000010001010011
11101011000100000010101000100111
00000000011111111000100101010011
00000001011001101000100111010011
00001000011010110000101011010011
11111001000000000010001100000111
10010100110000000010001110000111
11110111110000000010010010000111
10010100010000000010001010000111
01101001010000000010111010000111
00000000101101010000001101010011
00000000110100001000011111010011
00100100000000000010110010000111
00001000001001100000110111010011
00001000000000011000111111010011
00000001111011100000100111010011
00001000010011110000110001010011
00000000010110011000010101010011
00000001111111000000101111010011
11100111011100000010001000100111
11000100000000000010001000100111
00000000110111100000010001010011
00001000001111100000110001010011
11100110000000000010001110000111
01111110101100000010011000100111
00001000110001001000010111010011
10000111101000000010110000100111
01111001100000000010100010000111
00001000110100000010011000100111
00001000100011100000110111010011
00100111010000000010001010000111
01101111000100000010010000100111
01001000111100000010110000100111
00000000111010000000110111010011
00001000111000101000111101010011
01101110000000000010010100000111
00100101010000000010110000100111
00001001101100000000101011010011
10010010010000000010011100000111
00000000100011010000010111010011
00001001001111101000111001010011
11110100110000000010110110000111
00001001011101011000111001010011
00001000001000100000111011010011
01001111110000000010001010000111
00001000011000010000101011010011
10010111100000000010000000100111
00000001101011010000000011010011
00000000001110000000101001010011
10001101011100000010010000100111
00001001111000101000010011010011
01011111000000000010100110000111
01100111100000000010100010000111
01011110110000000010111010000111
00000100110000000010100100000111
00000001010110010000011011010011
00001000111110001000111011010011
11010001100100000010100000100111
01110111000000000010110110000111
00000001001010111000100011010011
00001000011110111000011011010011
00000010111100000010110000100111
11111110110100000010111000100111
10101101100000000010001100000111
00001100100000000010101100000111
00000000001111010000110111010011
11110010100000000010110100000111
00001001111001110000110001010011
00000111000000000010000000100111
00110111000100000010111000100111
11111000110000000010110010000111
10110011110000000010010000000111
00001001110011000000110001010011
00001001000001100000111011010011
01001010110000000010101100000111
00001001111110101000010011010011
11110110111100000010111000100111
00000001010111111000111011010011
01000100100000000010100110000111
00000001000100110000110011010011
00000000101110001000110111010011
00001000101011111000010001010011
00100110110000000010001110000111
00000000001011111000110011010011
00001001110010101000000011010011
00000001110000000000101111010011
00001001101000101000110101010011
00000000111011111000101011010011
11100100000000000010110100000111
00001001001100000000101001010011
00000000101010111000001101010011
00001001110100110000010101010011
01000111000000000010110000000111
00001000010100000000101001010011
00001000100101011000101001010011
00001001011001010000100111010011
10010101010000000010010000100111
00001001001011000000011011010011
00000001011000100000100011010011
00000001010110110000101101010011
00111000000000000010011010000111
10000001110000000010111010000111
00000000011011001000101011010011
10011010011000000010101000100111
00000001110010100000001001010011
00001000110100000000110101010011
00001000100011000000111101010011
11101101010000000010101100000111
00001001110000000000001001010011
01110011000000000010101000100111
00001000110000100000010111010011
00011101110000000010110100000111
00000000110110110000011001010011
00000001010110010000010011010011
00000000101000110000110101010011
10101110000000000010101010000111
00000001101010011000001011010011
11011111010000000010101100000111
00000000001100111000101101010011
00101100010100000010001000100111
01001011010000000010100110000111
10100101010000000010011000100111
10000000110000000010100110000111
00000000000111101000010001010011
00000000100000011000101011010011
00000000011000001000011011010011
00101000000000000010011100000111
00001000011010111000101101010011
00001001100000111000100101010011
00001000001010010000110111010011
00000000110001100000001001010011
01000110110000000010000110000111
00000000110101010000001101010011
00100111010000000010010100000111
11010101000000000010001000100111
00000001001011101000011101010011
01000010010000000010111000000111
00001000111101001000001001010011
00000001100010000000100101010011
00001100000000000010000100000111
10001101100000000010100110000111
00001010001000000010001000100111
00111001110000000010101110000111
11110010000000000010110100000111
00001001111001001000111101010011
00000000111100010000101011010011
11100111100000000010011000000111
00001000111010110000110101010011
11011111100100000010010000100111
01011001000000000010111000100111
10001011010000000010010010000111
10001100100000000010111110000111
00010110100000000010101010000111
00000110010000000010100000100111
00001000000011100000111011010011
00001001101000100000001101010011
00000000110000001000000011010011
10011011010000000010000010000111
00111011010100000010101000100111
00000000011001011000110011010011
00000001000111010000100101010011
10011100101100000010110000100111
00001000011011001000011011010011
00001000100111111000110101010011
00010001000000000010100000000111
00001000110000000010111000100111
11010100011000000010111000100111
11111100101100000010001000100111
01100101110000000010011110000111
00001001011110110000011111010011
11111001000000000010001110000111
00001000110100100000110111010011
11100100110000000010100000000111
00000100100000000010001100000111
00000000000111011000101101010011
00000000101111001000001111010011
00000000101010000000110001010011
00001001110101011000001001010011
10101001010000000010001010000111
00001000010111010000011101010011
11101111011100000010010000100111
00001000010100101000111001010011
00100110000000000010000000100111
10010110100000000010111000100111
10101100110000000010100000100111
00000001110100101000000101010011
00001001010000000000110101010011
00001000011100100000101011010011
01001110110000000010001100000111
11011100100000000010001110000111
11110101011000000010001000100111
00000001011101110000100001010011
10110111110000000010100100000111
00000000000000000000000001110011
00000000010010100111111010100111
00000110100101101101000000000000
00000000010011011101011011000110
01111101101010110001101000110010
00000000010000111100011011110010
00111001011111001110111111111110
00000000010000100010010101101000
01101100111101111010101001001001
00000000011001101110001000111111
01000001011110010001000010011100
00000000001110001000001011001100
10100110000011001111010000000001
00000000011001101111010100100000
11001010001011011010000110001101
00000000010000001111100000010100
01111101101010110001101000110010
00000000000000111100001011011101
10000000000110111011011101111101
00000000011001110110101001010011
01001110110000001000001010010111
00000000010000000011110110101011
00100011001000110111110111101111
00000000011000000101001011110100
01000000101010111011111000000111
00000000011110011111001111110111
01010111011101000101101001100110
00000000010000011000001100111101
00101000001111011000100000101100
00000000000010111000100110101101
01011111111101101101001000011001
00000000001110010001100001100000
10100001011001110000100110111110
00000000010100101101101000110110
01000000000001000010001100010001
00000000001110100000100101000111
01011111010111111001001001010000
00000000001001111011110100011101
10111000001000001100011000001011
00000000011000001010101010001110
11000010110010001000011010000111
00000000011100001100000011101101
01110010010110000100111111101101
00000000011000000101110101101001
11010100011100100101000000010101
00000000001011010100100110011101
00000000000000000000000000000000
11111001100001010111010010010011
10011010000100001101010011101011
00000000000101001111110110111001
01111000011011101110001100101111
00000000010010001010101001111010
00000000000010101001000110110110
00000000000010101010000010111010
00101000010010010110110111100111
00000000000000100000001011110010
11111101011110000001111001110101
00000000001100000011000010100111
10110111011111000011101011110100
00000000011100100000010001101110
00000111000011010001010000011000
00000000010000110011100001010110
01011111111101101101001000011001
00000000001010001100001111100100
10000101001111100000101110001001
00000000000011001100001111111010
10001010010110100101111010110101
00000000011100010111001001111101
11100101111101111100010011001000
00000000010000011110101101110101
10101110110001110101101011010100
00000000010011010100001111001000
01101001111010111000110101101101
00000000011100011100001000101010
01000010100000010011110100101111
00000000001111000010001100000100
01111110110001011011011000010001
00000000000110001101000110100010
10100111001101111010011111000110
00000000000001100000111011111111
01001110101011010001001100100100
00000000000000000010010001110000
10100110001011010001000111101010
00000000011100101101000101001010
11011000000110110101111100010001
00000000010100110100100011011010
10110000011100111000101000101010
00000000000011101000101111011101
10000101001111100000101110001001
01110101000010111111110000000000
00100101010001110101010000100001
00000000001111001000101010100111
01001010001010100001111001101010
00000000010101001010000001010101
00010010101001010100001000010010
00000000010111110011101100001101
01110110001000111010111000111101
00000000000011000101010010110101
11110100011010111100110001011101
00000000010011111001010001001110
00101011111000111001001011000000
00000000001110100111110110010110
10011010011101100110011101111110
00000000010111001110111010111011
01101110100000001010010010010111
00000000010110101010100110000000
11000101110111000011111101001000
00000000011100010000111011111111
01000111010101000011001101111101
00000000001111000100010011110001
00111111010101010010010001100010
00000000011101010111001001000111
11010001001100100110110000001101
00000000010000010100001001010110
10000101000100110001111111011111
00000000010000110101100111010111
10011100110111000001111101010000
00000000010000100011110000100001
01100000101111001000000111100000
00000000011100010000111110010111
11111001100100101001100101100111
00000000011100100110100110010010
01001011011100111010111110100000
00000000010111000011100001001100
11110101000010000100011001001000
00001011010001011001101010000101
11011011100000101011100111111101
00000000000101000101110001010110
00000000000000000000000000000000
00000000001111110101111100110110
10110001100101011101010100011011
00000000010111011101000010001011
11110111101110110010101111110110
00000000001001011100110001100101
11010011100111100011001111111101
00000000001001000100111011010110
00001100011110111101001010110011
00000000000001111101000101010100
11100001011001100110111111110110
00000000001100111100110101001111
00011010000010100001111101011100
00000000011011110111111000001110
11001001001000000100100011111011
00000000011011100001001110001100
00001011010001011001101010000101
00000000000100001101010010101011
10011011111110000001110001001001
00000000001110001111110011100111
01011011011010000011101001110010
00000000011010001011101111101010
00000000000000000000000000000000
00000000000101001001011110101001
10010001101110110100010110100010
00000000000011010001111100010011
01110110001000111010111000111101
00000000010011011100111101101101
01101101100100001010011001110010
00000000010110001000010111111000
11101000011011001111111111110100
00000000010010100101101111011100
01101011111101011011110100011001
00000000001100111000001000111110
10101101010010111001101111000000
00000000000010010100001010000111
00100100101010010111110101111001
00000000010000011000000011010001
00000110010010111101011110010010
00000000001000110001101000101101
10000101100110111010011110001110
00000000000111111100000100011100
01101000100100000111001100001001
00000000000001011111000010001111
10011000100001011011100111100100
00000000011110001110100010111010
01110100011010000010001010110101
00000000011111111100001010100111
11111001100001010111010010010011
00000000001110100000100100101010
00010101010111001110110101001011
00000000001100010010110100000100
00101111001100000101010110001000
00000000001110110010001011011010
00010010001001101010111101100111
00000000000111001001100000010100
10100110100000011000110010010010
00000000001011011001110101011000
11001110001010101101010101010001
00000000001001001010110110111011
11111110110001011011011000010001
00000000000001010001111101000110
10010110110010010001101111001011
00000000000001110100011000000001
11001010001101100110001001000111
00000000010111100110010010111111
10001000001101110101111001100110
00000000011001100011101111111111
00001001011010101011101010100010
00000000001111111101011110101101
00100001100110001000010100000101
00000000010010100011010101100010
00010011000010000010000110010110
11110101000010111111110000000000
00100110010001000011110110000110
00000000000100010001011010011000
11111000100000000010101100100011
00000000000011101011011011000011
01010111111110100011111111101101
00000000010111110011001111000111
11000010010101000101011010110100
00000000011101010011011101111101
10111011010110100010001000000001
00000000010110101101101100100000
11001110101101010011101100101111
00000000011101110100000001100100
00110101010011100010011010010111
00000000000110110011000100110011
00111000101111000001010101100100
00000000010111000001001011100001
10110100010111000010100101011010
00000000000111110111110010011111
01011111111101101101001000011001
00000000001100010001000111110101
11111101111011000111001000000110
00000000001111110000100011110001
11011101111001111100111100000101
00000000011011010011101110001011
10101110010011011000100100110111
00000000011010110001101010100111
11110100100010111111110100110011
00000000011101011000100000010011
10000000011000100010111010101001
00000000000101110001110001110110
01011100011000011000110001011101
00000000001110000011011111110101
01001100001101110011001010000001
00000000011110110011010001011000
10011001110011000101100101111011
00000000001011100000011101010101
11100101100011101110101000110100
00000000001111110111011010111001
00000100100010000101011110000001
00000000010001001010111010000011
10000110101101101111111000110000
00000000000100111111100000101100
11000100110111010100101111111011
00000000000100001100011000001001
00110101101110010111001110001110
00000000000010010111101111001111
11100000001100101010111110101001
00000000010001100001001011111010
00000010010111011110001100010011
00000000000110111001100111110110
01011111000111010001010101011010
10101100000010010001011010001011
00000010111100011111110110001100
00000000010001110000100110001011
11110010000100111001100010110100
00000000001010101010001100100110
10010110000000010100010000100101
00000000011000110101100011111111
10111100111101011010001000101111
00000000000010011000101100111101
10010111000110001000011001011010
00000000011110100000111110111011
00000101111100100001101110001011
00000000000110000011001010100111
00000110011100101100101100111100
00000000010100001001101000100001
01011100000010001000101101111111
00000000000110110000100111100101
10010110000010111101110000000110
00000000000010100000000101111010
10010110000000010100011100000011
00000000010111100010110111101010
01000111010001001101011110101001
00000000001011010001110010101100
01011101101111001011101001110000
00000000000100011100110010100011
10000111100011011100011111010010
00000000001111011001000011000100
10010111000110011011100101110001
00000000011100100111010011110100
10010001010111100000100011010000
00000000001010100111110001110011
10110110010001011100111000100000
00000000011001101001100000100001
11111110000111010011010000000100
00000000000101001111100000100111
00010000001101111111101010001111
00000000000101100010010001111110
10110011000001000110001110111100
00000000001011000010000101101011
10011111011110111000000011110101
00000000001111100000011010010001
11111001100001010111010010010011
01111110110001011011011000000000
01001001100101000110011000100011
00000000000010110111110110011100
11000100001111100010001011110110
00000000001011011010011111010111
00110000100110101111100000010001
00000000011000001010101010001110
10010111111111110100111001011101
00000000000100101011100111000010
01111110110001011011011000010001
00000000011100100011111111001110
10001101110100100000111100011111
11111001100100101001100101100111
11101011011100100110110010000111
00000000011000011110110001111000
10000011101111000000001000111001
00000000000010110000000010110010
11101111100010100000101100010111
00000000001110111110001110000101
01110101000010111111110000000000
00000000001110101101110010011010
10001011111001101110001010110101
00000000011000100010111010101001
00100110111111011000011100101001
00000000000001101110101110001111
00000000000000000000000000000000
00000000011010101110000001000010
01011011101101100110001100011100
00000000010111101100011001101110
00110110010001011100110001000100
00000000001000001001110010101000
00111111011101100111010010000111
00000000000001010100011011010000
01111110000010010101110110111100
00000000011101111001001010010100
01111110110001011011011000010001
00000000001000001101100011011110
10001101001000110000001001110111
11111001100001010111010010010011
00000000111100000000010100011000
00000000001110110001110000100111
00110111110001111000011110111100
00000000000110010011010101110110
11001011011000111100011000001011
00000000011100011100111010110100
00101110001010111100010000010111
00000000000000010000011110011100
10101110101111010110110001000010
00000000011001000100111001001111
10001111101100001101010011101111
00000000000111000011010011000011
11001010000101110110010100000100
00000000010101110001000000100101
00001001011100100111110111001001
00000000010010000111001100110110
01011111101000100001001001111001
00000000011100100010001110000010
00000000000000000000000000000000
00000000010111000011111000011010
11001111001010010010111101011000
00000000000000000000000000000000
00100110111000010000000110010100
00000000011000100000011101110001
00111011001000101100101100100111
00000000001101000000111100101001
00000000000000000000000000000000
00000000010111000010110110010110
01000100001001010011101001001101
01111110110001011011011000010001
10100001000101111010000000101000
00000000000101111111001000100010
10111001001110011101110010000111
00000000011111010011100111010011
11110101001111101111011001111110
00000000010101010000000000111011
11100110111101010010111101011001
00000000011010000001100000001000
10100110011100111100111110100010
00000000001011110110110010010100
11110010110110111010110010001111
00000000001111101011011011101100
00001000101000011101010000100101
00000000010111001001010111111010
10010111110110011010000111111000
00000000010000110011100101100010
10010000110101101101010100001010
00000000010010011101100101110101
00110101001000110110110100100100
00000000000000000000000000000000
00000000011000011110110001111000
00000000000011110010111011000000
01101111101101111100101111010101
00000000011010110010101001111111
11100110111100010111100000000101
00000000000101001000000010111000
01001100011000101001011010010001
00000000011110111101111110110011
00000110011011110011111101110000
00000000000111001111011000101111
10001111000001000101110011101100
00000000010010011110101010011100
01101000001100101110110101100111
00000000010101110010110011001011
01110011010100010111001000100100
00000000011111000000100001110110
10101101010111101110011010000011
00000000000011101100100001110010
01000010011001111110000111010100
11110101100010111111110000000000
00101001100100111001110001010011
00000000011100010000010101111111
11100101100001100110010100111101
00000000010110100101000111110010
00100111100100110110100001001011
00000000000001110100011000000001
11001000000100100011010001110001
00000000011000100011010100011001
10010101011100110111110110101100
00000000010000000100110101111101
11110101100110001101001101110101
00000000000000000000000000000000
00000000011000011110110001111000
00000000011010101101000000111000
10111001110110011110101001111001
00000000000000000111100111110000
01101110111010000100100010000011
00000000001110011011111011000110
01101111111101010011111011001111
00000000000101000001110010101111
10011100100000100110011110001011
00000000001101110011111110110010
01111011010110000010111001110110
00000000011011100000101001100011
01100111010001010111101000111001
00000000010001101000001110011010
01111100101010100110011001110011
00000000001110100110100110001100
00010111100001001010011100101000
00000000010011111001010001001110
11001100100100000001100110101111
00000000001110110011100010100001
11010001000100111001110010011010
00000000011101101111010110011110
00010101111001010100000111101010
00000000001100110111110010111011
01011110101001010101000100101001
00000000010001010001010100101000
10001001010100111010010110110000
00000000011000011110110001111000
11011100101011100011100111111100
00000000001101001000110011010001
01101101101111001000010111011010
00000000001110011000100001000110
11110100001011110011110000011011
00000000000000011111010010010100
01010100110010000011001010100010
00000000010111110011001011100001
01100010110100000001011000111011
01100000011101101101001000011001
00000000111100010010101011111010
00000000000111111011000110101101
10010011111011010001110100101001
00000000000100010100000101111001
01010001011110001011101101011001
00000000000111101110101010100101
00111110010101010001101111001111
00000000001011010101001110010100
00000000010011111001010001001110
00000000001100011001010111011101
01100010111011011110010011000100
00000000010111000001111101011100
00110011010101011001100101110110
00000000010011101110111101011010
10001010100110100101011001100010
00000000000001011111000010000101
11101011000111111100011111000000
00000000011011011011011010101100
10000111101100010001101001001110
00000000010000000010101110111000
01111100100010010000101110111100
00000000010101100111101100000110
10111101111001000111111100010011
00000000000000000110100101101100
00100100100001110110101001001100
00000000010101101101111111101001
00000000000010101001000110110110
00000000010011000101100000010010
01100101100010000000001011111101
00000000001110000011011111110101
01110111111001111101100011101001
00000000010101111110101000101111
10101110111011011100001011101011
00000000000011000010111110010011
10100010110011111110001011100001
00000000001001111000101110111001
01110010111110011011110101100110
00000000010100000111100101010000
00000000000000000000000000000000
00000000010011100010101010011101
00100010111101000100010110011010
00000000000000010010011010000111
11100110111001010011110001001100
00000000000001111010011010101010
00000000000101001111100000100111
10101100100010010001011010001011
01101000101110111000100000001110
00000000010011101100010000000000
00101110111011101100100011001000
00000000001110010011000111101100
10011101011100101110111011010100
00000000000101101010000111111111
11010011101010110110101100101101
00000000000001010110100001000111
01111110110001011011011000010001
00000000000011100001001000101010
01100011100110010100011010111010
00000000001101101001111111101111
11000011100000100111010110010000
00000000011100000110100110000101
00000111000000101111111101111101
00000000000011011111100111010001
10110000110111100011000100011001
00000000010000100110001001110111
01101101010110100110100011110001
00000000010111100011010110010100
11010110011010100011000011001010
00000000000110001010110010100100
01100000101011011011100100000000
00000000001011101101110101111100
00111011111100101011010000110110
00000000011010101010100111101100
01110010110100011110111011110011
00000000000000000110100101101100
00100011110000111110000110010100
00000000001111011001100100010111
10101110010111001010001000010011
00000000000100000101110001011111
11101110110110001001111001010101
00000000000100001100010011000110
00111100111010110110110111101010
00000000010110010110000011111011
01011000001011000110100001001011
00000000010000010001010100101111
10001111111100011010000110000010
00000000000010011100100110101101
10001110100110000101011101111111
00000000000110010001110010111000
11110001001000011000000111011101
00000000010010100111011010101111
10000000011100001110000110111001
11100111110001010111101100110000
01001000011001001000000101001011
01000001011110010001000010011100
11101101011010011011011111011001
01011111111101101101001000011001
10011101011100101110111011010100
00000000001110111101011101010111
10001011111111110010011001100010
00000000010101110110111010011010
11111110110001011011011000010001
00000000011010110001011101001000
00101111101100111000000101010110
00000000000100010001000110011111
00000000000000000000000000000000
00000000010101001101111011110100
10110001001110000101111010000101
00000000001100010110100110100000
00000000000000000000000000000000
00000000001010001000011101110011
01011011010001101101110100111001
00000000001100100011110101101110
00100100111000111100110110101110
00000000010011101011000100110101
11010011011111000100001100101100
00000000001100100101110000111110
01010010000001011110011100011011
00000000000100100010111000111001
11111110110001011011011000010001
00000000001010011101111001011010
00000010101101110011011101110010
00000000001101011101110110010100
00110011011001010100100100011111
00000000001110101111011001011001
01001101111111101001100111110100
00000000001100000100010000100000
10001100010110101101110010101001
00000000001001111110010001001010
00010101000100111100010110010101
00000000011111111101010000101010
01111001001100111101000010110010
11110100100010111111110100110011
00000001011101000011111001001101
00000000001111000000100000111000
10011100100000100110011110001011
00000000000110001000001101000110
00000001000110110011001001010000
00000000001000110011110111001001
11011011000000110100001100111100
00000000010101010010110111110011
01101101011110010110100111100011
00000000001101010111111100001100
01110111111010010010000110000111
00000000001101110000111101001000
11001111011100010011100010110110
00000000001000011101100001101101
00000000000000000000000000000000
00101100000010010001011010001011
11111010011111110101101101001111
00000000000111100100101001011100
01011010001111100110010101100011
00000000011111010000100100001000
11010100000111110111001110100011
00000000001000101010100111010010
00000000000000000000000000000000
00000000011001110010101111110010
01000110000111100111100111011100
00000000001011001001001100100100
10001100101000001010100111000010
00000000000101111111110110101000
00101100000010010001011010001011
00000000011011010101111110110100
01110000111110100001110001110010
00000000001100001011010000100110
01100111010001010111101000111001
00000000001110111010011011011001
11011111010110001000111110100101
00000000011010010111010010101010
11101000101011010101111000110111
00000000010101010010111010010110
11000011011111001100000010001101
00000000001000101100001111101111
10110000110101001011101110111110
00000000010000000000000010101110
10110100101111000010101011001101
00000000010101010111011010100001
11100000010100000110011010000110
00000000000101001111100000100111
00000000011000011110110001111000
00000000011011101010011000111100
10101100000010101100111011101010
00000000010010010000101001010011
10111100101000001001011110000101
00000000000011101010010000000010
01110100100010111111110100110011
00000000001000000010010101011111
10100111011100000000011101000000
00000000011100110000001011000011
11110011101011011110111010000010
10000000000000110111101001000101
11111110010000100101111101010011
00000000000100001001001110111000
00001010100001011000000000010110
00000000011000100010001001010001
11000001101001001011010011000001
00000000011111100010111110100111
00010001001001100101000010100010
00000000011010111010101011100000
11110101011010110001101000100100
00000000000010101001000110110110
10111010111001011011100111111101
00000000001000010111001001011001
01101101011110111011101001110110
11110101000010111111110000000000
00111110000100000101011010100100
00000000001100011101100001100001
11111010110110010110000001101100
00000000000000111101011000000110
00000101111110110011010010111100
00000000000101001100000010110100
11001100100101101010010110011101
00000000011110101100000011011101
10010100110101001111101100000110
00000000001011101111000111101101
10000011100000101011010000011000
00000000000111100100011011111110
11101010111000010000010011100100
00000000001110000101111101000110
10110101101011001000101000010010
00000000001111011101100000100111
00000001101001100100110101111101
00000000001001011100001011001010
10010000000000111111101001110010
00000000011101001000010011010100
11010100010000110110010001111110
00000000000001000111000000010000
01001110110000001000001010010111
00000000001000110100001000111111
11100010100111001111000011010100
00000000001001100110001110011011
10000011110101101010010110011000
00000000001111001101100001011001
11101010100100100001010011101110
00000000001110000111010110001001
01010001100101000010100001111101
00000000011010101111000110011100
10110010001001110110001111010010
00000000001101110111111001100010
11001011001110011011111000110010
00000000010101111111110100010001
10000000011010101110100110100010
00000000011111001101011110101110
01111011000101111001101101111101
11111001100001010111010010010011
01101110101100111010010101110110
00000000001110100011100010100011
00111111001100110111110101101000
00000000001100000000011111010100
01111110110001011011011000010001
00000000011011011000101101101110
00000000000000000000000000000000
00000000000000000000000000000000
01101001001001001000101001111100
00000000000000111101011000000110
00000000000000000000000000000000
00000000001011100001001100011110
01111110110001011011011000010001
00000000001100100110101001101110
10000110111111001110000000011000
00000000000100110001001001110100
11100110011110011000011000100100
00000000001000101111111000011111
10100001101010101111001111000110
00000000010010001111010000101011
00111000010111000110011010000111
00000000000101101011111110101111
00100110011000111010011110110101
00000000011010010111010010101010
10010010110001011011011110000010
00000000000001110100011000000001
10001100011110001011000010101010
00000000000000100001010101111000
10110011000010010110011111100000
00000000000100011101011010111010
01001000011001101101001011011000
00000000000110000000101111111111
10011101110000101010100001110111
00000000010001100111010100001010
01111101001010111010110110000000
00000000000111010110001011111000
00001111100001001101001110101101
00000000010101111100010111010011
10000110001101101111010000111101
00000000011100101110111000010110
00000000000000000000000000000000
00000000011000100010110100000110
01000101011011101100011100000000
00000000010100010010010111001101
00000111011010000101010100110111
00000000001001111110010100110111
00001110011101001000001000101101
00000000001110001110110011011011
00010010011000011101110010101101
00000000000001110110100010010100
10110100110100111101101010001011
00000000011011011100011001001111
11110010101001000001111010000100
01111110110001011011011000010001
11000101000000011000111110110000
11110101000010111111110000000000
11001111000101011100001100001110
00000000001010101110100111111010
00000000010001110000100110001011
00000000011100000110010111111101
11001100011000101001011010010001
00000000011110101010010010101000
00111000101011101101101101000100
00000000001110101011000001100101
01001110110000001000001010010111
00000000001011011001001010011111
10100001011010101101110110001001
00000000011110101001100111001010
01011101100110100110111000101101
00000000010110101000111100100110
01110011100101100011101101111000
00000000011111110100010111000111
00101110000100111111101011110100
00000000011100101011111001010110
01011111100010101100000110111001
00000000010100001101100001111100
01110010000101100100011000010001
00000000000110010010100101110100
10011001011000001101011000110111
00000000010001100001010101000111
01111001100001100000001000010000
00000000000000000111100111100000
01010011000010101101110100100110
00000000001110110101000110111100
11011100110000110101101000101011
00000000001000100111110100101111
10000110010000000001001100111011
00000000000000000000000000000000
01100110010011010000010000000101
00000000001001110011110011011110
11010010111010101110010111111001
00000000011010101000101101101111
00000000000000000000000000000000
00000000011100010001101000011101
11100000001010110011101011001010
00000000001001000001000110110111
00001011001110011010010100100100
00000000000000000000000000000000
01110101100010111111110000000000
00000000001111111010010111000011
10000011001111111110001111111100
00000000001010010001001100100101
10000000000011001010100111001100
00000000010010011011111110001010
01001110010000010100101011011101
01111010010010000010111011011100
01000101000110011110110010000001
00000000011011101010011000110100
01001000010100000111101000011000
00000000011110111011111110010110
00000101011101101111010011111011
00000000010100011011101000100010
11000101111011010100000110101010
00000000010100111011011000001101
01010001000100111011000011111010
00000000000000000000000000000000
10010100001001001111001111010110
00000000011011001111001000000101
11110100100010111111110100110011
00000000001010110000111100100110
11011010100110110010110100000101
00000000001111000100011000110001
00001011100011111101111011110111
00000000011001000101001100001101
00010101010001111001101001001001
00000000000101100110111110000100
11101100000101101111101011111110
00000000000011010100011101100011
11110110111011011100000100110110
00000000010001101010000100000000
01010001100101000010100001111101
00000000011001110010001011111100
10001010110010000010000100100110
00000000010110111110110000001001
11100101111001010111001100010010
00000000000010001001101010010011
10000000010101000111010011111000
00000000001100101110000001110100
10001100011011111011001001010110
00000000000100100110100100000001
01001100000011011010000001110000
00000000011011001101010100010111
01110101101111011101011110011101
00000000010001000110011110100101
00110000010101111010001010101111
00000000001000110100001111010100
11100000111101110111100110110110
00000000001110110001100001101000
10000010000000010011101010110111
00000000011000011101000100001100
00111101111001010000011100000001
00000000011011110101100001111101
11111110011111101000100001100100
00000000010000000001011001110001
10001001011111100000000011001111
00000000011001010100001011001001
00110110010001011100110001000100
10101100000010010001011010001011
10101011100111010101101000010111
00000000001011111011001100100111
10011100001100111010011110010001
00000000011010011001111101001100
11111000000011101001001111011001
00000000001110110011100010100001
00000000010100001101100001111100
00000000011011101010001100111111
00100010100011110011000001011101
00000000000100011010110001100100
10100111010111110000011011111101
00000000001011000001001111100000
11001100011000101001011010010001
00000000001010010111100001001110
01001010111010101101011111110111
00000000011110110111010000000101
11010100011111110101011001110011
00000000001010010111011110010101
01111110110001011011011000000000
00000000000001100100010111000011
01010110110111111001010101011001
00000000011100100000110001010110
11000110010111011101111111000111
00000000000111011010010001000011
01011101110100101101010001111000
00000000011001001001110110111011
00011111001001000101101110000000
00000000001100000110011111110100
01101001000111110100001100110000
00000000010111000001110011011001
01000001001011000000011011011010
00000000011010000110010011100100
00011100111010111111111000000110
00000000011001011100011100111111
11101010101010111101111100111011
00000000011011011101010001010011
10000110101101101111111000110000
00000000001011110101110010011010
01010001100101000010100001111101
00000000001111111010010001111010
00000000010111000011111000011010
00000000000000000000000000000000
10110001100110010010010100100111
00000000001001101101101101001100
01000001000111000111010001100011
00000000000000000000000000000000
00110111011110010100011001001111
00000000000001000001101101101100
01000001100100101011111110111111
00000000010011100101101110001110
10001111110100001110101111111000
00000000010100010011011100001110
11011100001010110110100110010001
00000000000000011111111110111110
10011100010111110010110010000100
00000000000010000101111110101001
11101010110100001111101110111001
00000000010110001101000101011110
00111111011001001110011011001010
00000000011101010100100010010001
01101110001110110010000010010011
00000000001111000110110110110111
10101100000010010001011010001011
00000000000010011100110110000000
01101111011010110011011001111100
00000000010100000000101000001000
11010101001001111110001011011110
00000000001111101101011010011111
10111010111000111011111001110111
00000000001101001101011001010111
00101101100011101110100110101010
00000000000000011001101010011001
00000000000000000000000000000000
00000000011000111011100101111010
00001110001011100011111101010000
00000000010011010000110110101011
11001101010001011110110000100110
00000000011011010001110010100111
11000100000010001100011101100010
00000000010100111100110101111010
11011111111101101101001000011001
00000000010010010101110001011000
01110101011010011011110000110010
00000000010011100110111000011000
11101111010100110010100010110011
00000000000110111101000001110011
01101000010010010001100000100011
00000000011011110000010100111001
10001000100000100010000001110011
00000000011010001111010101011011
10110000111001011100000010011011
00000000010001110000010101010111
01001001001100100101111000111110
00000000000000000000000000000000
00110010000000011100100001101111
00000000011111101101110011100010
01011011110001100000111101100001
00000000000000010001010111100011
10100100011111101100101001010000
00000000000000000000000000000000
01111101111100111100000111110110
00000000011101101101011010101001
01110100101001100110100000101101
00000000010000010001000001100011
10111000001000100000010101010011
00000000011001111001101100011011
10000111101010110100101001110110
00000000000010000100011010110101
10101011100111010101101000010111
00000000011101011001001100001111
00000000000000000000000000000000
00000000011001011011000000111110
01101000010001101001101000110100
00000000011000001010101010001110
01100110011110011000011000100100
00000000000011101000100101101001
11010000001011110101011000001011
00000000000110010010100101110100
00000001000111111001001010110110
00000000001011100000011001000011
10101100000011100110010000100010
00000000000101011100001110110110
00011011100001011110001100011101
00000000010110011000000100001001
00011100010011011011010010111011
10000000000000110111101001000101
01010100111100110100000101110011
00000000000011100001001111111000
11000111011001000101111010100110
00000000011001011011011111011011
11101111011100101010110110010110
00000000010011011111110111101001
11000000111010011111001000111000
00000000000111010010111010000101
10101000001111001110101011010111
00000000001010100010110010000100
11101101000111101011110110100110
01001100011000101001011010010001
00100001101011010110111011011001
00000000000010110100111001101001
01010011111101011011010100100111
00000000011000100010111010101001
10101000010011111110010101111100
00000000010011110111110001000111
10001100100111110000011110000111
00000000000110101111100110101011
11110000000100111011111111011110
00000000001100101101101011101000
10010110011101110011011100010111
00000000000010001001111111110110
11001100001110101111110110111010
00000000011011111000100001100010
01000011101111011111001001100101
00000000011001011010011010111101
01011011110101000111111111010010
00000000010001100001100001011111
00100100000010010011110001100110
10000000011000100010111010101001
00100001101111100100110011110011
00000000000000010011010110001001
01001110110001000010011110010010
00000000001000101010110100100011
01100110011110011000011000100100
00000000000000110111101001000101
11011011010000110010001001110110
00000000011111000101110111010110
11100001001110011111000101110010
00000000010100010110000110011110
00000010100111110011011011111101
