01111111110000000000000000010011
01111111110000000000000000010011
01111111110000000000000000010011
00001001101101001000001001010011
00000000110111010000101011010011
00001001011010110000001011010011
01100010100000000010111000100111
01011000100000000010111000100111
00000000001110110000011101010011
00011000111000000010110000100111
00000001011111101000111101010011
01110000001000000010011000100111
00001001101001001000000101010011
01110110000100000010101000100111
11010001100000000010111110000111
00000001000000010000100011010011
00001000100000011000001111010011
11001111001000000010010000100111
00001000011000111000111101010011
00001000000000101000111001010011
00000001000010110000111101010011
00000001011001000000011101010011
00000000010011100000000101010011
11011001000000000010100000100111
00001001011101000000011011010011
01101110000000000010001100000111
00000001111000010000100011010011
11101001000000000010111100000111
00001000000100111000010111010011
00000000100011111000001111010011
10101100011100000010101000100111
11011110010000000010110110000111
00001000001101000000101111010011
00000000101010111000011111010011
00000001101001000000101111010011
00000001100111001000000011010011
00000100010000000010100100000111
00000001110011000000000111010011
00010111101100000010100000100111
00000001011110010000011101010011
01101110111000000010011000100111
01000011000100000010110000100111
11100010000000000010100100000111
11011001010000000010111100000111
11100000100000000010010110000111
00001000101101010000101011010011
00001000111010000000110011010011
00000000111101111000010111010011
00001000100100111000101001010011
00111111010000000010000100000111
01101010100000000010110110000111
00000000100011111000000011010011
00100101010000000010011100000111
00001000001110111000101011010011
00000000110101000000110011010011
00000001000110101000011011010011
01101001110000000010001100000111
11001111010100000010011000100111
00001001101011111000001001010011
10001000010100000010000000100111
00000001100011100000011011010011
10111000110100000010101000100111
10001100000000000010010110000111
00001000100110111000100111010011
00000001110000100000101001010011
00000000111101001000000101010011
00000000100110001000101001010011
00001000011100010000100001010011
00001000011100110000010101010011
00001001110010100000001101010011
00110101110000000010111000100111
00111111111000000010000000100111
10011100000000000010011000000111
00010010101000000010010000100111
00001000101011001000101011010011
00011000101000000010001000100111
00101100101000000010110000100111
11010100110000000010101000000111
10111100110000000010100100000111
00000001001101000000111101010011
00001001011111110000001111010011
00001000100011010000110111010011
10011011101000000010111000100111
10011111000100000010111000100111
01111010100000000010011000000111
10010010100000000010011000100111
00000001010011101000000101010011
00001001011111101000010111010011
00001000101011101000001011010011
00001001111011011000111011010011
00000000001001101000101001010011
00000001001101010000011101010011
10011000110100000010010000100111
00001000011011010000101011010011
11000100110100000010010000100111
00001001110100000000110011010011
00000000000000010000110001010011
00000001110010110000011001010011
01010100011000000010100000100111
00000000101111010000011011010011
10111110010000000010001100000111
00100111110100000010001000100111
00000001001101100000010111010011
00001000110110101000010111010011
00001001001011011000100001010011
00000000000101111000010101010011
00011000110000000010111000000111
00001000011100011000000101010011
01101010100000000010110000000111
00110001111100000010110000100111
00000001100010001000111101010011
10111110000000000010110000100111
00000000111110111000111011010011
00011000100000000010011000100111
00110001101100000010111000100111
00001001011101010000110111010011
11101100100000000010110100000111
00001000000000000010001110000111
00001000110010001000110101010011
00001011101000000010000000100111
11101111010000000010100110000111
00000001000000000010101000000111
11001101111000000010011000100111
10010110101100000010110000100111
00001000010011111000011101010011
10010010100000000010110110000111
00000011110000000010011000000111
00001001100101101000100101010011
00000000101100110000010101010011
00000000001001110000011111010011
00001001110100000000010001010011
10011010110000000010011000100111
00000000100111011000101111010011
01011001000000000010111000100111
01000011110100000010011000100111
00000001000111111000010101010011
11000110010000000010100000100111
01110000100000000010011000000111
00001001011100111000011101010011
00011000010100000010010000100111
10010001110000000010001100000111
11100011001000000010101000100111
11101011010000000010100110000111
10100010010000000010101000000111
11001001110000000010101110000111
00001001111011011000111101010011
00001000110011011000100001010011
00001000010101010000000011010011
10001111010100000010101000100111
00110101110000000010101000000111
00000001011000000010101000100111
00000000111100111000000011010011
01101111100000000010110000100111
10110111000000000010101010000111
10110000010000000010011010000111
00001000101010011000001111010011
00000011100000000010011010000111
01010101101100000010011000100111
11111001100000000010110100000111
00000001011010111000011011010011
00001000101101010000111111010011
00000000001000100000000011010011
10011001010000000010000000100111
10110001001000000010010000100111
01110011100000000010001110000111
00000000001100010000100011010011
00001001011010100000010101010011
01100011110000000010011100000111
10110010111100000010101000100111
00001000110000010000001011010011
11010010100000000010101110000111
00000001111111000000101011010011
00000001110011010000001101010011
00000001001001011000011011010011
00000001010011101000001011010011
00000000000100000010010000100111
11010110001100000010110000100111
01110010110000000010111010000111
01110000000000000010101000100111
00000000001111011000000011010011
11010011110000000010001000100111
00001000101111001000100111010011
11101111010000000010001000000111
00001001101001100000111111010011
00001001110010100000000101010011
00001001011101001000110011010011
00001001100110110000111101010011
01111101010000000010101110000111
10011111010000000010001000000111
01001001000000000010001110000111
00000001111100111000001001010011
00000001001010100000011011010011
00001000110100100000111111010011
00001000100010110000110101010011
00001001011100111000100111010011
00011100110000000010010110000111
00001000011111100000100111010011
01011011110000000010100110000111
01111101100000000010110000000111
00000001011101101000000111010011
11011111111100000010010000100111
01010101000100000010110000100111
00000000000011101000010101010011
10110100110000000010011000100111
00111101010100000010101000100111
00000001011101101000001101010011
11100010100000000010010000000111
00001001111111010000111001010011
00000001111001101000100001010011
01110100101100000010011000100111
00001000110001001000101011010011
11100110101000000010010000100111
00010011010100000010000000100111
01000110100000000010011000000111
00001001110101010000011001010011
00001000001011011000100111010011
00000001011001100000100101010011
00001001111010101000110101010011
00001000010111000000110111010011
11001011010000000010110000000111
01010010100000000010010010000111
00000001100110011000011011010011
10011110110000000010001010000111
00001000000001011000001001010011
00110101000000000010011110000111
01100011110100000010011000100111
01101111011000000010010000100111
11100110100000000010011000000111
01010011110000000010011010000111
00000001010000111000000111010011
00001000101111010000110001010011
00011011000000000010101110000111
00110000111000000010101000100111
00001000100011000000001111010011
01111101100100000010110000100111
00001001100101010000110111010011
00001001111010101000000011010011
00001000001111000000001101010011
01111110110000000010111100000111
10011010111000000010000000100111
11011000011100000010000000100111
00000000001101101000011101010011
00000001010001110000010011010011
11010010000100000010110000100111
00001001011100100000001001010011
00001000010011011000111101010011
10011100010000000010011000100111
10100110010000000010111000100111
10000011000000000010111000000111
01000010010000000010111100000111
11011001111000000010110000100111
01110100100000000010111110000111
00001001110000110000100001010011
11111110001100000010100000100111
00000001000111010000011101010011
00100110110000000010100000100111
01100111000000000010101110000111
00010001100000000010101100000111
01000101110000000010101100000111
00001000010111101000011101010011
00001001110101001000011111010011
00000001000010010000111011010011
00111011000000000010011000100111
10000100101000000010110000100111
00000000010111001000101101010011
00001000011011100000001111010011
01011000011100000010010000100111
01011111010000000010100010000111
00001001101011010000111001010011
00001000000110110000101101010011
11010111100000000010000010000111
10101010110000000010011000100111
00001000011000111000100111010011
00000001000001000000101011010011
00000001001100011000101101010011
00001001000000100000111101010011
00001000101101101000100011010011
00001000110000100000111001010011
10011110110100000010011000100111
11110001110000000010101110000111
00001001101011101000101101010011
00111001110100000010000000100111
00001001111110000000000011010011
00000001111110000000110111010011
11111001010000000010000110000111
10000101110000000010110000100111
11011001111000000010101000100111
00000000101100001000110011010011
00000001111100111000010011010011
00001001100011010000111111010011
10001011101100000010010000100111
01100100110000000010101000100111
00001001010000000010001000100111
10110011010000000010100000000111
00000001001111101000101101010011
00000000100101110000011101010011
01100111100000000010101000000111
00001000000011101000010011010011
10010001111000000010100000100111
10101101100000000010001100000111
00001000000110111000010101010011
11001001111100000010111000100111
00000001110000010000100111010011
00000001000111100000010001010011
00000000000011011000010001010011
00010100110000000010110110000111
00000001011000100000111111010011
00001000011010100000011111010011
00001001001000100000000011010011
10010111011100000010011000100111
00001001100111010000110001010011
00000001011110000000011111010011
10011101000100000010100000100111
00000000110101010000010111010011
00000000110010110000001101010011
10111011110000000010101110000111
01000000100100000010001000100111
00000000110101111000111001010011
11100111101100000010001000100111
00000000101011110000100011010011
10110000110000000010101100000111
10111000010100000010001000100111
00001000010101001000000111010011
00101010010000000010111000000111
00001000100101111000110011010011
11010011001100000010101000100111
00000001100001111000100101010011
10110001100000000010100110000111
11010111000000000010000010000111
00000000100111001000101011010011
00001000011100000000001101010011
00000000100110010000010101010011
00011101000000000010101000100111
00001000011001110000111111010011
10101101000000000010010000100111
00000001100101001000111011010011
00000000111001001000010111010011
00000000001100000000110011010011
00000001100101011000001011010011
00000000011000011000100101010011
11001111000000000010011110000111
00001000110000101000011111010011
10110001000000000010000000100111
00000000001011101000000011010011
10010010100000000010000000100111
11101000101000000010000000100111
00001000001100011000110101010011
00000001010011100000100101010011
10111101110000000010111000100111
01101000110000000010010110000111
10111000010000000010001100000111
11100101010000000010101100000111
11001011111100000010010000100111
00000000001000001000110111010011
00000001101110111000000011010011
01001101001100000010111000100111
00001000011101101000010011010011
00001000000001010000111111010011
01011011000000000010010010000111
10101110011100000010000000100111
01011001010000000010001010000111
00001001100011110000110111010011
00001001000100000000111011010011
00001001101110010000000111010011
11110100010100000010011000100111
01100110110000000010111010000111
00011011010000000010011100000111
00000001111000000010111000100111
00000000100100001000011011010011
00001001011100111000100011010011
00000001111100010000110011010011
01110110101000000010010000100111
10111110101100000010000000100111
00000010110100000010100000100111
01101111010000000010101010000111
01101001110000000010101100000111
00000000010110000000110011010011
00001000011011000000101111010011
00001010010000000010011000100111
00001001100011110000000111010011
00001000100101000000010011010011
00001000010100101000011001010011
00000001010001000000001001010011
00001001111111000000111111010011
10101011011000000010010000100111
00000000000000000010000000100111
10110110000000000010111110000111
11001110111100000010011000100111
01100100100000000010100110000111
11100111100000000010101000100111
00001001100011101000101011010011
00000000000110111000001111010011
01111000110100000010011000100111
10000011100100000010000000100111
00000000010000100000111101010011
00000001001011100000010101010011
11000101110100000010001000100111
11111111001000000010010000100111
00001001010011011000000101010011
00000000101010110000011011010011
10110101011000000010001000100111
01101111100000000010101000000111
11111101010000000010011000100111
01101111100000000010111010000111
00001001100100100000011011010011
10011010011100000010001000100111
10010000110000000010001110000111
00111000010000000010100000000111
01101111100000000010101010000111
11001111000000000010111100000111
10101010011100000010011000100111
00001100010000000010100100000111
00111111000000000010110000000111
00101111100000000010010000100111
00001001110010000000111101010011
00000000000001000000100001010011
00001001000110001000111101010011
01101011110000000010001110000111
10000111100000000010100100000111
10111010000000000010110100000111
11001001110000000010101010000111
00000001001100111000001111010011
00001001001000000000110111010011
00001001100100100000000111010011
00000001010000001000001011010011
10101010100000000010001100000111
10111100000100000010100000100111
00000000100110101000100011010011
00001000001101110000010011010011
00110001100000000010100000100111
00001000100110000000010001010011
10101000001000000010100000100111
00011111011000000010101000100111
01011101100000000010001000100111
01000011100000000010111000100111
00001000111100001000111011010011
00000001101111110000000111010011
00000000101000101000011001010011
00000000111111010000001011010011
11011101000000000010010000000111
00001000111000111000111001010011
00111000100000000010101100000111
11001111010100000010000000100111
11101011100000000010100100000111
10011111001000000010101000100111
00000000100001111000010011010011
00000001000110110000111001010011
11100001101000000010100000100111
01111001100000000010010110000111
00100110010000000010001010000111
00000001001110111000011111010011
01110011111100000010010000100111
11100011111100000010100000100111
00000000111000011000100101010011
00001000011101010000000011010011
00001001101001111000111111010011
00001001100001010000101011010011
00001000001011100000100001010011
00000000011000100000001001010011
00000001010011010000111111010011
00001001101001111000010011010011
00001001011000111000001011010011
00001001000100110000111101010011
10111110000100000010001000100111
10110011100000000010001000100111
00001000111101100000110111010011
00000001001001111000000111010011
00001001101000110000001111010011
00001001010000010000001011010011
00000001001001100000100101010011
00001001000100010000001111010011
00000110101000000010011000100111
10011001100000000010110000100111
01110010101000000010101000100111
10100111011000000010110000100111
00001001000000101000011101010011
00101000101100000010101000100111
01000111110000000010101110000111
00000110010000000010110110000111
00001001001010111000111011010011
00001000110010001000101101010011
00001001011011110000101111010011
00000000110111001000100001010011
00000000101100101000111101010011
10001100110000000010101110000111
00000001111101001000111011010011
00101010111100000010011000100111
10111001110000000010001000000111
00001000100110000000000111010011
00000101110000000010011000100111
00100011100000000010110000000111
00001001110100110000110001010011
00001000011110100000000011010011
00000000000100100000110111010011
00011000000000000010100010000111
00000001011110000000010011010011
01100010110000000010101000000111
00000011001000000010001000100111
11010011100000000010101010000111
11111010100000000010001110000111
00001001111101111000011101010011
00001000101101111000010001010011
10010100000000000010011100000111
01101101000000000010011110000111
00000000010111001000011111010011
11000101010000000010101010000111
00101101010000000010010000000111
00001001011110110000000111010011
10101111101000000010001000100111
00001000001110000000101001010011
00000001100111011000001001010011
00001001000100100000111101010011
00001001011101110000111101010011
00001001001010100000011001010011
00001000010100001000100101010011
00000001001000011000001011010011
11101001010000000010010110000111
01110010010000000010001010000111
00001001010010110000110001010011
00101101100000000010000100000111
00001000000111000000100101010011
01111100110000000010001110000111
00101011000000000010011110000111
11000001100100000010001000100111
00001000011110010000111001010011
11111000110000000010100000000111
00100011110000000010110100000111
00000001100110100000011011010011
00000001001110000000010011010011
01110001110000000010100000100111
00001000011001011000001011010011
00000000111000111000001101010011
00010100010000000010011000000111
00001000101010110000001111010011
00001001001011011000111101010011
11011100010000000010110000000111
01111101010000000010000000100111
10000111001000000010010000100111
10111011100000000010100100000111
00000001111011111000110011010011
00000000001101001000011101010011
10110101100000000010101010000111
00001001010111001000111001010011
10001010100000000010001110000111
11000000100000000010111010000111
11111000011100000010011000100111
00000001000000001000001001010011
00001000011100000000100111010011
00001000001100101000001111010011
10101000110000000010110010000111
00000000010011110000011011010011
00000001111000101000111001010011
01001010000000000010001010000111
11000101001000000010110000100111
10101010111100000010010000100111
10111001110100000010001000100111
00001000111101100000101011010011
00001001101101110000011101010011
00001000011111000000101111010011
00001001111010010000010101010011
00000001010011111000101011010011
00001000100111001000100011010011
00000001010011100000111001010011
11011110100000000010110100000111
01110011010000000010010010000111
10101111101000000010000000100111
10100101111100000010111000100111
00000000000010001000110101010011
00101010010000000010101010000111
00001000000101101000111001010011
10011011100100000010101000100111
10101110010000000010010010000111
00000000001011100000010011010011
10101101010000000010100000000111
00000000101010010000001011010011
00010100010000000010001000100111
00001001001101111000001111010011
00001001101010000000100111010011
10011011110000000010001100000111
00000001011111011000100001010011
00000000101011101000010011010011
10001011100000000010000100000111
00000001101100101000011001010011
00000000011001001000111111010011
00001000010010010000111101010011
10101110001100000010011000100111
00001000101110110000111001010011
00000000101110111000001001010011
10010000100000000010111100000111
00000000100001010000000011010011
00001001001010011000010101010011
00000001111010100000100111010011
00010101010000000010110000000111
11010111110000000010100110000111
00000001001110100000100101010011
00110111110000000010010000000111
00000000101011100000100101010011
00001001101011100000101001010011
00001100110000000010001000000111
00000000011111001000000101010011
01100101000000000010001000000111
00001000111010100000110111010011
00001001101001110000010111010011
00010100010100000010001000100111
00000001101101100000001111010011
00000001111110001000111101010011
00000001011011111000010101010011
00100101100000000010100000000111
00001000001001110000111001010011
00000001101001011000011011010011
10010110000000000010001000100111
11100011111100000010001000100111
00001000001111001000110101010011
00001010010000000010001000100111
01000110011000000010100000100111
00000000011010110000100101010011
00010100000100000010110000100111
00000001110101110000100001010011
11000111001000000010100000100111
00000000111111111000001011010011
00001001100011000000101101010011
01110010000100000010100000100111
00000001101111001000111101010011
11011101110000000010000110000111
00000001001100111000111111010011
00000001001001000000101101010011
11110101100000000010000110000111
00001000110010000000101011010011
11000000000000000010110110000111
00001000011001010000000111010011
10101111000000000010011000100111
01110101000000000010000110000111
10010101110000000010000000100111
00110110000000000010101000000111
11100111110100000010101000100111
00000000100000010000110001010011
11111010100000000010111010000111
10011100100000000010000100000111
00111111000100000010110000100111
10101100101000000010010000100111
00001110000000000010011000000111
00000001001010110000011101010011
00010100010000000010110000000111
00101001100000000010001100000111
01111101110000000010100000000111
00000001001010100000101011010011
00000000111110100000010111010011
00001000110000000000111101010011
00001110010000000010010010000111
00011101100000000010001100000111
10000011010000000010010110000111
00001000010110101000101111010011
00001000111101000000100101010011
00000001011011110000110001010011
01101011110000000010100000000111
00000001100100100000100011010011
00000111100000000010110100000111
00001001011001110000110111010011
00001011000000000010100010000111
11111110011000000010010000100111
00000001010011001000110101010011
00000000110101111000110111010011
11101001001000000010111000100111
10000011000000000010110110000111
00001001111111001000111111010011
00000001010001111000111001010011
01001111010000000010001100000111
00001001101101100000011111010011
00000000101000100000001111010011
00100111011000000010101000100111
00100111010000000010010100000111
00000000110110000000000111010011
11011010110000000010000100000111
00000101101000000010010000100111
00000001011001111000101011010011
00000000111111001000101111010011
00001000010110111000011101010011
10010100000000000010111000100111
00001001110100001000111111010011
00000000110011000000011111010011
00000000110011101000101001010011
00000000110000000000001101010011
00000101110100000010110000100111
00000001101111100000101001010011
00001000100011110000100011010011
01111110011000000010000000100111
00110101100000000010101010000111
01001100100000000010110000100111
00000000110010110000011001010011
00000000110110100000010011010011
01000001010100000010001000100111
10100100001100000010100000100111
00101100010100000010001000100111
00011001010100000010100000100111
11100010100100000010101000100111
00001001010011101000110101010011
00100110001000000010011000100111
00000000011000010000101011010011
10011011110000000010101110000111
00000001011110111000000101010011
00000000001010011000111111010011
11111100100000000010001000000111
00000000001001001000011101010011
00000001011101000000111101010011
00001000100101011000110011010011
01010011110000000010010000100111
00000000111011011000100101010011
00000000010000011000010101010011
00001001101011000000001111010011
01010110111100000010010000100111
10010001011000000010110000100111
00011100100000000010101000000111
00001000111010100000101101010011
00011100000000000010100110000111
11011110001000000010100000100111
11010000000000000010101010000111
11001110010000000010000100000111
00001000110111101000111101010011
00000000000100000000001011010011
00000100100000000010001100000111
00001000101001000000100101010011
00000001010110101000101001010011
01011011101000000010110000100111
00001000001110110000101011010011
00000000001100111000111011010011
00000000011101010000010011010011
00000001111001110000110111010011
00111010111000000010110000100111
00001001001011101000110111010011
11000111110000000010010000100111
00000000100001100000010111010011
11000010011000000010101000100111
11001111010000000010100100000111
00000000001010001000111101010011
00000000100011000000101011010011
01101010110000000010110110000111
00000001010000010000001001010011
00000001110110011000101001010011
00000001011010011000001011010011
01110001010100000010100000100111
00001000010000001000110001010011
00000000000100101000011111010011
00000000100101100000010111010011
00011101000000000010111010000111
01011011001000000010101000100111
00000000010110101000100001010011
00100110000000000010101000000111
10010001100000000010101010000111
00001000001101100000100011010011
00000001001110010000100101010011
00001000100001001000100111010011
00000000000001001000110011010011
00001000111000111000111101010011
00000000101100111000111101010011
00000001001001111000110001010011
00001000111001101000100101010011
00000000011011001000110111010011
00001000010000001000011101010011
00000001100110100000010001010011
00001000111111110000101101010011
00001000011111100000001001010011
00001000100011100000011011010011
00000001011010000000011111010011
00001001011100110000001101010011
10011101000000000010111000000111
00001000111000000000010011010011
00000000100101001000101011010011
00000000100100011000101101010011
00111100101000000010010000100111
01011100100000000010001100000111
10011110000000000010111100000111
01001011000000000010100000000111
01100111110000000010001110000111
00001001101110111000101101010011
11101011100000000010001100000111
00000000011000011000001001010011
00001001010101100000011001010011
00001000001000101000110001010011
00000000100101011000000101010011
00000001001010000000101001010011
10101010100000000010000010000111
11010110110000000010001000000111
00001001000110101000101001010011
11011001010000000010110000000111
11100001110100000010001000100111
00001000011110010000011001010011
00001000011101001000011011010011
11100100101100000010011000100111
01101010100000000010100000000111
00000000000101000000110101010011
10001011001000000010110000100111
00001000101010101000110001010011
01111111010000000010001000000111
10011101100100000010100000100111
00000000110100010000100101010011
00000000001100001000001101010011
00101000000000000010111110000111
00001001100001101000111101010011
00001000000001100000001001010011
00000001011011101000011101010011
00000001111100000000100011010011
00000001001011001000101111010011
00000001001001101000100011010011
10100011010000000010011000100111
01011111101100000010110000100111
00001000001010011000001111010011
11001100000000000010101100000111
01011010010100000010011000100111
11011100100000000010100000000111
01001111100100000010101000100111
01011011110000000010010010000111
00000000001111110000011011010011
00000000000111101000000101010011
00001000110101111000010101010011
10100110110000000010100000000111
11000000100000000010000100000111
10011001110000000010110100000111
00000001111011111000100001010011
00000001111101101000101001010011
00000001101010100000110111010011
00101001001100000010111000100111
00001000100000001000110011010011
00000000100111111000111011010011
00001100110000000010101100000111
01100011100000000010101000000111
11000010000000000010010010000111
00001000001000000010001000100111
01100111010000000010011000000111
00001001101100101000010011010011
00000001100111011000000011010011
00000101101100000010100000100111
00000001111111011000100001010011
11110010000000000010111100000111
00100111000100000010000000100111
10010111101000000010100000100111
11110000010000000010000010000111
00000001101110001000011011010011
10100010010000000010110100000111
00011110110000000010000110000111
11101101101100000010101000100111
10001110000000000010000100000111
00000001100011010000110011010011
01100011000100000010111000100111
00000000110011111000011101010011
00001000110011111000010011010011
00001001000110011000011111010011
10010011011000000010011000100111
01000011110000000010100110000111
00001001101110000000011101010011
01000010000000000010000010000111
11100011010000000010110100000111
00000001000110100000001001010011
00110100000100000010101000100111
11001110011000000010110000100111
00001000010011011000011111010011
00001000101001010000101011010011
00100110010000000010110100000111
10110101000000000010100110000111
00000001001010010000100111010011
00000100110000000010110000000111
00000000010001101000101011010011
00001000110101001000011011010011
00111010010000000010110000000111
01110111111100000010011000100111
10000110110000000010110000000111
00001110100000000010000110000111
00001000100000111000100001010011
00001000100101101000010011010011
00011101101100000010111000100111
00001001100011011000110011010011
11111010110000000010011000000111
00000001000110001000110111010011
00000000110011111000001011010011
00111101010000000010101000100111
01111101010000000010101100000111
11011101110100000010011000100111
00000001111111001000101001010011
01000111000000000010000110000111
01100111100100000010100000100111
00001000001110111000001011010011
00000000010010100000100011010011
00001000110000110000101001010011
00101001110000000010101000000111
01000100110000000010000100000111
01011001110000000010101000100111
11110001000000000010000100000111
00001110100100000010000000100111
00000001101000011000100011010011
00010100010000000010000110000111
00101000001100000010000000100111
00000001100000110000011101010011
00000001110011110000101111010011
00001000011100100000010011010011
10101001000000000010100100000111
10011100110000000010010000000111
01000111001000000010000000100111
00000000100011011000000011010011
00001001101011101000110111010011
00001000011010111000111101010011
00000000001101110000001101010011
11110110000000000010000110000111
01110000100000000010101110000111
10011001100000000010101000100111
00000000000111101000000011010011
00000000111111011000101101010011
00111001101100000010110000100111
00001000010110011000011101010011
00000110100000000010011000000111
10011100110000000010010010000111
10100010011000000010001000100111
10011111111000000010011000100111
10011011001100000010101000100111
00000001001110001000100111010011
01101101110000000010011010000111
01000101010100000010011000100111
01011010100000000010011100000111
00001000111111111000110101010011
00000000101101000000100011010011
00001001001001001000010101010011
10001101000000000010001000100111
00000000011011000000010011010011
10010011010100000010000000100111
11100110111000000010000000100111
00000001000111010000010001010011
00001001100010000000111011010011
01010000010100000010011000100111
00000000111010111000110011010011
00001000000001100000001011010011
00001001111111000000001111010011
00001001101110110000010001010011
01010101011100000010011000100111
00000001110001110000100111010011
00000000011000000000100101010011
00111001110000000010111110000111
11101011001000000010011000100111
10010011110100000010110000100111
11000111101000000010010000100111
00000000110100000000010111010011
00001000000011000000100011010011
00001000110001001000011011010011
00000001011110100000011001010011
00001000100011100000000111010011
11110101110000000010011000100111
10111101111100000010011000100111
00111010010100000010111000100111
10100101010000000010000010000111
11110000110100000010110000100111
11110011000000000010010010000111
00100110010000000010000010000111
00001001100000011000000111010011
00000001011100010000010101010011
11001110101000000010001000100111
00000001100110100000000011010011
01001010000000000010101000100111
01010110010000000010101000100111
00100011010000000010111000000111
00001001110110111000100111010011
00001001000111000000100011010011
00000000001101000000001101010011
11000010000000000010011110000111
01000111011100000010011000100111
00000111101100000010011000100111
00000001000011111000010001010011
00000001110010001000101101010011
11111110010000000010110000100111
00000001101101101000011001010011
00000000001001001000010101010011
00001000110101011000011011010011
00001001111111011000010011010011
00000001100111110000111011010011
00000000010000000010110010000111
00011111100100000010010000100111
00001001110011111000100001010011
00000001111110010000000011010011
00001000111101110000111111010011
00101101000100000010111000100111
00111010111000000010110000100111
10111100110000000010010000000111
01111001011100000010111000100111
00001000010011100000111001010011
11010100000000000010100000000111
00001001011010101000001111010011
00000000100101100000110011010011
00111011100100000010011000100111
10111100001000000010010000100111
00001000111110100000111111010011
00000001001100101000101111010011
00000000101100001000101001010011
00001001001111011000010111010011
11000000000000000010010110000111
00010011011000000010000000100111
11001001001000000010101000100111
00000000100011111000110111010011
00110010010000000010100000000111
10000110110100000010110000100111
01010001100000000010101100000111
01100111110000000010011010000111
01000110010000000010000000100111
00000000001010010000110111010011
00000001111110110000101011010011
00001000010011000000000111010011
00001000001000011000101111010011
00001000010000000000010101010011
00000000100110111000001001010011
00001000110110011000100101010011
00001001111010001000100111010011
00000001110111001000011011010011
11000100101100000010010000100111
00000001101111111000101111010011
10110100100000000010010100000111
00110101110000000010010010000111
11111110010000000010011110000111
11101011101000000010011000100111
01110000100000000010011110000111
00000001010001000000010001010011
11011111100100000010111000100111
00001000010110101000011011010011
00001000111100010000001001010011
00000001101000011000100011010011
00110010111000000010100000100111
00000000100000111000010011010011
00001000000011001000000111010011
00000001111111010000110011010011
00000000000000000000000001110011
00000000000100010010110111000100
10100101001101001111101000111001
00000000010001110001110001100011
00000010110100000000101110011100
00000000010101010011111110010011
00000000011010100001110001000101
00000000000011110000001001000001
01011111100110001110101011111110
00000000001101110011101111100110
11100100000001001100001011100011
00000000011011110001111011101010
11101100011010001111100100100011
00000000001101110111111101100100
00001011100010011101010111111010
00000000001011101101010011001111
01011111010000000001101011000111
00000000010100010100111001011001
01101111100100110101111001001001
00000000000011101101000110000100
01100001100000110100000010000010
00000000001011011001110110101000
11101100000100100111011000000111
00000000000101011001001010110000
01101010110100110001001000101111
00000000011011111111111000010010
01001101101011111101110110011100
00000000000110011010011100110100
11111100000001001000110100001100
00000000001011101011101101110101
00000000000000000000000000000000
00000000011101111100010100100001
01010000010011011101110001111101
00000000001000001001100110111110
10011001010000110110001101100001
00000000001000111001000000000000
11111000101011100010110001101100
00000000000001100110110000100111
01100001101000100001111100111001
00000000000011001001000101011100
11101001111000111101110100000001
00000000010000011100111101011011
10111001010111010101111101001111
00000000010011111111000010111110
00000000000000000000000000000000
00000000000100010100000101010100
01001111110110100010001010100010
11111100000001001000110100001100
10100100110111011110101000100001
00000000011000000011110011111000
01011100010111011011110110000001
00000000011010111001110111011010
11100101011110001100111001010001
00000000001010000110011101000110
00100011000100001100000001111110
00000000001001101110100011111101
10100111010111101011010110101000
00000000000101010100000011111000
01000111110000011111111010111101
00000000000000000000000000000000
11000111100110101110001111101011
00000000011001001111111000010111
01000100110001111010100010001100
00000000000010110111111000110101
11010110100110010010111010111001
00000000000100010111100010101001
11100100000000001010100011011111
00000000011100101010111110000100
11101000001100110100101110110000
00000000001110110000111110000000
01111101000001001000110100001100
00000000011011010101110011111100
00000101100010011110000000000001
00000000001100110011000011001110
11000110100110001101111101110010
00000000001111110100000100100101
11111100000001001000110100001100
00000000001000100100100000111011
01111100000001001000110100001100
00000000010101100100110111000001
11001110010100100101001000001111
00000000001001111100000001000100
10110000011101101011101101111101
00000000011101001011001110011101
11111011010111010110100110101100
00000000000000000000000000000000
00100101101001100101101101010100
00000000000000000000000000000000
01011110100111011111011100111110
00000000010100001100100000000010
00000000000100100010010101110110
00000000001010010010101101100100
00000000000000000000000000000000
00000000001001010110111101010001
00000000000000000000000000000000
00000000001101011001111100010111
00000000000000000000000000000000
00000000010010010111111111110111
10011011010010100100010010100110
00000000011011111111111000010010
01011111100001010110010010111111
00000000000100100010010101110110
00000000000000000000000000000000
11101001111000111111111000110001
11010111000010000000001000100111
00000000010100111000111100011001
11010010011011000010111111111100
01111100100001001000110100001100
11110001110100010111000110000001
00000000000000000000000000000000
01100101110101011011110100100111
00000000001001001001011111100001
01101010100011000000000010101111
01100001100000110100000010000010
01111100000001001000110100001100
00000000001101001111010001100011
01111101110011110001111011111001
00000000010011100000100001110000
11011110011001100011000000101011
00000000011001110010100011011111
00100011000101100110011111011101
11111100000001001000110100001100
01100110001110101000101111001100
01101010110001111000011000101100
10101000111100011010101010011010
00000000000000000000000000000000
00001000101100100111101100100000
00000000010110000111001010101100
10111101001001000011000000001101
00000000001000010010000110010010
11001000100101001011110111101110
00000000000101100101001110001000
01111110110110111001110111011001
00000000011010011100100011111110
11101010100011000000010100111101
01111100000001001000110100001100
11010110110000011001110000011010
01111100000001001000110100001100
11110000001101001000001011000010
00000000011011101001111011100001
11010011010001101011010111100001
00000000001000010111000000001001
01011110100001111101011101110010
00000000000110101001000010011110
00010110010110100111001100001010
00000000011010100001101100000100
01111100000001001000110100001100
00000000011000111111110111010110
10011101001000101001010101101010
01111100101010001110101011001100
11101011110110100110100110100010
00000000011110011111110011110110
10111010111100110111110101110101
00000000001000110000011001101010
10010101101100011010100000100001
00000000010011001111100010100000
00101001001110001100111000101001
01100001100000110100000010000010
01000101001110100000000010000011
00000000010011101100100100001000
00101011010011010001000110100010
00000000011010111000111000000001
01101001111000111110111000011100
00000000011110010000101000011010
00101011000010111010111010001111
00000000011101000101111001001001
11111011100101011010111011100000
00000000010110010111100101100011
10011011101110100010011110010110
00000000000100010111100010101001
01001010001001000000001001001100
00000000011001111011101011011011
10011000101111110011101101100011
00000000000000100111000110110010
11001101001110110000011111110010
00000000011000101001110111001010
01101011001110010110001110111101
00000000000011110100010101010100
10000011101011011011001001010110
01101110010011000111010010110110
11001011111011101001001111110111
00000000011110000100011100011101
11011011101010100101100011000111
01111100101010001110101011001100
11101011101001011111101111111001
01111100000001001000110100001100
00110101100101011101000011011100
00000000000001010101110010100011
00100101101110101101101010001101
00000000001011100000010100111101
00000000000000000000000000000000
00000000000110010001110100000111
00000000000000000000000000000000
00000000001011100100111111111010
00101010001110111111101101110001
00000000011011101010100000001111
00010111100110111110110100000101
00000000010100010000000000001100
00001000011110111111100000000101
01011111100001010110010010111111
10101000011011001110101000011000
00000000001100110110011111111101
00011101100001101110101010000010
00000000000000000000000000000000
00000101101110011001000010111001
00000000011000111010101010001101
01010111010011001001101011011001
00000000011100000001111011001011
00110001100011100100010111101100
11001001010001011011100000111010
01101110110100111010011111101101
00000000010101011010010000111110
00111010000000001111010010110101
00000000000110100011001011110010
11011111011110111000010010100001
00000000000101010111100000001001
01100000001111100110101110000111
00000000001100110011000101011110
11000100000011110110010010100000
00000000001000100101111100001000
11000110110110100011010011001000
00000000000011000000001001010110
01101000010000011101111010110000
11000001011110101100001011011001
10101010010010011010100010011000
00000000001000001101111101101001
00110001100110000101100110110110
00000000000000000000000000000000
11110000100101011000101111100100
00000000001101001111010011110101
01111100101010001110101011001100
00000000010111101000111111110000
10011001100110010111010011111001
00000000000111111011101111001011
00000111110001010010000111000010
00000000000101101100101110100100
00000110011110001110000101001000
00000000000011001010111000000100
00111100101101100110000001101101
00000000011100101111110100000000
00110000111001101110101011111011
00000000011011101000011111011011
10000000110100001001001011001100
00000000000111100100101110110011
10101100001100011100101101000001
00000000010001100110100101101011
00000000010101111100110000010010
11111100000001001000110100001100
00100110111000111010100101101111
00000000001011010100101001011100
11011001111010110011111001101001
00000000010100101101111110111101
00000000000000000000000000000000
00000000011000000001110010011101
00110110001001000001010111101001
00000000011010100001110001000101
11000001011110101100001011011001
00000000011100011001010010111100
01101011101010011001011111100110
00000000011000000111100001110011
11111001111010101010101000011011
00000000001111011100111111101010
01001100110010100100011010110101
00000000000101000001010101101001
10101011011100110011110000000101
00000000000111111010000011110001
11111001001111011000000010110111
11010101000111111010001010000001
11100100001011000000111100101001
00000000001011000000011100111000
10001010111001010000000101001001
00000000001001000011100101011001
00110110001001000001010111101001
00000000001011000011101001101011
00001111010111010010100100000001
00000000001000110100110001001011
00000110011110001110000101001000
00000000010011111111111100101111
01001010101001001000000101010000
00000000001011100110110001001010
11111100000001001000110100001100
00000000010010110010010000000000
11101000001100110100101110110000
00000000000000001110000001011100
01110001011010011101001010100011
00000000010101010001100111100111
01110000000001111001011100010001
00000000010001111100101110110110
01011110000110001010000111000001
00000000011000000010011001011000
00101000010001101010011000011011
01111100000001001000110100001100
01000011110110111001001010101010
00000000000000000000000000000000
11000010100000000101000001101001
00000000000100101111100101100001
11101001111001000000111011001001
00000000001000111010001110011011
01010101111010110001001010100101
00000000010110000001111101111111
10001010010110011110001100101011
00000000010011110010100100110000
11000110100101101101000110100001
00000000000001111100111100010101
00101110111000101000011111010001
11101001110011010111001110001011
10000001111001001011111100011111
00000000011000100010010100100111
00100110001010010110110111101000
00000000010010011001101000000001
00000000000000000000000000000000
11001001010001011011100000111010
00000000000000000000000000000000
11101001111000111101110100000001
10000100001010010010101101011001
00000000000111000100010110111001
01111100000001001000110100001100
00000000000101000110111000101000
01100000111010110010110110110100
00000000001000000011011011100001
00010011101010100011110001100000
00000000001000111101101000111110
11010001010010000011010001010110
00000000000001111100100111000100
01101110010011000111010010110110
00000000000000000000010101110101
11000001001101101101111101010010
00000000011011101010000001101000
00110010100110011011110000101000
00000000010010110110101110011111
00001010011101111011101010110110
01100001100000110100000010000010
01001001010001011011100000111010
00000000011011001100000101010010
00111011000011001101010011101010
00000000011011111110111011110101
00011001010111100000101001100011
00000000001110011110101011100110
01000010111011010001101111111001
00000000011000101101110111110100
01110010011001111011010101111110
00000000000000011100011011001111
10001100111110001000000111001010
00000000001010100101010100000101
11011110010011011111101011110110
00000000001001010011000111011010
00000000110100100101100011110010
00000000011100011101001001011001
00000000000000000000000000000000
00000000000001100001110010011000
01001001010001011011100000111010
00000000000000101011100100010110
11010000110011100000111110100000
00000000001110100101100000001010
00000000000000000000000000000000
11100100000000001010100011011111
00000000011100011010101010101111
00000000011101011000001111111101
01000000010010101111100100100110
00000000010100111110000010101001
11110010110100110001010100111001
00000000001001011110101110000010
01101101111100111001100110001000
00000000000010010010101101001100
10001000101101101110101110000101
00000000001110101001100100000110
11001000111010111000111000110011
00000000001101001111100001100010
11101101010101101011011100010011
01000011000100011001110110100000
01111101101010110011101101100010
00000000001100110000100000101001
11000110100100101001000011010110
00000000001011101000111010101111
11100101101011101110011010111111
00000000011110111000111011101001
11011011101010100101100011000111
00000000001110101100000011100111
00000000000000000000000000000000
00000000011000101001001001000010
11111110111100011001000101000110
01111100000001001000110100001100
11010011111010010000011010101110
01011111011101011010001100101001
11111101000011111011110110100000
00000000001100011110111101101011
01111100101010001110101011001100
00000000000001110111011001101111
11111011100101010011001000111000
00000000010001111111011111111000
00111011110000111110111010011010
01101011001111000011000011101100
10001100111011100111001101111101
00000000001000010011001011101000
11011111011110111000010010100001
01111100000001001000110100001100
00011011101111011111111110101001
00000000010111001001000011111000
11001100100111000100011000100101
00000000000100001101001111010101
11101111000111011100001001101101
01111100000001001000110100001100
11001111101011000101011010000101
00000000010011110110011110111100
10110100101111001001100101001100
00000000000111010000101101001011
01011010011000000100101000001101
00000000000111101000110110011111
00000000001000100100010111111101
00000000000001111010001011101111
11110101010011001100111111001111
11000001011110101100001011011001
01001101001101001101100000000010
00000000011101101110000101111100
11101001111000111110110110011001
00000000000100101100011100100100
00001000000111010000000011001010
00000000010011011110011100101110
00110100010110101101011011101111
00000000010101001001001011100000
00000111110010001100001000000010
00011011101110100010011110010110
11101110000100101011001010010010
00000000001010001100111011000011
10000011011000111011010101000001
11111100000001001000110100001100
10001100010100011100011010010011
00000000000001101101101100100010
01101010110001111000011000101100
00000000001110101010000101100110
11011101001111111010011011110011
00000000011000001101111101001000
01011011100110011010110001000110
00000000011001101011011111100110
11001010101000000011010011110110
01111100100001001000110100001100
00001110101100111100011001110010
00000000000100101001001001111100
01010100000001011000001111000101
00000000010110011001011100001111
00001001001011001001110100001010
00000000010101110000110111101111
01101101111010000100011001101010
00000000011011000110000011101000
10001100110111000001111100111111
00000000000100011101000000011000
01111010001011001001100100101011
00000000010111001011011111100011
11001111110111100000110110000111
00000000000011101000110100101110
00110000111001101110101011111011
00000000011100100010001111010101
01111100000001001000110100001100
00000000010100001100100000000010
01000110010000100011100011110010
00000000010010001000111101001110
00011100110110001110010010000101
00000000011101110011111111110101
10101000110111011001100101111000
00000000011010001100110001010110
01011010001111010001101000001001
00000000001111011111011000001100
00101000011110110010001101011001
00000000010011111111011000100010
01100101111011101001101101001100
10000000010010111000010111101001
10001001001000011011100110011010
00000000001010111110010101100001
10100110011010101001101100001110
00000000000000110010111011100101
01101101100110100000001111111101
00000000001011001000011101001001
01110111100010000001110000111111
00000000011000100111100001100011
10011000011100101111100011100010
00000000001101111100010001001011
11000100001001111111111100010000
00000000010111100101101101100101
11101100101101110001010110110001
00000000001010111111000110110110
01110111110011001011111101000110
11101001111000111101110100000001
00110100101110010000010101100011
00000000000111100010111001011000
01011011101010100101100011000101
00000000011110000000010011101011
01001000011111011110000010000011
00000000010010111001011001000000
10000110001001100111111000110101
00000000000001111101110010100100
11101101010101011111111111010111
00000000011000111000100100101001
10100111111010000010000001100101
00000000001100100111100101110100
10010000110100010010010011000100
00000000001000010001000001100111
01010100010010111011000100000000
11101001110011010111001110001011
01011111010011010111111100011100
00000000000111000001110110101010
00011101011001011010001110010010
00000000011001101010001010111101
00111001010000101010001101101011
00000000001100101011011110011010
00011000100001000100110111010010
00000000010101010011100100001100
11010000011110011111101010001011
00000000010111111111000001101100
01111100000001001000110100001100
00000000001100110110000010110011
00000000000000000000000000000000
00000000010111010010111000011010
01101110010011000111010010110110
00000000000000010110001000100010
11000001010100000001100111101110
00000000000000000000000000000000
01010110110011110111010011101011
11100100000000001010100011011111
00101110001110001000100011111110
11101001110011010111001110001011
11101100101010101101100001101111
00000000010011101010011000101101
01001110111011011100111000101000
00000000011110110011111010101001
01101000011111111111001011011001
00000000010100111000111100011001
00111110100101100011110000110011
00000000010011000100111100111000
11010101000111111010001010000001
11101001111000111101110100000001
01111100100001001000110100001100
00000000001110100010001010100001
10000110001001100111111000110101
00000000000110001010011000110110
10100111011101011101010010001111
00000000010000011011000111000110
11101110101110011110000001000110
01000011000100011001110110100000
01000010101011111111110001000000
00000000000010100011100001110110
11000001010001000011011011011010
00000000010100110011001111001001
00010111100110001100010010011000
11000001011110101100001011011001
11000011111100110110111010011101
00000000011010011101011010100100
01101011101000000000010000011111
00000000011101111110001000000000
00110001101110001011011001101010
00000000000110101100101110000110
00000000000000000000000000000000
01111101010011111111010011011100
10011100100000110000100101011001
01100001100000110100000010000010
00010000110100101000011101100011
00000000001111010001001101110110
10101110011111110001111110010111
00000000011111111100000100111100
10001101010001110001111001110000
00000000001010011011101111010000
01101011111110110010110011111001
00000000001100110011000011001110
00111111010101101100101001011110
00000000011110111101100010011010
11000110111011000000110101100100
00000000010111010101011000011000
11111100110001101101001110010010
00000000011000110101110100001011
10101010101111111111000100000100
00000000000010011001101010011100
11110111101011111011011110100011
00000000010000001000110111010101
11110111110000111010001101000000
00000000000100000010011011000100
01101100101100001000110001011000
00000000011001111001110111011010
11010000000111100001100001001111
00000000001110101011101001001100
00011100110010111011101010101010
00000000000110010001011100101110
10001111110010001010010010101110
00000000011000110100110100101111
00000000010011101000010110110111
00000000000010101011111001000110
11101110010011000111010010110110
00000000010101000111100000111000
10000111110110111110000111001001
00000000000111100001010011101010
10001100110110111001100101111111
00000000000111010111000000111000
11010011110001000010100010111001
01101011001111000011000011101100
10101110000001111100001101000011
00000000000111101000110110011111
10110001010111111110001110011010
00000000001100111100111010011101
01101011001111000011000011101100
00000000011100110001000110011011
01001011011101101000100110011010
00000000010110000011000110010101
00011101011101101110011010100011
00000000000110000000000110010110
00000000011110111000111011101001
00000000010111110110000100010001
10100000100100000001001000111011
00000000011000111000111111011100
10101100001001000100011000011000
11101110010011000111010010110110
01101110010011000111010010110110
00000000000000000000000000000000
10010100100001110010100011111110
00000000000110001000100010010111
00000000000000000000000000000000
00000000011110010010101000001100
00010100000000011110100001111011
00000000011011000111001010011111
10000000010110110000100111010001
00000000010101110111110100110001
11100001100000110100000010000010
00000000011101011010000110101001
01001111100001000100001100110010
00000000011011001110011111111001
11010011110010010111000010001011
00000000011001000010001110110011
00001111001111011110000100010100
00000000010100101011101100010110
01011111011101011010001100101001
00000000000000000000000000000000
00011000100001000100110111010010
01111100100001001000110100001100
10010011011101001100111101111101
00000000011000000001110100101110
00000000010111010010111000011010
00000000011101010001010010010011
11011111011011110100010111100110
00000000011100000001111011001011
10111010100101011100100100010101
00000000011001000010100100100001
00001010110010011000011101001101
00000000010001010110010111111001
00110101000101010111000011010100
00000000001101010011111000011111
00011111011111110101001010001100
00000000010101010110010011000101
00101001110011101001010110110001
00000000001001110001100110010101
10000001100000010001100011110001
00000000011010011001110110100111
10100011001101010110111010010100
00000000000101010111100110100000
11001010111011111111011110000011
00000000010011101000010110110111
00000000010101110110011101010011
00000000001110010010101010101100
00010101010101100101001010011001
00000000011011100101001010000001
00100000111100001110101011101011
00000000001001101111000100001010
01011100110110000100000110011101
00000000000001110110011000000000
01111010000111110111100001010001
00000000000110010000001011001000
01111100000001001000110100001100
00000000000000000000000000000000
01100101010110111010001101101100
00000000001001011110101110000010
00000000001000100100010111111101
11101000001100110100101110110000
10011011011000001001000010000110
00000000000100101001010000110110
01101011001111000011000011101100
00000000011100010100010100010010
01101111001111101100100110001101
00000000011110100001010110101111
10100101011110001001001010100100
11011001100001010011010001001111
11111000001101100011110101011010
01111100000001001000110100001100
00001100101011000010100000010001
00000000010001100110100101101011
11110000111101010110101100010000
01111100000001001000110100001100
10011011101110100010011110010110
00000000011000000000010111100000
01101111100110010101100110101100
00000000001110111010111101000110
11000011000110110101111010001101
01101011001111000011000011101100
11100001111010101100101110111001
00000000001100101001100101000111
00100010100101101111110000101111
00000000011011001101001101111010
11101110010011000111010010110110
00000000000000000000000000000000
01110111001001001000110001011111
00000000001001110111001010010010
01011111100001010110010010111111
00000000010110010100011001011001
11111110100101100100001010100001
00000000011111010010110110110000
11001010001011110010100110110001
00000000010001011011000010011111
01101010011110110011011101010101
00000000011001010011000011011111
10110000111111001110011111010101
00000000001100010111100011010001
01011111100001010110010010111111
00000000000000000000000000000000
01101110010011000111010010110110
00000000000000000000000000000000
01100101000100011110110110100010
00000000001110010111100011010110
10011011011011011010010101011000
00000000010011010100000100000011
01011010011000000100101000001101
00000000010000100110001010111100
11101111101000101111010000100010
00000000001010110000011100010111
10011011110111111110000110000111
00000000011010000101100111100000
11101000100101000110100101000101
00000000010100000100111100110001
01110001111111011111110010101000
11000111110011100101101101100110
10010100100001110010100011111110
00000000000000000000000000000000
11010101000111111010001010000001
00000000001111001011101000110001
00001001100001110100100101010010
00000000011011110011110000100011
00101001100011111000110100111110
00000000011000100010010001100011
11110111001111010000101010010110
00000000001100111111110111010100
01100100000001001100001011100011
00000000011011111110100100101111
00101001001110001100111000101001
00000000000010100001000101111001
01000100111111100010101000001001
00000000010100001011001101011001
01000011000100011001110110100000
00000000011011101000011111011011
11001110001111111011001010101011
00000000001001100111011000100010
10101100111011000110001110011100
01111100000001001000110100001100
00001010000100000100100111000110
00000000000110011110100001111110
01011010011000000100101000001101
11101110101110011110000001000110
10011000011100011001111110101100
00000000010111011100001000101001
01111100000001001000110100001100
00000000001010001110110001101001
11011100010000110000011001110010
00011111110011111111010000101011
00110001111001001000001001110010
00000000000010111010100001001110
00000000000110110110101000110111
00000000001100111100011100001110
00110111001011000110001000110001
00000000010001111011100011100010
01011111100001010110010010111111
00000000010100100001000000100001
11111100000001001000110100001100
00000000001010110011101101101111
11100101001001110100011000111101
10010100100001110010100011111110
10000000100110011100000001010011
00000000010000110010101010110111
10100110000101011001000110100010
00000000010111001111101010111000
01000011100101001110101110110110
00000000011011000111101001010100
11000111110011100101101101100110
00000000011100011010101010101111
10111001101010110010100001011001
00000000000000000000000000000000
01011000010101101101110110110111
00000000011000001100001101000001
00000000000000000000000000000000
01011111100001010110010010111111
11100011110011000001110111000100
00000000011111110110110101011000
01100110001000011011111100111100
01111101000001001000110100001100
10110011101010000001111010000000
00000000001110000010010001000010
10000000011000111100101101100110
00000000000110001111000101111110
01111100000001001000110100001100
00000000001000110111010110110101
11000001011100101001010110110111
11001001010001011011100000111010
00000000000000000000000000000000
00000000011001001001011000001011
00111110110000101100100001011101
00000000000010110100110110011111
10000010101111010011101100011111
00000000001100011110010110001110
01100000001000101100111111100000
00000000010001101010111011100001
11010000011110011111101010001011
00000000011010001110110110001110
01101001010100100110001011011001
00000000000111010010000000001000
10101000101101111111101010001010
00000000011000000010000101000111
11111110000011000110100001011101
00000000001110001100100010011011
00011101110000100111010100100101
00000000000000000000000000000000
10110101111000101111010011011010
00000000001100011110100000101101
11100000100010000000011010000110
00000000001101000111101001101000
10001000010000111110100010001010
00000000011011101111111010011000
10010101001100110100011000100011
00000000011111010011101001111010
00000000001100111111110111010100
00010111100110111110110100000101
00101001010010010110100010000011
00000000001011000010111010000110
00001100101101010011101001111011
00000000001101001010011001101011
11100000010101111001000011101101
01111100000001001000110100001100
10000110010101100101111011000001
00000000001000101110111111010000
11000100101000111010010001111110
00000000000000110110000001101001
10100101010001001111100101011101
01111100100001001000110100001100
00000111001010011110010110001110
00000000010011011101011111011010
10010101011101010110111000110100
00000000010000011110011000100101
10101000111101001110110000000001
00000000001111010101000110100111
11010101000111111010001010000001
00000000001000001001111101001100
11010010011000111110111110110101
00000000001110010010100100010011
00001100000001101010111101010001
00000000000001110011010100101101
10110111101010011010010001111101
00000000011110001011000101001010
11010010111111001010101001101000
11001001010001011011100000111010
00000000000000000000000000000000
00000000010111110001000101001001
00000000000000000000000000000000
00000000000010101100011111101101
00010101111110110110001101001011
00000000010111100001101110001010
11101000001100110100101110110000
00000000011001010100100110010001
11011100010101110101010100011100
01111100000001001000110100001100
01011010100010100010110000101001
00000000001011011111101111011100
00100000101011100101011100101101
00000000010010001011101001010101
11100100000001001100001011100011
00000000001011000010011001011101
01101010010000111111011100110100
10000000010010111000010111101001
11111010011011000101011101111000
10000000000000001000000001001011
10101011110001110100110111101000
00000000000101111000101110001000
01011010011000000100101000001101
11111100000001001000110100001100
01001110111011011100111000101000
00000000000111000100010110111001
01100100000001001100001011100011
00000000001001001110100110011011
00100000001010001011110000101110
01011111100001010110010010111111
10011010010100001111111001011000
00000000010000111111000011000010
01010101011011001000010001111000
00000000011011011111000000101010
11000101110001011110001001000001
00000000010110101010111011101100
01111110101101000100000011111010
00000000010111011010010011111011
01011001000101010001010101101111
00000000010001101011010111111011
10100100000111000110000001101000
00000000011101110100000010000110
01111100000001001000110100001100
00000000001000001100000110001011
11001100011011001110101000100101
00000000010111110100110110011000
01101010110101101010011111000001
00000000000000100110111001010100
01001101001001000000111000110110
00000000011111110100110010101001
10101110010111001011100100010001
00000000000010101011001010111110
01111000111000101101101010101111
00000000001101110010000100011100
01001101100001100001100111110011
00000000001000100100010111111101
00000101111010000111000101000100
00000000011101001010100100101101
00011111110011111111010000101011
01111100000001001000110100001100
11100010100111101001001100000010
00000000000000011110100110111000
01111100000001001000110100001100
00000000001101100110001001001111
01111101010011111111010011011100
00000000001000100100010111111101
01111100110001110010010010110101
00000000010111110011111101011011
11000001010101010110011111100111
00000000010000111010101001100111
11000110111001110100010110011011
00000000001001000011100101011001
01111100100001001000110100001100
00000000010111110010001111100100
00000001001000110011001011011010
00000000000100001100000110100110
10011000110101001010110100000110
00000000011111111011100101111001
10100010011101100011000101011101
00000000010101111100110000010010
00101110000011011101101001111001
00000000011111011001101111111101
01100001101000110001100111011100
00000000011100000001111011001011
11101111010111011010101100100010
00000000001000111010110011011111
11101001110011010111001110001011
00000000010001111100000011010000
10010110111011100110001001010011
00000000000000101001010000001111
11111111010100110000010101011011
00000000010000101001010011000101
10010101011111000101100111010011
00000000001110000010011110111001
00010001111001101011101100111100
00000000001111001111010100011111
01011011001000010111011101010111
00000000001001000101010111101100
10111111011000010111111111001100
00000000011001100011100110101111
01011111101000100000111101011110
00000000000001011100001111010110
00000000000000000000000000000000
00000000010011000100111100111000
11111001111110111111101010110010
00000000001001011101101110110111
11101001110011010111001110001011
00000000010000010100001111101111
10010111011001010001100010011100
00000000011010101100100100100101
11001001010001011011100000111010
00000000000000000000000000000000
11101000001100110100101110110000
00000000000000000000000000000000
00100101011011001000010001111111
00000000011111101110010101010001
11011000100100001011011111111110
00000000000101011011101000011011
11011111011110111000010010100001
00000000001000100100010111111101
01101011001111000011000011101100
00000001011010011001110001000110
01010001110110001011011110001100
00000000010111000111111101000110
00111001111000011110011100111000
00000000000110111100100011001000
11101001111000111110110110011001
00000000010100101011101100010110
10101010001000100111001101000001
00000000000101110101010010010011
01011100011001011000111011110011
00000000011010100011101011111011
00011000011110111011000110101010
00000000000001110101110111010000
11101001111000111110110110011001
01000011000100011001110110100000
10000101110111100101101111010010
00000000000000000000000000000000
11101111011011001111001110000000
00000000000101100000100111011101
01011000111111101001100001001111
00000000000011101100000001000110
01100111101110010100111110100000
01001110111011011100111000101000
11100011100001001010010010011111
00000000011011110001000000110101
11011001100001010011010001001111
11001001010001011011100000111010
00001110101101001011110001011110
00000000000110110101110000001101
11010101100101010010100001110010
00000000010001001110010011011100
01100100101111011101011100001100
00000000011011011010101110000000
10111011100101001011001100100010
00000000011111101100001001010101
11101001110011010111001110001011
00000000001000010110010111011010
01001000110000101100110011000011
00000000001100000011000011011101
10100010110000110111001001100001
00000000010000100110101110011101
10110010100110011011110000101000
00000000001101000111010110000110
10011000101011111000001100101001
00000000001011101001100101101111
11010101110011111010110000011010
00000000010101000000010010010011
11110001101110000101111111101000
00000000011001111011101110010010
01100101001010011101011001110000
00000000000110110010010110100101
10110001001100101011000111101111
00000000011010000111000101010110
11111001001110110000000011000000
