01111111110000000000000000010011
01111111110000000000000000010011
01111111110000000000000000010011
10010101100100000010100000100111
00000000110011000101010010110011
01000001001101001000011100110011
00000001101110000010000110110011
00000001010011001010101010110011
10101101010000000010111110000111
00100100000000000000001000010011
00000001100111001010110000110011
00000001111110010010110100110011
01000000000101100000000110110011
00000000110001111000000111010011
10100000100111010001000011010011
00001000101011101000011101010011
00000001011000100000011001010011
00000000010010010001110100110011
01000001000001000000000010110011
00000000110101010000011101010011
00000001110010000000011000110011
11001011010000000000001010010011
10001110100000000010000100000011
11001001000000000010010110000011
10011000100000000000000110010011
11010000100100000010000000100011
00000000010100000010001100110011
00100010010000000010011000100111
11001100110000000010000010000111
00000000000101011001000110110011
00000000101000111010001010110011
00000000001100110000000111010011
11001011011000000010001000100111
00000001011100011010000110110011
11011000011000000010110000100111
10100000001001101001000101010011
11100000000011011000100111010011
00010011100000000010110110000011
10011011011100000010000000100011
00000000100111110101101110110011
00000000111001111000010010110011
10010000100100000010110000100111
10100000000010011001101001010011
01000000100010000000101010110011
10011010000000000010001010000011
00000001001011011101101000110011
10100001111000100001110011010011
00000001110110001000000101010011
11100000000000101000101111010011
00000001100010100000101111010011
00001000101110100000101011010011
00000001101110110010111010110011
10100000111110001001010001010011
10100000001010011001000111010011
00001000001101100000101101010011
00000001110111100010011010110011
01000000010001111000110000110011
00101111110100000010011000100011
11100000000011100000010011010011
00001000110111110000011111010011
11100000000010011000001101010011
00000001110101010000011100110011
10100001000001111001101011010011
00000001011000101101100110110011
11100000000000001000111101010011
00100001000000000010011010000011
11011000000100000010111000100011
00000000111011001001111110110011
00000001111001110000010110110011
00000001011101101000000010110011
00000000011010000000011100110011
00000001100000111000101111010011
01001010111000000010101000100111
10000100100000000000111110010011
11100000000001101000001011010011
00000001111000110001100100110011
10100001110101101001100011010011
00000000000000000000101100010011
10100000111010000001100101010011
01000000101001000000001100110011
01000000001111000000101010110011
00101101010000000010110110000011
00000000001001111001101100110011
11011010010000000010010100000011
00000000011000010000010101010011
01000001001010000000111100110011
11101111000000000000110000010011
01000001000010101000111100110011
01000001111011101000100100110011
01110100000000000010011110000111
00001000011000101000110011010011
00000000110100100001111100110011
00000000101010001000111011010011
00000000111111000000100111010011
11011100011100000010110000100011
10000111011100000010111000100011
01000001100011110000100110110011
00000000000010010101000110110011
00000001001000110001011000110011
00000000011011010101101110110011
11000000010000000010111000000011
00000000100010001010110100110011
00000001110100101001000110110011
00001111000000000010110010000111
11100000000001010000111101010011
00000001110100101010001110110011
11100000000001011000010101010011
10100000110001111001101111010011
00000001011010001010111010110011
01110111101000000010111000100011
00001000100011011000011111010011
00111101001000000010101000100011
00001001000001111000101001010011
11101001000000000010000000100011
00000001110110110101111110110011
10100000011010011001111001010011
11100000000000010000111001010011
00000001111000101000110110110011
11111100011100000010100000100011
10100000100100001001000011010011
10100000111010101001100011010011
00000001001100100001011000110011
10100000000111011001110111010011
11010101010000000010010000100011
01010010100000000010010000100011
00001000010010101000101111010011
00001100010000000010010000000011
00101100000000000010010000100011
10011011111000000010000000100011
00000001000000000101000100110011
00001000110110110000101111010011
00000001100100100010111000110011
00000001111010110101100100110011
00000000110010111001110000110011
11100000000000001000100101010011
00000001010001110001001010110011
00000001000100110101010000110011
00000001001110110000001111010011
00001000001110010000110011010011
00000001100001101101110000110011
01000001111001000000110100110011
01100111100000000010101100000011
11110110000000000010110110000111
00000001001100010000011011010011
10011011010000000010101100000011
01100111100000000000110110010011
00000001101101001000101000110011
00000000100101010000000100110011
01000101000100000010110000100111
00000000111101010010011110110011
01100010010000000000111000010011
00001001110101000000100001010011
00000000011000001101110000110011
00000000101001101010111110110011
10100000100001001001110001010011
01001000000000000010111010000111
00000001001011010101111100110011
00000001000111100010111010110011
00000001100111101000011010110011
00000000100100101000110010110011
01111111010000000010110000100111
00000001100011111000111101010011
00000001001010011101101000110011
00000001110001011001100100110011
11100000000001001000001011010011
10100000001110011001001101010011
00010111110000000010110000100111
01000001000111100000010100110011
00000000000000101001100100110011
01000001011111110000100110110011
00000000110011100101100010110011
10110110010000000000110110010011
00000000011110111101111000110011
10100000100001001001100001010011
00001001110001001000111111010011
00000001010110101001100100110011
00000001100000000010100000110011
00000000001111010000100010110011
11111110110000000010110100000011
01110100110000000010111010000011
00000000100001100010011010110011
01010011010000000000111000010011
01001110000000000000110110010011
01000001100110110000111100110011
11010110100000000010100110000111
00001000101000100000110011010011
00000001111110101001000110110011
10100000100011010001011011010011
10010010010000000010000010000011
11100000000010011000010001010011
00000000110001100000011001010011
11011010100100000010011000100011
11100000000001010000111011010011
00000000010110010001011100110011
11010101100100000010110000100011
10100000111011000001100101010011
11010101010100000010100000100111
10101101110000000000101110010011
11111010010000000010001010000011
00000001110000110000001111010011
00001000011111010000101101010011
11100000000011011000000111010011
00000001111001110001010100110011
01000001101100111000111010110011
00000001110110100101110010110011
00000001110011100000010001010011
00000001110010111000111111010011
00000001101101001010001110110011
00001000101110000000100001010011
11100000000000100000111001010011
00001011101000000010101000100111
10100000110111100001011011010011
10100001101011000001110001010011
00001000110100001000011001010011
11111010110000000010110000000011
10100000000101011001001011010011
11100000000000000000000111010011
00000001001001101001110010110011
00000000111001110010101110110011
11100000000010011000111101010011
00001000001001000000010001010011
11001101010100000010000000100011
00101100100000000010011100000111
01001101110000000010010010000111
01000000000100111000001000110011
00001001001100101000011111010011
00000001011011011000110100110011
11100000000001010000110101010011
00000001001110100101100010110011
00000000010111101010101110110011
01111011100000000010011110000011
11000100001000000010101000100111
11100000000010001000101001010011
01000000011100100000011110110011
00000000001101000000010111010011
00001000001100011000010001010011
00000001010000100000110010110011
10011011001100000010100000100111
11100000000000011000110101010011
11000111010000000010000010000011
00100111001100000010110000100011
00001001111001100000111111010011
00000001111100000000101010110011
10100001011111010001011101010011
00001001001010001000001101010011
11101111101000000010001000100111
10100100100000000010110110000011
01010111111100000010010000100011
00000001101110110000110001010011
00000000100110111001111100110011
11100000000000111000100101010011
11100000000010110000001101010011
00000001001100100000001001010011
11100000000011101000111001010011
00000001100001001010101010110011
00101100100000000010110100000111
00000000111110001001000010110011
00001000000100011000000101010011
00000001101101010001011010110011
11100000000000111000111001010011
10010001000000000000100100010011
00000001101001000000100001010011
10100111110000000010101000100011
00000000101111000010111100110011
10111010001000000010001000100011
11100110111100000010010000100111
01110011010000000000111100010011
10100001001011110001100011010011
00000001111101000001011110110011
00111001101100000010011000100011
01101110000000000010100110000011
00001000001110001000000011010011
01010110110000000000110000010011
10100001010000000001010101010011
00110100000000000010110110000011
10001011101000000010000000100111
00001001101101111000001001010011
00000001110101001101001010110011
00000000110010011000101101010011
00101101100000000000010100010011
00000000010001010010111010110011
00000001100000000101001000110011
00000001111100011101011000110011
00001000000010001000101111010011
01110100011000000010000000100111
00010001101000000010110000100011
00000000000000100001101110110011
00000001011010101101001000110011
10011000100100000010110000100111
00000001011011010000111011010011
11100110000000000010011100000011
00000000101101010000100001010011
00000000000110111000001010110011
00000000101000011001000010110011
01000001000111110000110010110011
01000001010101011000001100110011
00000000011111010001010100110011
10100001010111100001011011010011
11000101010000000000111110010011
00010000100000000010101000000011
10100001000000000001101111010011
10010100000100000010100000100011
10100001010010001001010011010011
00001001101100101000110011010011
11100000000000111000100001010011
10010010010000000010110000000111
00000000011101000001100010110011
11001000110000000010100110000011
00000001111001101000100000110011
00100001100000000010000100000111
00000000100011011000111011010011
10111101000000000010100100000111
11001111111100000010001000100111
01000000010010110000001000110011
11000000010100000010100000100111
00000000111001101101001100110011
11100000000000001000101111010011
10101001101000000010101000100011
00000000001000101101110010110011
00100000101100000010100000100011
10100000000101110001011011010011
01011000110100000010000000100011
00101111011100000010111000100011
10101111000000000010101000100011
11000001001000000010011000100011
00000001111011111101110000110011
01001001101000000010101000100011
00101001000000000010101100000111
00010010000000000010110010000011
11001001110000000010011000000011
01000000111101100000010110110011
10100000001010111001100101010011
01000000011010111000011010110011
11110110000000000010010000000111
10000000100100000010111000100011
00000000110111111001101110110011
00000000111000111001111000110011
00000000001011100010110010110011
10001000010000000010101000100111
01000000101100000000110110110011
00000001100100010001101100110011
11100000000000101000001101010011
10100000101000111001100111010011
10100001001011010001011101010011
10101010010000000010000010000111
01100101111000000010110000100011
00000000110110000000001111010011
10010110110000000000011110010011
11100000000010101000101011010011
11011110110000000010001100000111
11100000000000001000101001010011
10101011010000000010001010000111
00000001010000110001100000110011
01111011000000000010101010000111
10001111000100000010001000100011
11101000010100000010111000100111
10101101110000000010011110000111
10101101100000000010001100000111
00000000100011000101011110110011
00000001011110010101100100110011
00000001010000011000110111010011
01011110100000000010011100000011
00000001111011000000101010110011
00000001011101000000011100110011
00000000111111010001111100110011
01000000111010111000100110110011
00000000001001101001000110110011
01000001000101011000110000110011
10100001000101000001010001010011
00000001010011100001111000110011
01100100010000000010101000000011
00010011100000000000100010010011
10100000110111100001101101010011
00000001110010101000101110110011
01101011100000000010101010000111
00000001011100100010010100110011
00000000011000011101111100110011
00000001110010011101011110110011
00000001110011100000111010110011
00000001010100101101010100110011
00000001111110011001001100110011
00010110010000000000111110010011
10100001111000010001001101010011
11000001110000000010110000100011
00000001011110001001100100110011
00000000100110101000010000110011
00101101000000000010101000000011
00000000111001011101110000110011
01000001010011100000010010110011
10001100010000000000000110010011
01101000110000000010011000000111
00000000011100100101111010110011
00000001111010111101110110110011
10100000011010010001010001010011
11111011011100000010001000100011
00000001101100100000001111010011
11110001110000000010111010000011
00100111100000000010100000100011
00000001010110000000000111010011
11010011100000000010111000000111
00000000000011110101010000110011
01001011110000000000011100010011
01000001111111001000100010110011
11010010000000000000101000010011
01001011000000000010110000100111
00000000011111010101000010110011
01000001110011111000011010110011
00000001111001110010101100110011
11111111101100000010011000100111
00001111000000000010111000000011
10100110101100000010101000100111
00000001010100011001010000110011
00000000010011011001101000110011
00001110011000000010001000100011
00000001111011000000100001010011
11000010010100000010100000100111
01100011101100000010101000100011
01000000110111101000110110110011
00000001000100100000111000110011
00000000101101100010111000110011
00000101110000000010001100000011
11101110110000000010110000000011
00000000000011110000010000110011
00000000010101111010111100110011
00001000110011011000111011010011
00000001011011110000100101010011
00000000100111101010111000110011
11001111011100000010110000100011
00000001100110001010110010110011
11100011110000000010010110000111
00000000110101001101011110110011
00001001110101101000001011010011
01100101100000000010110100000011
00101100000000000010101100000011
00000001011111001101010000110011
01000000100010100000101100110011
01000001011110011000011000110011
10001011010000000010000010000011
11100001100000000010000000100111
00000001001011100000011000110011
10100000111011011001101001010011
00000000000000100000110100110011
10001111101100000010000000100111
00000001100101011000101111010011
00000001101000101000100101010011
00000000011001000010001110110011
01110100100000000000011100010011
00000001101110111000101101010011
11111000001000000010000000100111
00000001101101001101000100110011
00000000101010001001010000110011
11100111000000000010011100000011
00000001100010000000011111010011
00000000110011000000101000110011
00110101100000000010111100000111
00000110000000000000011010010011
10011100101000000010001000100111
00101100010000000000011010010011
00000000110000101010100000110011
00000000100110000001001110110011
00000001100110110000111110110011
11101101010000000010011000100111
00000001101100111001001000110011
01101110110000000010010000100011
00001011110000000000011100010011
10100001111010111001001001010011
10100001110101000001010001010011
10111110110000000000101000010011
00000001001111001101111110110011
00001110111100000010100000100011
00001000101001100000010111010011
00000001011101110000110111010011
00010110001000000010001000100111
01010010010000000010101000000011
01111101010000000010110110000011
11100001000000000000101100010011
10000101110000000010010000000111
00001001101011100000110101010011
10100001100011110001001111010011
00000001000011100001111010110011
00000001100011010101111110110011
10010110000100000010001000100011
00000000010011100000101111010011
10100001010110101001001011010011
00000000001001010010100010110011
00000001000100101000101001010011
00001000101110101000011011010011
00101100100000000000011000010011
00001001110011010000000011010011
10001110000000000000100100010011
11010001010000000000010000010011
00001000000110010000010101010011
00000001011100111101110000110011
00001001111101001000000101010011
00000001010010001010001100110011
00000000110101010010100110110011
10100001110110010001001011010011
10110110100000000010100110000111
00001000101011010000100111010011
11001110100000000010110100000011
10100001000000010001010111010011
10111000010000000010010110000011
00001000101100010000001101010011
00000001000100011000010000110011
00000000110110000001001110110011
00000111110000000010111000100011
01000001110010110000000110110011
00000000001110110010001100110011
00000000000110010010001100110011
10100001010000110001001111010011
00000000101010110101000010110011
00001001011111110000110011010011
00001001000101110000110001010011
01000110101000000010111000100011
00010110110000000010000110000011
00000001010000010000001000110011
00000000010001001010100000110011
01000001010011011000100100110011
01000100100000000010100000000011
01001100000000000010010000000011
11100001000000000010001010000011
10100000001000000001111001010011
00000000110010001000111111010011
10100000001100111001100011010011
10100001111000111001100011010011
11100000000000100000010011010011
00000001111101011010000110110011
01000101101100000010000000100011
00000001100101010001001100110011
01000010001100000010011000100011
00000001000010100001110000110011
10001001000100000010100000100011
11111100100000000010111110000011
11100000000001100000011011010011
01001110110000000000000110010011
01100110100000000010111010000011
00000001100101011101100110110011
00000001101111110000011101010011
00000001101001010000000010110011
00000001111111110000001011010011
00101100011100000010010000100111
00000000100100000010101100110011
10001011111000000010101000100011
10111010111000000010011000100011
00000000100001011010101110110011
00000000100101011010101110110011
00000000110001000001001010110011
00000000000101100010111110110011
00000001001101101000001001010011
10110101010000000010101010000011
00000001100010000000010111010011
10011001010000000010001110000111
11010110000000000000000110010011
00001001111010110000011101010011
10100000101100011001000111010011
11100000000001101000001011010011
10111000011000000010000000100111
00000000001000110101010010110011
01000001000000000010011100000111
00000000100101110001011110110011
00000000110010001001111010110011
10111100100000000000000100010011
00001000101110110000000011010011
10100000101011001001010101010011
00000000011010101001001010110011
11100000000011100000110111010011
00000000010001101000011001010011
11100000000011011000100111010011
00000000001011000001011110110011
01000000101110011000110000110011
00000101111000000010000000100011
00111010010000000010100010000011
11100000000001000000100001010011
00011111100000000000111000010011
00000001000000001001001010110011
00010000000000000010001100000011
00100011101100000010011000100111
01111111001000000010100000100011
00001000110110001000010001010011
01000001010000000000110010110011
01100011001000000010100000100111
10100000110001100001000111010011
00000000000010001101000100110011
00000001100111011000110010110011
00010001000100000010000000100111
00000000100010111001100100110011
01000000001010011000001000110011
00001001101100111000010101010011
00101110110000000000011110010011
00000000111010111000011011010011
11111000011000000010010000100111
11001110111000000010000000100011
00000000100011010001111110110011
00001001010000011000001111010011
10100000000101110001000101010011
00000001001000101101110010110011
00000001001100001010101010110011
00000000110001110000001010110011
00100100110000000000001110010011
01000000111000000010110000100111
11111010000000000010111010000111
10100000111110100001111101010011
00000000010000111000100000110011
10100000000101110001100101010011
00001000110101010000000101010011
00000000101011111010001100110011
00001011000000000010111110000111
00001010000000000010110000100011
01110100010000000000000010010011
01000000011100111000111010110011
01000001001010010000100110110011
01000001010001100000111000110011
00001000001110011000101001010011
00000000001101010101101000110011
01101110100000000010100010000011
00000000011001000000010000110011
01000000111011110000111110110011
00001000101111111000001001010011
00000001010101101000011001010011
10100000111000100001011101010011
10100001001110010001111011010011
00001011011000000010111000100011
00000000101011001000100000110011
00111101101100000010010000100111
00000001011000110001101110110011
00001001011000011000000111010011
00000000110100101001000110110011
01000000111010111000001110110011
11100000000011100000001101010011
00000001011010101101010000110011
00000001011011000001101110110011
01000000001001100000101110110011
00000000101010101000100111010011
00000001000110000101111100110011
00010011010000000000011000010011
11100000000000011000001001010011
00000000011010100101110010110011
01111011000000000010010000100111
00001000011011101000111011010011
00000000011101101001110010110011
10100001101110110001010111010011
01000001010000000000100010010011
00110100101100000010101000100111
00000000001011100101100110110011
10011010110000000010111100000111
01000000100010101000110000110011
00000001111010110000000101010011
10100000010100111001011011010011
10000111100000000000110000010011
10100000001011000001111101010011
00000001101010001101111000110011
11000000100000000010101010000111
00000001010010000000010011010011
00000001011111000010100110110011
01000000111111111000010000110011
11001111000000000000011100010011
10111011110000000000100010010011
01011101010000000010001110000111
00000001001111010010111010110011
01000000011000010000101000110011
11101000110000000010100100000011
00000001110011010101101100110011
00001001000001000000001011010011
01000000000001101000010110110011
01000000100100010000011100110011
10100001000100111001110111010011
11100000000001111000101101010011
00001000100001100000011011010011
00100001000000000010100010000011
11111010011100000010011000100011
11100010110000000010010110000111
00000001100100110000000010110011
11011100100000000010010000000011
00000001011000011000011001010011
10100001011100011001011011010011
00000001100011111001011000110011
10100001011011100001101101010011
11011011111000000010111000100011
11100000101100000010000000100111
11111111110000000010100100000011
00100000000000000010110000100011
11100000000010111000101001010011
01000101111000000010010000100011
11100000000001111000011001010011
00000000110110110001101000110011
11011111100000000010001010000111
00011101111100000010101000100111
00000000110011000000000010110011
00000001101000100101111010110011
01000000111011101000011010110011
01000000010001010000001000110011
01000000100000000010110000000111
01010011100000000010111100000111
00110110010000000010000100000111
00111101000000000000011100010011
01001001010000000000001000010011
10100001111110100001011101010011
10100010001100000010101000100011
00111000101100000010111000100011
00001000100011100000001111010011
11100000000011001000111011010011
00000001101100101010111010110011
10100000100011000001101101010011
00000000100110010000101101010011
00100001010000000010010010000011
00000000000001110001000010110011
11111100101100000010101000100011
01000000110010101000111000110011
11101011110000000010101000100111
01101101100000000010011010000111
10100000111000001001100011010011
10100000101000000001010111010011
01010111100000000010100000000111
11100000000010011000110101010011
00000001000100101001101010110011
11100000000001011000010101010011
00000000101100110001111010110011
00001001001110000000010111010011
11100000000010111000110111010011
10100001010001000001110011010011
11100000000001010000010011010011
10100000011000111001010011010011
10100000010110001001010011010011
00001110010000000000010110010011
10100000010010111001011101010011
10100001000101011001101111010011
11100000000000001000100101010011
00001000111111100000011111010011
10011110101000000010100000100111
01000000010110100000111010110011
11110111100000000010000110000111
01000100110000000000010110010011
11001000000000000000010110010011
10101100010000000010100100000111
01011110010000000000100110010011
01011001110000000010101000100011
01010001110000000010110010000011
11100000000001010000111111010011
01110111101000000010110000100011
10100001111101101001100111010011
10001101000100000010110000100011
00000001011101110000111010110011
00000001000011010001010100110011
01101010100000000010100000000011
00000001011110101000011110110011
10100000100101000001111101010011
10010111010000000010001000000111
00000000101011011010100010110011
01001110010000000000001100010011
00000001000110010101101000110011
10100000011110101001011001010011
10100001000101100001010001010011
11001001010000000010001000000111
00000001010001010010111000110011
10100000110110000001000101010011
01000001100111100000111100110011
10100001100001110001011101010011
01101111110000000010001110000011
00000000111111111000110111010011
00000000010000110010110000110011
00000000000110000101010000110011
10101001110000000010111110000111
10010100100000000000101110010011
00001000110011101000100011010011
10100000100000000010110000000111
00001000101011011000010001010011
11100000000010011000010101010011
01000000101111011000111100110011
10001110110000000010110010000111
00000001011101111010110110110011
00000001111101111101010100110011
11011110010000000010110100000011
10100001110110101001011001010011
00000000001111000101000100110011
00000000110111001101010110110011
10100000011010111001111111010011
11001110000000000010111110000011
00000000011101111001111110110011
00000001111110100000010001010011
10100110000000000010100000100111
11100000000000110000101001010011
10001110111000000010001000100011
10100000111101100001011011010011
00000000010111001000000100110011
01000000101001011000110010110011
11100000000011000000000101010011
00000000111000100010101110110011
10100110100000000000111000010011
11011111110000000010111110000011
10111110000000000010001010000111
01000110010000000010000010000111
11010001010000000010111110000111
01000001001111111000001100110011
00000001111011011001011010110011
11100000000000100000000011010011
11100001010000000010010110000111
00000000000100010001011100110011
01100001111100000010011000100111
00001000001000000000000111010011
00000011011000000010001000100111
11000001000000000010100010000011
11100000000010000000011111010011
00001000110110001000011111010011
01100101001000000010011000100111
11100000000011001000010111010011
00001000001001100000001001010011
01000110000000000010110000100011
10100001011001010001110111010011
00000000101011000010010100110011
01101101100000000010000000100011
00000001010010000001111010110011
00000110010000000010010000000111
00000001010011100001000100110011
00001000100100110000011011010011
00000000110101100000100111010011
00001000100001000000110101010011
00000000001000100010010010110011
00000001110100100000110110110011
10100000101101100001111101010011
10100001110101101001011101010011
00000000001100101101101010110011
00000000000100001010101110110011
01000000100111001000010100110011
00000000110010100001111000110011
00000001111010100101101000110011
00000000010111101010101000110011
00000010010000000010111110000011
01000001101100100000110110110011
10100001110100000010100000100011
11000010000000000010100000000011
00001000010110010000011111010011
00000000000001111000110100110011
00000000010101100000100100110011
00011100010000000010111110000111
00001001110010111000010111010011
00001110000000000010100100000111
00000000110101001000100100110011
00001001110111111000001001010011
10100000100000000000100110010011
00101000010000000010111110000111
10001010100000000010010100000011
00000001001100000000110111010011
01000001101001011000101000110011
01010100100000000000010100010011
11100000000001010000000101010011
10101100100000000000011100010011
00001110100000000000000010010011
01000000010000010000101000110011
00000001010111010010111010110011
00001100110000000010100110000011
00000001010110011101001100110011
10011001000000000010100000100011
01000000100111101000010000110011
10001100010000000010100000000111
10100110100100000010001000100111
10010010110000000000011000010011
01000011010000000010100110000111
10100010110000000000111010010011
00000000011001000000111101010011
00000001010111110010111100110011
11001011100000000010011000100011
00000000000111011101011000110011
00001001010010001000110011010011
00001000011001010000000111010011
10100000011111100001110101010011
00001000001010001000011111010011
00000000111110101001001100110011
00000000011011010000111110110011
01001010010000000010111100000011
01000000110100100000111110110011
00001000100101000000010001010011
10110001110000000010101110000111
00000000001010111010010010110011
00000001100001100000000110110011
11011101110000000010011010000011
11100000000011010000111111010011
11100000000010100000101001010011
01101101110000000010111110000011
11101000010000000010100000100111
11010110010000000010110100000011
11110111000000000010000110000011
01000000100100110000000010110011
01111100100000000010011000000111
00000001100000111000000101010011
10101111100000000010000000100111
01101110000000000010111110000011
01000000111011011000100010110011
00000001110000111101010010110011
00001001110010001000010001010011
10100000100011010001100101010011
00000000101011001001001110110011
00000001110010000000111000110011
00011110010000000010101000000111
10100000100001010001001001010011
01010010000000000010111110000111
11111001100000000010100010000111
11011101010000000010101000000011
00001000000010010000001101010011
01101000000000000010101000000011
00001111010000000010101100000011
00000001101011111000001001010011
11100000000010111000110111010011
01000001011110110000000100110011
00000001001110100001110010110011
00000000101000110001000010110011
01111110010000000000100010010011
11100000000000011000100101010011
01000000110010110000001010110011
01101001010000000010101010000111
00011010101000000010110000100011
00000000110001000101110000110011
10100000111100001001011101010011
10100000101100000001011111010011
01000001110101101000000010110011
01010110010000000010000100000011
00000000001101011000100110110011
00000001111111100000100101010011
01000001010111110000100010110011
11100000000010100000001001010011
00000001100100110000001110110011
00001000000100110000001111010011
01000001000000000000001110110011
00000001011010010000001000110011
00001000010011100000010011010011
01000000100110000000001110110011
01110011110000000010010000000011
00011100110000000000100110010011
00000001000111111000010101010011
00000001000100111101100010110011
00001001110011111000110011010011
01000001110000010000000010110011
00000000000001000000011011010011
00000000001011111001011110110011
00000000010001011000011010110011
00000000001011111000010001010011
01000001111100101000001010110011
00000001001101110101010010110011
00000000000010000000111101010011
11011111100000000010000010000111
11100000000001000000101101010011
11010100110000000010000100000111
00000000110010111101101010110011
00000000000011011000010100110011
00000001111011101000111110110011
00001001111100100000111011010011
01100110110000000000000100010011
10110011110000000010001110000011
11011111101000000010100000100011
00000000111101100001110110110011
10100100010000000010010000100011
10100001011101011001111011010011
00001001011001100000010011010011
11111111100000000010010100000011
10000011000000000010111110000011
01001000011000000010010000100111
00000001101110001010000110110011
00001001110110111000000111010011
01111000010000000000110100010011
00001110011100000010110000100011
11001111100000000010001000000011
01000000001101100000101000110011
00000000100110011000001010110011
00110100000000000000001110010011
00000000000010101001011110110011
10100001110110100001000111010011
00000001001110101000111101010011
00000000011001010000110010110011
11101100101100000010101000100111
00111100101000000010100000100111
00000000100011000000000100110011
10011000110000000010000110000011
00000001110111100001110110110011
11110110000000000010011000100111
00001000000100110000111011010011
00001000111101010000110111010011
00000001111001000000111001010011
10101100110000000000100000010011
00000000110100111000010010110011
00011011100100000010011000100111
00000000011110000000101101010011
01000110100000000010110100000111
00000000111111110101110110110011
00001001001111001000011001010011
10111001110000000010100000000111
10100001000000111001110001010011
10100001111000100001111001010011
00000001101010111010101000110011
01000001111110101000010000110011
00000000001011111000111111010011
00000001011001101001100010110011
00000000010111000101010110110011
00000000010100111101001110110011
00101000010000000010101010000111
00011001100000000000101110010011
10100100110000000010111000000011
10100000010111110001111101010011
11110011110000000010000000100011
00000001111111111001100110110011
01000000101011011000010010110011
00000001111001001001010110110011
00000001011001101101110010110011
00100110000100000010001000100111
01000000011111110000100000110011
11100000000010000000111011010011
11001110100000000000111000010011
01000011000000000000100100010011
00000000100100101000100110110011
00000001001000000010100000100111
10100000110111011001101011010011
00000000100010011001011100110011
00001000000000001000111011010011
10110000010000000000101010010011
10110101110100000010010000100011
00010100110100000010100000100111
00001011000000000010010000100111
00000001000101111010001100110011
00000000100111100000001101010011
00000001110011000000110011010011
00101111100000000010100010000011
00000101000000000010010100000111
10111101110000000010000000100111
11100000000010101000001101010011
01000000100010101000110100110011
00000000000000000000000001110011
00000000000001100001100101101110
00001011001010001010000100011001
00000000001000010101110011101100
11111111011001101000101100001101
00000000011000111010111110111000
11011001100001111011010111000010
00000000011111100110001011011111
10011110001011001111010110101011
00000000000010001011111010111110
10100001100010001111000010000110
00000000001010111110010100111111
00011011100111100100100101011110
00000000000111110010000111100111
11100100000001110110000000110000
00000000000010100001001010101001
01100101000000101101010010000000
00000000001100011010010111111111
00110100110110101100100101111100
00000000010001111011100101100001
10011000001001001011110111111000
00000000011110110101111000011001
01111001000000101010000101011101
00000000011101000001001101110110
11001101100001101101101111110001
00000000011110101111100001111110
01100001111101001100101110000011
00000000001101000101100001100000
10011000010011001001000101000101
00000000011101100111101100110100
01000101011111111000110001001001
00000000000001111010111001001111
10101011011000111110001001000110
00000000001101110110000011100111
11001110010110011101001011110010
00000000000110110000011101010101
01110111001100101001000110011001
00000000011101010100011011010100
01111110001000110100010110000111
00000000011001010000000010011110
00100000101100010010100100111110
00000000011000010001000100011010
01001101100010100111101010001110
00000000011101000001101100101011
10110010101110000101011000110100
00000000000011111111010001100000
01000110100111101000100010011111
00000000001101111010000101100001
11010001001101100000101111101101
00000000000000001000101111110010
00010101101110010111100001100110
00000000011000110110110110011011
10111011100111101010101011010001
00000000010010101110111000111011
01000011001111010010101111111011
00000000010110010001110101101101
10010010010110011100110010101111
00000000000011000000101000011110
01000110011101100110001111000001
00000000000000010110010010001011
00001001000010011001110101001000
00000000011101110000010000111000
00110100000101010101011100110100
00000000001001100001101110110101
10001101110010100111000000000100
00000000011100001010111100010010
01011100011000100001100000000110
00000000010001111111000110101111
00011010011011001011100001110000
00000000000110010100001110000011
01101101011000011101000100110010
00000000010110011101000011010000
00110111101000110111110000101110
00000000000100010100111110101111
01110100000000010110111000010110
00000000001101100101001101101100
01000011001110101001110000001111
00000000011101110111010111100110
01011111010010111101011110011001
00000000011101100011111011000001
00001101011100001000011110101111
00000000011101100111000000110101
00010110100100010110100011000110
00000000011110010011011001101010
01101111010110000100100001110100
00000000011100100110001101000000
11101110010111011111010101010100
00000000011100001101001100101110
01011000011010100010000000000000
00000000010111001011101111100100
11000101101001001111110101000110
00000000010101001000001001000001
10101001111101100111110110001011
00000000011010110110100000110010
10110001101001000000110000001101
00000000011110011011010100111001
01011111000100100000101101010000
00000000011110110000101111001011
00111001000000101010110000110100
00000000001001101000000010101011
10011000010000111101010111010101
00000000010111010101111101001101
00010001111111110000011011111011
00000000001001001110011100101101
10011000110111110011011011101101
00000000011101111011000011010001
01110100111111100111000001101011
00000000010011000101011000100100
00101010001000111010110100101110
00000000000111110101101000011000
00000000110001000000100101011001
00000000001100100111110100101010
01101001000010101111110100101000
00000000001000110011110010111011
10110010101111000010100000000101
00000000001010111010101111001111
00101101110111010100100100011011
00000000001100101000011000101111
01011111011001101100000011010010
00000000011100101101100001101111
10001110111011000111101111101110
00000000000111101111110110110000
10000110100101001010101100111000
00000000001110111001100100011011
00100101011001011001101010000000
00000000010010101011000010111110
11011111011111110110111001101011
00000000011110001001010000000010
10010101110001010101010000111111
00000000010010000011111100100111
01000010110000001001100101010011
00000000011000010001111110111101
00101110101010010001110111111110
00000000010110001001001001100011
01000001011100111011101101000110
00000000001010011000001110100001
11011110101011011001001001011000
00000000011001011000011011011000
11100001001010111111010000001011
00000000000000111010111001011000
11011010001011101101011111100101
00000000010011011100010110000101
00011100101110110111011100001011
00000000001000010000000100010101
01010101100110100001100101100101
00000000001001110110010101000110
10010100110100000100101101001101
00000000011100101101000001101111
01011110100010001001001010000010
00000000011010000100001001011010
11010000111011001100110100101001
00000000001111011011110001011111
00101101001010110011101010011111
00000000000011011111101111110011
01100110011010001110100011100111
00000000001011100111111101110000
01100010011101110101101111100000
00000000001101000101000000011000
10010100000001000110101111011010
00000000011110011100111001101110
10001110101111000000111011011000
00000000000010011000001000100001
00111110011110001000010010011001
00000000001111001101000100001111
01100110011011001110011111111110
00000000010000010101111001011010
11011111111110010000111100011011
00000000011011110010100001100011
10011101000111001101001010100111
00000000001100010011110010011100
11101101000111011000110111011100
00000000000011001110011110001111
00011110111100110110011111110100
00000000000100111000011001010010
00011101001010011100101101000111
00000000001111000111000110110010
10101100111111100001000101110111
00000000000010010111000100100101
01010010110010110111100110010111
00000000011111000110110010101110
11001111110001011000001001011111
00000000010111100000000000011111
11111110101000100110101111011001
00000000010101000100111010110110
11000010100110001110110101000001
00000000000011111001000111000001
10010101011100100110101100101101
00000000010100000001001000001101
10000111010111110110101011110111
00000000010001010101111110110100
01001100101001111100000111111000
00000000001111111111101000110110
10110101011011010100111110110010
00000000001011100101101110101011
01100011100101111100011101111011
00000000000100111111111001101011
11100110001100001110000010111101
00000000001111001111000000010000
00011110000111000010101010011000
00000000000001101111000110101110
10011001001110000111100110101011
00000000001010001010101110111011
10100011001101110111101101111100
00000000010001001110000111000111
11000101100001011100100110010111
00000000001100111010001010010001
00110110101011111111000111000001
00000000010111101101000111011001
00110111011100011100101110101100
00000000000101100010001101100011
11111111001111001111000111101100
00000000010001111110001011110010
11110101010111010110111111100010
00000000000100010010011100000000
10101110111101100100101001100011
00000000010010110010101011101100
01111100000010010100111001101101
00000000010011010101100000010000
00011111110001100101101001100101
00000000010101101101110100000110
00111010001111101000011001100101
00000000000000101101101101001011
11010110001101011111101001101010
00000000010010011001111100011011
01100000010011011000010110001001
00000000010110010000110111110111
00111010011110000010001111001010
00000000010010001100010000000110
01010101101100101001000001010000
00000000001101101001011100011100
11100111101101001100001011000100
00000000001001011000000100110110
01011101100101111101001011000010
00000000001010010101110111010010
11110101100101010000001100111110
00000000011010111001010111000001
11010001111101000000101011011111
00000000011001000010000000010001
00011110010101011110010101101100
00000000010111010100111111000101
00000100110011011110110000100110
00000000011100111100000000111000
01110010011100011011110101001010
00000000000111111100101010111001
11010111101010110110000100110110
00000000000011001101111111100011
00110011100010010100110111101100
00000000000111101010011001011101
11111011100011111101001100001001
00000000001111000000001100000010
10110100111011011100001001101110
00000000010010110111100110000011
10110101000000001100111111001100
00000000010011010000010011100110
11010101111011011100010100010001
00000000011010000111101000110001
11001010101110011010100111000011
00000000010101100011001100111100
10101000001010011101111110100010
00000000000001001000010111110000
01101000010001001110001101001100
00000000011101111011001001110000
01110110001000010101011100001000
00000000010000101000001010111101
10111000111111100100011010001110
00000000011000110111111000111100
01001010110000110011111101011011
00000000011000011111010110110010
00110011101110100010101000000110
00000000000010000101111111011010
01110101111011001011011001000001
00000000011001001011011001000001
01101010100100000100011000100000
00000000001000111100000001111000
10111111001101011111001101011101
00000000011010011011000101110111
11111001001001101111000100111101
00000000000000001101010001011100
00010111111001100011101110000100
00000000011111000000110001001010
01100111000110110000000111110111
00000000011110000011111010011100
11101111010101010011101010101000
00000000000101110111000111110010
00000110001011101101000010010001
00000000010001000011011111001111
00010101011101001011101011101000
00000000001101111010010101000111
10011101110010101010100110011111
00000000011001011001000010001001
11000010110011101010111000101011
00000000000010100110010111001110
10110001001001010011110000010011
00000000011000011010100010111010
00100010010010111100111100010001
00000000000010011010100111111100
01101000000101000001001000111111
00000000000010110110110100101011
10010101011100111101011100110100
00000000001001111101100001000100
00001111011101111111000011100010
00000000000101001010000101001001
01000001000100010001110110110000
00000000001111000100011111010100
01100111100100011010010011001011
00000000011001001001000110110011
00000101100010011011001100010000
00000000000010000110011100100000
10100110010110011010011101001111
00000000001010011001010010111100
00101000111011110100001111011000
00000000010110000000010110111100
01010100011111010110001110001111
00000000000110011101110010110000
01001110011010000101011101011100
00000000001011100100111000010101
01011101001111011101110110101010
00000000001111111110011010100001
00001011111010100010111011110101
00000000001110010110100010111101
00100100110110110010000111110111
00000000000001110000111000100100
11001110001111011001110000001100
00000000011100010010001100101100
11110111010101100110000001000111
00000000011111011101010101011010
01000111011001111011001010011001
00000000010001000011011001100001
10011011111011100000001100100011
00000000011111110011111010110011
11111001010101010001000010000111
00000000011100111100000110100110
10000110011001001010001001111011
00000000011011001010100000110000
10100011011011100001011100000000
00000000010001000001000111010101
01010101010011011101001111100101
00000000000111110011110101000101
00110000001110101100011110001100
00000000001010101011110001101110
00110001001000011100100100100011
00000000000110010110010111100111
10110010111001000011011000011110
00000000001011111110000100101111
10100010001100111010110110110110
00000000000111000100111101110111
11010101110101111001001011010011
00000000000001000101101010111111
11111001111111101001100001111001
00000000000000110010011010010010
11110111001111100110011110011011
00000000001101111111010101001101
01000000000101111010100011010100
00000000001001001011110111011010
11000101101110100010001010101001
00000000011010000110010001110001
01001000000110000001000111000110
00000000011100001001001001011101
01001010001000011011011101101001
00000000000010100101110100101010
00001010010000111000110001001001
00000000001011110010011111101011
11110111001000101110011011100111
00000000001100101110001100011010
10110100111011101010011111000011
00000000010111001010001100100100
11011100101111010110111011110011
00000000000101101101011001000101
11010101111101110011110100101100
00000000000100101110111000100101
01111011100011111001011100111001
00000000001001010100010000011111
10100101111111111000101001001111
00000000000110110100100011001110
10000000101101010011110100100010
00000000010011110111101100001110
00001001111100101110011011111110
00000000001001101100001001000001
00000001110010110011111001110010
00000000000011011110000000010011
01000101100110001100010011010011
00000000000011010001000010010001
11101011100111111111001110011111
00000000000110000001000010101110
11111110111010110000111001010010
00000000010010110100101101000101
00101000110001111000100111110011
00000000011110010001011000110010
01010011110011100011110001011001
00000000010100100010101110001111
01000111010010111100010100111111
00000000011110110110011110100000
11111111011110011111010010011111
00000000001110001000001100110100
10000100100100010110000001100110
00000000001011100010010110001101
01011001000101011000010000110010
00000000000010001100011111111111
11010001001001011010101100110111
00000000000100100100010110011111
00010111100110001101010100110000
00000000011111001100110110101011
10010000100001100000011000001101
00000000011001100010111110010001
00001101000110100111000000011111
00000000001010101011100101101011
01001001100110011111010011100000
00000000010010111000001101110000
11000000011010000111011000100001
00000000001011100001111111000001
00011111000110110010010000101100
00000000001111011100110110000111
00000111101001111011110010111001
00000000001011111100010001000101
01101010110100111001011100111010
00000000000111110001111010111110
10100010101000000101111010110001
00000000001000110101011010101000
01011110101001001010001011000110
00000000000110011001010001111110
01100011001001001000111011111010
00000000010100111000011010001001
00010110111000111101111000111110
00000000010000101011111110011110
11100110000001010110010100111001
00000000010111110010001011000110
00001111100111110000010011101010
00000000010001111101001111000110
00100100001101110001101000010011
00000000011110010010000110010100
01100011010111101100101101110110
00000000011101010000110000001010
01010010100110100011001011010001
00000000011111001110010100001001
00100000000101000011100011010111
00000000001000110011011001111011
10100110110010111011111100001110
00000000001011000010111100010001
11010000010110000110000111101110
00000000011100111000100101100100
10111100111011100010110100011000
00000000001011111010111100101111
01000011010010110111011111010101
00000000001010101101010011110010
11100011011011000011001111101010
00000000010011000001001100001100
01100111011010101001110111100011
00000000000111011111100011100001
00100011100000100101101011000110
00000000001010111010101110111011
10110000011000101111100101000001
00000000001011100100101010001100
11100110011110001010111011000011
00000000011000110010111111000000
11010111010000100001111111111011
00000000010110011011001101100101
10100101110000000110100100101100
00000000001001110101100001100010
00110001111001101000100011110101
00000000011111101110100111111001
00011101111111001111100111011000
00000000011101110000110010100110
00100010010010001101000101000110
00000000001010100011100001100101
00001100101000110110111001000010
00000000010101010010000101011111
01111111000000001001100010011011
00000000011011110110010010001011
11101011110100011101011010101011
00000000010001111101010001001111
01001100111000001011101010100010
00000000010001100010101101111100
10010000100110011110001111010101
00000000000001101101101110010100
10100100100001010000110001011001
00000000011011011000111010000010
10100000100010111000001100100011
00000000001101010111001010011110
01000100101010010111111110000010
00000000010111110000110011001100
10111010000010011000111101101110
00000000001001001110000111001110
01100011001011100001101010100101
00000000011100010100100001110011
11111011010011010001110011110110
00000000011110100100011001100001
10110100101110111011100100001101
00000000011100010110111101000001
10001011100000011010001110101100
00000000001110000110010000101001
01011000111111010100110100010010
00000000010000110110110000100001
11011010111100110101111010100110
00000000011100100110111011010011
01011100011111000110000001101000
00000000010010001011011001001110
11010000110110101110001100111101
00000000011100101001100010000010
11100010101100001101101110111100
00000000010110110100110111100010
11110000001111011101111110101000
00000000011101111100110100100001
00101011100100111010111000010010
00000000000101000100110101000011
10111010101001010111010111000011
00000000010100111110111011100011
01001010100110011100011111110001
00000000010100010110010011010011
01101111010011001000101111001001
00000000011001000011101110010000
11110111001011111111010010111001
00000000001010111011010100011111
01010010000100001011001000011101
00000000001101000110010010000011
11000000100010111010000010101001
00000000010011001100100001000011
00010111000100110110001100100011
00000000011100011111111100011110
01100110001010100010101101101001
00000000011111001100110101000110
11001010000111111110111100011010
00000000010000101111110011000101
00011000011011111110011010010010
00000000000100101011110010011110
10100100101100001010100011100101
00000000001010100001100110010010
00111110011110001010001111001101
00000000011101011001010101001110
10011010101110000100011011100110
00000000010000000100011111101111
00111101111011001001101100100011
00000000010100000100110011000001
10100000010000100010001111010001
00000000001000001111111101010111
00101001110011110110000000100000
00000000000001011100100011100111
11111000101000000110010001110110
00000000011010111101001101100000
00000001011011011101110110001010
00000000001001001100001001110110
00011101000111011101100110110110
00000000000000101110010110000010
11001010100001100110100010011001
00000000000111011110101011001000
00000011100110111110011011111000
00000000000010000011111011111001
00010011010100001110000111101000
00000000000111000110011111101011
11010111000101011010110111100110
00000000011011011100110110101000
01010110000011000000001001000000
00000000000101111000101010100110
11100111111000001101011000111111
00000000010100110111011010000000
11101001110111100110001001101101
00000000010110111111000111000101
10111011110110110110111011111010
00000000001110111011110011101010
00001101110100011101100011111011
00000000000001001001001000010101
10000000111100011111011101100110
00000000000010000001000010110011
11111101111011110101000011100000
00000000011011100101001010110111
01111100001010000001111101100101
00000000001000101111100111010111
10101100010011001101100001101000
00000000010111010011001001100111
10000110001001111010100011000001
00000000000011000011011001011000
10011101101000100101011111011101
00000000011011111001010100111111
10001110110010011100001111000010
00000000010010000100101001000110
01010101101110110001111000110010
00000000011000100100111011000011
00011001011100101001001110100101
00000000001111001000001010101010
01000000011101101111010001000101
00000000000100111001000101001010
11010101011010001001001000100111
00000000000110110001010011001101
11100000001100111000101001100000
00000000010111010010011010001000
10001110011100111001101010010001
00000000011100111101101101011101
10100011110110100101110011000110
00000000000001101011100110110010
11100010000001001101100111010011
00000000001111000010100011111000
11011010010010010000010100100110
00000000011001100100001111100100
01001011010001101111100111110100
00000000011111000110111111010111
10101110000100010011010101111011
00000000000001010001001011000000
01101010110111010000000111101100
00000000011011011111000100101000
11111110110110100000101010011010
00000000011101111111110101000111
00000101100110101100110000101000
00000000001000110000011100111111
10101101111011011110101101101001
00000000001010101001111101111101
00101111011001110011001011001001
00000000010101001010010110011000
01011011000111110111100100000000
00000000011110110101100100101101
11100011111100010011000011010111
00000000000110101010000010000100
11000111010011111000001101111000
00000000000000111100111100111111
00010111101000111000010011011011
00000000011011001110111111100100
00111001011101111010010111011000
00000000010111101111011000100111
01011000101001001011110100001100
00000000001000010111011110001000
01000110001001100001001101011111
00000000010011100001111111010010
11110010100100000100011011111101
00000000010001011110101110000011
10011001000110101111010100110010
00000000001011010100011111101111
10100011001101110101111001001101
00000000000101001101100010111010
11111000111110001100011000010010
00000000001000101000010001010011
10011000000010011001100001111101
00000000001011111011101100010111
11111000011000010110111001101001
00000000000110101101101011111001
10110010111001110011011111100011
00000000010000001100100000011110
10101010111001111101011111010010
00000000011011011010110111001011
11111111010010101110110010011001
00000000011001101001010111111100
11101101100010110010100011001111
00000000011101010001101101100000
11010000111001111111100101010010
00000000000010000101010110001101
11011110000011000001011110000011
00000000000111001100011110111111
10110111100110001000101101101001
00000000010011110111011011011100
10000010100011110100001110011101
00000000001100111001110010100010
01101010011000001101101001011010
00000000001011000011100110001000
00001000000111100011001000100100
00000000011111101000001110010111
10001110110111110100110010110000
00000000000111011111001101010101
10000100011011111000000111100010
00000000011111011000011101101100
10001011001111111011101000110001
00000000000001110110010111010001
01110110101010111100111100001010
00000000010111011000111011000001
00000011000000011100101101010111
00000000001001001011101000000010
11011011101110001000001001100010
00000000011100010110000110000010
01101111000011000001101001101101
00000000010100001010100001111100
10110001010011101000101011100000
00000000000011011111001110000100
10110011100100100011011001010100
00000000011000110111100100000011
01110000110000001110010100011011
00000000001100100011101011001001
01011110011011001110110000110111
00000000010011110010111101000000
11110010010100101011010000010010
00000000001100110100011111100111
00001101111011100011010001100110
00000000000011001001000100100000
01000110001010001011001111100100
00000000011110101001111010000010
01011011011001110010100010100000
00000000010011010111110010011111
00001110100110000011001001101010
00000000010100111101011001001010
10001100011101001110100010111100
00000000010110110100101010011110
11000000011001010011001011101010
00000000000110000001000010000000
11010010101000101101000011000101
00000000010101001101111100110001
01000000010011011101011011100011
00000000000101111000001010110100
11001011100010111101001000110000
00000000001110111110100101100000
01010010011010100101101000011010
00000000000110011101110110100010
11110111100010001101101110110100
00000000001001101110001000001100
01100001110100010001111101000101
00000000010001110000010000101110
01000101000000100110110111110110
00000000001001000101101110110111
00011110000100001001011101110001
00000000011111111011001001001011
00001110000101101001000011001001
00000000000111101110010101001001
00101100011010110001000000001000
00000000001010010100000000101010
11011100111100011110100101111011
00000000010111111100010110101101
11000000000001001001111110000000
00000000010010001011000111111011
01100111110111110110001010010001
00000000001011011110111111001101
11110101110010010001001110101001
00000000001100010011010010100011
01011100111110001001000001110111
00000000011100101110111101000100
00001101110011110100101011111000
00000000001101110001110010110111
00010000010111111110000001010011
00000000000010001010100100110001
00001101001101110001100011010011
00000000011100100111110010110111
10011111010110010001100111000010
00000000000110001000100010001010
01010101011111011001001001100100
00000000000100011010110101101110
00011100001000010101001100000110
00000000001011010100010000101111
11110110110110000011000011111011
00000000011000011000101011010100
00011011010100000111000101001100
00000000011111011111110011000011
11000110001110001011011010011110
00000000010011100011001111111110
01101001111010101100010111100011
00000000010110110100110011111001
00101011001011011110111111111011
00000000010010010100000000101011
00100001000001110101111001111101
00000000011010101111110010010000
10001110010110110010101111001111
00000000000011000110010111000010
01010001101110110100101010111100
00000000010100100100110011101111
00011100110110100111100001110111
00000000010011111101001101111010
10110010111101000100000111111010
00000000011101100001100111001110
10011001001101110000001100110000
00000000000100011100000111001101
10011000110000000011010011111000
00000000011111110000100110110000
11001001101110000111100000000111
00000000011000100001000000010101
00001001111101000111100011000110
00000000001000100101000111010000
00000101010111000000110111100101
00000000011001111101011100111101
00100110010110010010001001100010
00000000011001101011100100011101
00110111011110000010010101110001
00000000011001000010000101101110
10010110111000011010110010111110
00000000001000111001001110000100
11001100101000100011101100110100
00000000001010101111001001010010
00011011000001010010000000101011
00000000000110000011001010011001
01001001000010011001110011010001
00000000011001000101010011111000
11001101000011001001110010011000
00000000010101110000111100100110
10111001100101101010101001011010
00000000010100000101011111110111
00000101111001011110000010111001
00000000010100011010100011100011
10011111000001110000010001101111
00000000011000010010100100111101
10100100011010100100111000001001
00000000000010011000100010000010
11110001010101000110010000100000
00000000000000011110100011011110
01111110110110100110001011111010
00000000001010100010011001010001
11000010100011000000110110010111
00000000001101010010010100011001
11110110110000010001000000111101
00000000001011100100001001011110
11111100001000001010110010000010
00000000011101111001111010011100
10001011101011011101110111000111
00000000001010001001010101001100
10010110011010001100001001001001
00000000000100001010100101010111
10001000010100100100101001110000
00000000011101101000100010001010
11111001110010100101011001001001
00000000011100101010110001001000
01111110111110100110000111011000
00000000011101010011010000101001
00010100011101100101101101110001
00000000001000010111011101100000
10001101011111011010101111111000
00000000011011001001011100001011
01110010011011101101000111101100
00000000001010010011100000010110
01010100001101001111001101010101
00000000000100000011010011101010
11100011100011101000011100110011
00000000000101100111100110011111
00110100010010100110010111111111
00000000010000010111101010110001
11011101000010011111010101110100
00000000011010111111011110011011
01001001100011000001001001111111
00000000000101001101000001001000
11001000011101011010111000110100
00000000001001010000101100101100
01101101111000011110010100001000
00000000010011011001111101011000
01101100111110011100000101011000
00000000011110101111010101100101
10111101110111111000111101011001
00000000000011111101000011000001
00100001001101000011000111101011
00000000010110110001101111100100
11101111001111111100110001110010
00000000011000000001100001010000
00000101100000001110101110111011
00000000000111000001111101110110
00100111010111001001100111111100
00000000011001100101100100011100
10101100001011010100001001011000
00000000011100110100011111100010
11000011010101010011111010001011
00000000000000001010101000100001
11101010011010000001111010100101
00000000010011011101010111111000
11011111011101001110010100000101
00000000001011000010110000111010
10001100000011000011100011011111
00000000000111000010011111100100
10111111010000010101110110101100
00000000011101001000010110010011
00010011100111000010111100010000
00000000011001001000100000000110
10011001010011111011110101110111
00000000000001001010111010100110
00010100001100001101111010111001
00000000010000101111010011010110
10011000011110111000010111100100
00000000011011111011000111111011
01010110100101001001100110010010
00000000001010100001100000100000
10001010101001001000000111111000
00000000000011101111011111000001
00011011101010100001111011111100
00000000010111100110011111110100
11001100110111011100110111111010
00000000001101100000100110110111
11010010000001000001000010101100
00000000011111011111011110000101
00100100010110111011000011001011
00000000001011010111010001010100
01101010110101000111111001010001
00000000011101111001111000110101
11000100011011111110010100000010
00000000011010110011101110111100
11001000001111111101110010111110
00000000011100001111000000000110
10011110010100001000001000011000
00000000011000101100101000001110
11001110110101100000001110101111
00000000001001101101101001100100
10011110110101100000101001001010
00000000000100111000000001011000
01011110001010000110110010110000
00000000011110000101111100011001
10101101010011110001000010011110
00000000001110000111101100100110
10000110011101001100100101101100
00000000000110111101001001101000
01110101101010010000101000011100
00000000011110001000110101110101
11011001001011001101000010101011
00000000010001000000111000001011
11010110000001101000111011000000
00000000010111100011110000000011
01111110001100111010101010000001
00000000001101111100111010110111
11111011100001101011101101110100
00000000010101100001010000100101
10000010011101001011100001001011
00000000011001001000011111000110
00010101001010101100001010110101
00000000001110000000111110100011
01110100111100111000101111111101
00000000010110010110001011010111
00111011011101011000000110010111
00000000001011100101000000100011
10110011111010110100001010011111
00000000000001000000111111011000
01010110000011010011010010100000
00000000011111011101111111011100
01101101101011001010100110010100
00000000001111101111000001111001
10010001000111010101111000010101
00000000011101000101000011001010
01010100001001110111101000111010
00000000011110111110100110010100
11111101000000110111110011010101
00000000011001010010001001100001
00001010111110010100110011011000
00000000010110011010110010100011
00101110001111011110011010000001
00000000010010000000101101100000
01111001111001011011011001101011
00000000011101110011110011010010
10100101010000110111110111011101
00000000001100001010111000110010
11000010110100110110100011100101
00000000000111100110011011011111
10010101011010110000111111010001
00000000001110100111100011010000
10111000101101011110011101101101
00000000000001010111101001010000
01011001001111110110000001110001
00000000010111101111001111010000
01011001010101001010000111011101
00000000011101111110011000011111
10000110011011101100100011101010
00000000010000010100010101101001
01011110111100100000111101010100
00000000000101100000000111010011
00011000001111100010010011101011
00000000000000111000001000100110
00110101101011111001110001101101
00000000011101010010101111101111
00011000001100111110010100001101
00000000001011100001011001111001
00111011110000011110111101110010
00000000000001101011001111111010
10110110110100101000001100011111
00000000011010001000100101111100
00101111100111110111110000001111
00000000011111011010111101001011
01100010000101111011011001101110
00000000010010001001111011100011
01011000001110001010001110011000
00000000011110100011100110100011
00100101011001010110110001000000
00000000000100101110001010110000
11111001010110001010000011010100
00000000011001001011101010010100
11100000111111000001111110011101
00000000001000010010100011111011
01110100011010001000001010100001
00000000000111111100100101101101
01010101100110111011101100010110
00000000011111110011100100111000
00000010011100000100010010011010
00000000010101111110010110010111
10000010001110100100010000000000
00000000010011100000000111010001
01001010100000110000101100001000
00000000011110110110000010001010
00000011101001110111011010010011
00000000011100011110010001000010
10100011110110000111001110010000
00000000010110010010110011100010
10010110110011110010100000100110
00000000000001100000111001010111
10011110010110011100010110010111
00000000010101100111011111111100
11110010010101001100011110011110
00000000001100000101100001010010
10001101011000001011110001111100
00000000001010101001100111000100
11011000001101000010100010110010
00000000011100011011000010001101
11010000011110110101101011001110
00000000011001111011010011011111
00011101110111111110101101011111
00000000001110110010001010000111
10101101111110000111110110101011
00000000011101000011110101000000
01110101010010101000010100000110
00000000001000110000111011110111
01101110110111100110010110111010
00000000011001100110110111110001
00111001001101101101001001011101
00000000001001001100110100101010
01010011110110100101111011001001
00000000011011101111011110000110
00011011100101010010101101110000
00000000011001111010010001011110
00101011001000010010000100000010
00000000001010110110101001111000
10001001100000101000110100010100
00000000001110111101011001011110
00001110010111000000010000101010
00000000011000000001010110010110
11101101101100101000000100110011
00000000001110011011101100001001
00000001111101000101011111000011
00000000010111010100000000100011
01100011001000100100101011001100
00000000010001011011000110010001
00001111111011001110011111010110
00000000010000111111001101100101
11001010000011000001000100100011
00000000011111100000010000010111
10100010110001110000111111011011
00000000001100011101001101010011
00100010110001101001011111001101
00000000010000000111111011100010
11011100010110100110111110101010
00000000011011001011110100011011
10011110100010001100010011100010
00000000000001010011101000011100
10100100100101101001110111011011
00000000011110000101101101001011
11010011110111000011011100011010
