01111111110000000000000000010011
01111111110000000000000000010011
01111111110000000000000000010011
00010010010000000010111110000111
00001000111010001000101001010011
11110100100000000010101110000111
10110100010100000010011000100111
11011010011000000010110000100111
01100110110000000010110000000111
00000000100011110000011111010011
00000001000111111000011101010011
00001001011010100000101011010011
00000000111010000000011111010011
00000001001001001000000011010011
00000000010110000000111101010011
11001100110000000010001010000111
01110001110000000010011100000111
01001001100000000010100100000111
00001000010011000000000101010011
01111110000000000010011100000111
00000001011000001000001001010011
01001001011000000010011000100111
00110100010000000010110100000111
00001001101111100000110001010011
00001000111100111000101011010011
10111111000000000010110110000111
11001110110100000010011000100111
00001001001100010000100111010011
00001001011000011000110011010011
00000000010110001000000111010011
01111010110100000010111000100111
00001001010110011000010001010011
00001001001100011000011101010011
10111001100000000010110000000111
01101111100000000010010110000111
00100100000100000010101000100111
00001000010011101000101011010011
00001000100011110000111111010011
01110011000000000010100110000111
00000000011000111000011101010011
00111101000100000010110000100111
00001000101011110000111011010011
01010101110000000010000010000111
10000111011000000010111000100111
00001001101000110000111111010011
10001100010000000010010100000111
00001011111100000010001000100111
10111011101000000010000000100111
00000000100000111000011101010011
11100000000000000010011000000111
00001000001010000000101011010011
00001001110110011000000101010011
00000000101110111000011011010011
01010011101100000010011000100111
10101100000000000010001000100111
01000110010000000010111100000111
00000001000100110000110101010011
00001001101100101000011011010011
10011110110000000010101110000111
11110101101000000010000000100111
00001100110000000010100100000111
00011010101100000010101000100111
11011101110100000010010000100111
01001000010000000010101000000111
11100111100000000010110000100111
00010001000000000010001000100111
10011101011000000010010000100111
00000001000110010000011111010011
00011111101100000010010000100111
00111111110000000010011010000111
10101011001100000010110000100111
10101000101100000010010000100111
01001100110000000010111110000111
00000000000110011000100011010011
00000000010110110000111111010011
00101000101000000010010000100111
10001100010000000010001010000111
00000001111101000000011101010011
00000000011100100000101001010011
10000111100000000010111000100111
00001000011111101000101101010011
00001001100110111000001001010011
01001101100000000010001000000111
00001001000101010000111001010011
00000000111111001000110011010011
11100101110000000010100000100111
00001001011011001000100001010011
00000000011011100000100111010011
00001000100101101000000101010011
01101010110000000010100010000111
00001001101111001000010001010011
10110011001000000010011000100111
00000001100110111000001011010011
00001001111100110000100011010011
10000110001100000010001000100111
00000000111010000000010011010011
10111101010000000010111000000111
00000001000100101000010101010011
00001000100000010000101001010011
01110010101000000010011000100111
01111011000000000010110100000111
00000000100111100000110101010011
00000001001111000000011101010011
00001001111011011000001001010011
00000000110000000010001010000111
11101011011000000010010000100111
00001001000101111000010001010011
01011111101100000010110000100111
00000001011011000000001001010011
00000001111110100000011111010011
00000000100000100000101111010011
11001000101100000010010000100111
00001000110110101000001111010011
10110001100000000010101000100111
00001000001100101000100001010011
00110101100100000010110000100111
00000001001000101000110011010011
01100001100000000010010110000111
00000001111000001000101111010011
01010011100000000010001000000111
00000001000001101000101011010011
00000000000010111000010101010011
00000001011100000000010111010011
00001001111110001000111011010011
01001000000000000010001000000111
10000000111000000010111000100111
00000000001110001000001101010011
00100100100000000010011110000111
00011110000000000010010000000111
10100100001000000010010000100111
00000001000010101000101101010011
00111000010000000010111110000111
00000000010011101000101111010011
01011011111100000010000000100111
00000001011011010000010101010011
00001001001101100000101011010011
10011011010000000010110010000111
11000101001100000010101000100111
11000110100000000010010000000111
00101011110000000010011110000111
00000000101110000000010011010011
00000001101100110000111111010011
10001010000000000010111100000111
00000001111111100000111101010011
01010100011100000010000000100111
11010101110000000010010000100111
01010101010000000010101110000111
10010000000000000010011000000111
00001000101001000000100101010011
00001000001001110000110101010011
01101000110100000010000000100111
00001001100010011000100001010011
01101111100000000010101100000111
00110001010000000010000110000111
10111001000000000010001110000111
00000000101010001000110011010011
00000000110010001000110011010011
00100011011100000010111000100111
00001000000001110000011111010011
11111110011000000010111000100111
00001000100100010000101111010011
00000001111101110000101011010011
10110110011000000010101000100111
00000001111100111000011101010011
00111101001100000010010000100111
01101011111100000010101000100111
00001000111001010000101011010011
00001001000101111000001101010011
00000000111110100000011001010011
00111111000000000010101110000111
11000101110100000010111000100111
00000001001000010000000111010011
00000000000011010000110011010011
00001001111111111000100011010011
00001000011000000010100000100111
10100111100000000010000000100111
11001000100000000010010000000111
00000001101101000000001101010011
00001001100001000000001111010011
00000001001101001000011101010011
00000000000000001000010111010011
00001000110101111000011101010011
00000000011010010000010011010011
00000000110000111000110101010011
00111001010000000010001000000111
11100110010000000010011100000111
01010001100000000010110000000111
00001001111101011000100111010011
00001001101011010000011001010011
01110101000000000010011100000111
10011100000000000010101000100111
00001001000111011000011011010011
00001001111101101000000111010011
10011001100000000010111000100111
11001001010000000010010000000111
00000001101010011000110111010011
00000001111010100000011111010011
00000000100100100000010011010011
10011111110000000010100100000111
00001000110101101000010001010011
10100100110100000010101000100111
10000111100000000010100100000111
00001000110110110000101011010011
00000000100000100000000101010011
00000001010111010000010111010011
10010011100000000010111000000111
00000000001110111000010011010011
00001000010110000000001101010011
00001001111111001000100001010011
00001001001100110000000111010011
01101100000000000010010010000111
00000001001011111000010011010011
00001001101000110000101101010011
00000101000000000010011000000111
00001001011101110000000011010011
11001001010100000010101000100111
00001001010000001000100001010011
00001001110010111000100111010011
01111001010000000010001110000111
00000000110110110000110001010011
10100011001000000010010000100111
10000010110000000010100100000111
00001001000111001000101001010011
00111111101100000010001000100111
01011101100000000010101000100111
10111000010000000010110000100111
10101100100000000010010000100111
11101001010000000010011100000111
01010110010000000010101110000111
11110100110000000010010010000111
11001001010000000010010000100111
11101100010100000010101000100111
10011001000000000010111000000111
11101111001100000010010000100111
00000000100000101000111011010011
01110101111100000010000000100111
00001000011111101000110101010011
00001000010100100000010001010011
00000001110111001000010001010011
00001001000010000000101011010011
11111011100000000010111000000111
11101001000000000010010100000111
10000001000000000010011000000111
00001000001100111000111111010011
00001001000111100000000011010011
01100110100000000010011000100111
00000001110111110000011011010011
10101010110000000010111000100111
00000010111100000010110000100111
01101010101000000010010000100111
11101101000000000010110100000111
00000000001110111000100111010011
00000000011111001000101001010011
10100010100000000010011000100111
00000000111011100000110101010011
01100100110100000010001000100111
00001000110011001000011111010011
00000001010001000000001111010011
00000000100101000000101001010011
00001001111110001000011001010011
01001101011000000010010000100111
00000000100001101000100101010011
00000001100110011000001101010011
01111101000000000010000000100111
10100011000000000010110000000111
00000000100100101000001001010011
00001000010011100000000101010011
10010100100000000010110110000111
00000001110110101000111001010011
10101000100000000010100100000111
00000000010110111000101001010011
01111010010000000010000110000111
00001000100110100000000101010011
00001000001100000000100101010011
00001000101111101000111001010011
00001011010000000010110110000111
00001001100101100000111011010011
00000000110101011000100101010011
00000100110000000010011010000111
00000001110011011000101111010011
01000010110100000010010000100111
00001000110100101000111001010011
00000001110011110000111101010011
00001001011100001000010101010011
00000000110011110000110011010011
11110110001100000010001000100111
00001000001111001000100001010011
00000000101100110000100111010011
00000000100000001000101001010011
00001000000111001000100101010011
11001000110000000010011010000111
10110110000000000010001000100111
00001000000011100000110001010011
00001000100001000000001111010011
00000000100111010000111011010011
01000001100000000010000100000111
00001000110100000010101000100111
00000001010100110000011011010011
00000000101001100000010001010011
11000011010000000010101110000111
00000001111010010000100111010011
00001000101001101000011111010011
00101110100100000010110000100111
00001000000001110000001011010011
00000000001111110000101001010011
01101110000000000010111010000111
00000000000101001000111101010011
11111011100000000010001110000111
10011010101000000010011000100111
00001000110000000010100110000111
00000000011110011000001111010011
00000000001111111000110111010011
00000001101100101000001111010011
00001001111110101000000101010011
10011001100000000010111010000111
10010011100000000010010010000111
00001000101001011000111101010011
00000000011110011000000111010011
00011010100000000010110100000111
11101110110000000010011100000111
00001000001101100000000011010011
10001010100100000010110000100111
00100000010000000010000110000111
00010011011000000010100000100111
11100110110000000010011010000111
00010110100000000010111110000111
11101001001100000010010000100111
01101001011100000010110000100111
00100110010000000010111110000111
11110100101000000010100000100111
00001001000110101000010101010011
00001000101000010000000101010011
00000000000110100000000101010011
00001000010110111000110001010011
01101011110000000010110000000111
00001001111110100000101111010011
10111111010000000010100100000111
00000000111010011000010011010011
10011111010000000010110110000111
00010100000000000010101110000111
11110010100100000010110000100111
00000001001011111000001101010011
00000000000011000000010011010011
00000000110111010000111011010011
00000000100011110000001111010011
01110000111000000010110000100111
00011001101100000010000000100111
01001001010000000010111000000111
00001001101101110000010111010011
00001001110000001000010001010011
00010111110000000010001010000111
01101110011100000010000000100111
00111110010100000010111000100111
00010101101100000010111000100111
11011001100000000010101000100111
00000001111011100000111001010011
00000000110101111000111011010011
00001000001010110000111111010011
00000000111001011000110101010011
10011000101000000010110000100111
00000001111111001000000111010011
10111011100000000010110000100111
00000001001101110000100001010011
00001000111000011000101001010011
01011010111100000010010000100111
00000000000101010000001101010011
00001000010111000000011011010011
00000001100000100000011001010011
00001000111110010000111101010011
00000001010111000000111101010011
00001001100100110000100101010011
00000001100100011000110111010011
10111111010000000010010000100111
00000000110111100000101001010011
00000000010111000000110101010011
00000001101111111000110011010011
00000001100110011000010001010011
00001000010101111000011101010011
00001101111000000010000000100111
00000001001011110000111011010011
00000000110011110000001111010011
11101011100000000010001010000111
11011011000000000010110100000111
00111101000000000010010110000111
01111011110000000010000010000111
00000000101110001000100011010011
10010001111000000010010000100111
10001011010000000010111110000111
00111001010100000010011000100111
00000001111010111000001001010011
00001001110100000000000011010011
00000001000010101000010101010011
00001001000000110000000101010011
10001110100000000010011110000111
10011110100000000010000000100111
00001001111011000000101001010011
00000000000101010000101001010011
00001001010000000010111100000111
01010010010100000010101000100111
00001000001001000000001101010011
10010110110100000010111000100111
00000000011101010000000011010011
11001100010000000010001010000111
00101000000000000010110000100111
00000001001101001000110101010011
00001001101011110000001111010011
00001001100011000000011111010011
11101111100000000010011000100111
00000000010101001000000111010011
01101110010100000010000000100111
00001001011110100000000101010011
00001000010001101000101001010011
11101100110000000010101110000111
00001001101110100000011011010011
10010001011000000010110000100111
00000001000110110000110011010011
00000001111101111000001111010011
00001000101010001000101011010011
00000000000101101000000101010011
00001000011000011000010011010011
10010111000000000010011000100111
00001000111100101000001001010011
11010101110000000010110000000111
10000111000000000010100000000111
10011011100000000010011010000111
10101100000000000010111010000111
00001001010001010000001011010011
00000001000001001000001101010011
00001000011110111000010111010011
00010100110000000010100010000111
00000001101100010000101111010011
00011010000000000010011110000111
00001000000001111000100011010011
00111000100000000010110000100111
00000101111000000010111000100111
00000000011100111000100001010011
00011010100000000010000110000111
00001000000010000000101111010011
00001001111010111000110111010011
01100001000000000010110000100111
11000000110000000010010110000111
00000001010110011000010111010011
00000000001101001000111111010011
00000001101111110000000111010011
01101101100000000010011000000111
11111100110100000010111000100111
11010100110100000010010000100111
00000000101000010000010001010011
00000000000110111000010011010011
00100111000000000010100000100111
00000000111101001000010111010011
00001000010100001000100101010011
00001010100100000010101000100111
00001001010110101000111011010011
11010010101000000010010000100111
10001100010000000010110010000111
10000101100000000010011000000111
00000000110000010000011011010011
00100101010000000010100000000111
10010011010000000010101000100111
01010100010000000010111110000111
00000010110000000010110110000111
00110101100000000010111010000111
00000001011011111000100101010011
00001001111111011000000111010011
10011011101000000010100000100111
00000001101000010000101001010011
00000000101011110000110101010011
11110000010000000010000000100111
00001001100001011000101101010011
01101000110000000010110000000111
00001001111101100000010011010011
00001000100000100000110011010011
10011010100000000010111000100111
00001001000001111000011011010011
10111100110100000010000000100111
10110100000000000010100110000111
10110011100000000010001000000111
01001001001100000010100000100111
00000000111110111000100001010011
00001001111110000000011011010011
10101010000000000010110000100111
00001000101100000000001001010011
00001001011110001000001001010011
00001000010101001000010001010011
10011101010100000010111000100111
10001111101000000010001000100111
00001000000110100000010011010011
00000001110000000010101100000111
00000001000011011000111001010011
00001001110111010000110001010011
00001001010001000000011011010011
11010001010000000010111000100111
10110111101000000010001000100111
10010101110000000010001110000111
00000001011100101000011111010011
00000000101100000000001111010011
10011001010000000010011110000111
11010000100000000010000110000111
00001001100101000000100111010011
01100100010000000010101010000111
10001111010000000010111100000111
10010100011000000010011000100111
00001000100101010000110101010011
11111111110100000010010000100111
01101111110000000010000110000111
00001001101001010000100011010011
00001000100000011000111101010011
00000000011110000000110111010011
11011010001100000010010000100111
00001000000010101000011001010011
00001000011110011000010011010011
11000100010000000010011000000111
11000001100000000010001010000111
00001001000110001000100101010011
00000001001010100000011001010011
11100111100000000010010000000111
00000000001001101000011101010011
00000000001101000000101011010011
11001100100000000010111100000111
00000001001011001000100001010011
00000000111100010000111111010011
01101011100000000010101000100111
00001000101010110000110111010011
00001111010000000010000000100111
01110110111100000010000000100111
00101001000000000010001010000111
01011100110000000010100110000111
00001000100110101000011011010011
01100000110000000010000000100111
00000000000000100000110101010011
00000000000011010000001101010011
00000001111110110000000101010011
01000101011100000010110000100111
11010011010000000010011000000111
10000010101000000010000000100111
00001001111000010000100001010011
10110111111000000010110000100111
00111100110000000010011010000111
11111001001000000010000000100111
10011111100100000010110000100111
11010110100000000010110000100111
01000001111100000010010000100111
00101011111000000010101000100111
00001000111110110000111101010011
00001000011101100000110111010011
00010100100000000010101010000111
00000001001100101000111111010011
10001111110000000010000100000111
10100110010000000010100000000111
10000010110000000010100000100111
00000000111101110000111001010011
11100110110000000010111110000111
01010011110000000010011010000111
00000000101010100000100111010011
00000000000001110000011101010011
00000001010111101000100111010011
00000001110001001000110001010011
00000000100101110000101101010011
00011110100000000010111100000111
01101111011100000010000000100111
00001001100010100000000011010011
00000001011110010000000101010011
00001000010010010000001101010011
00101101000000000010100010000111
00000000011010101000100101010011
11001100100100000010011000100111
10011000010000000010111000000111
00001001011001111000011001010011
00000001111111011000010111010011
00000000001011101000000011010011
01101011000000000010111000100111
00111000000000000010010010000111
00000000010010010000101111010011
00001001010101010000110101010011
00100001100100000010101000100111
00001001011010011000011111010011
00000000000001111000101111010011
11011011000000000010011100000111
11100001000000000010011000100111
00001000010100111000010011010011
11010011111100000010011000100111
01100110010000000010100110000111
00100111011100000010101000100111
00000000000010010000110111010011
00001001110010011000101001010011
01101110010000000010011110000111
00000001111011001000101011010011
00000001110101110000101101010011
00000000111101111000010111010011
11001110110000000010100100000111
00001001000010001000000111010011
10011111100000000010111000100111
11001001000100000010101000100111
00100111110000000010010000100111
00001000011110110000001111010011
11010111100100000010110000100111
00001000110010111000010001010011
00000001000000111000011101010011
01000110100000000010100100000111
00000000011111000000000011010011
00000001110000011000001111010011
00000000100000000010000000100111
00000001101110101000110001010011
00001000010111100000111111010011
00000000111101011000100101010011
00000001101110100000000111010011
00000001100110011000101101010011
00001000011111010000110101010011
00100000111100000010100000100111
00000000110101001000101111010011
11011011110000000010110110000111
11111001101100000010100000100111
00001001101101110000100111010011
00111111110000000010111000000111
00000001001000000000111101010011
10011111101000000010100000100111
00001001110100001000010111010011
01110001100000000010001100000111
01000011011100000010110000100111
00000001100110101000110101010011
00000001110000000010011100000111
01111100010000000010111010000111
11010000000000000010101000100111
10001100010000000010010010000111
00001000101000010000101101010011
00001000011001011000011011010011
00001001110111111000011111010011
11111010010000000010111110000111
00001001100101001000101111010011
00000001011111100000101111010011
10000000110000000010010110000111
00000000001110000000100001010011
01010001100000000010101000100111
00000001010110011000110101010011
11010011001000000010011000100111
00001000110110110000110101010011
00001001110000000000010011010011
00001001110110001000100111010011
11100010110000000010010000100111
00000001010100010000111111010011
00000000000100110000000111010011
01100011100000000010000100000111
00000000001101100000000101010011
01101100110000000010010110000111
11100011010000000010001100000111
11010101011000000010000000100111
01001100100000000010001100000111
00110000100000000010011000100111
00000001000100100000110011010011
11010001000000000010110000100111
11010000100100000010100000100111
00001000011100111000110111010011
11100001011000000010011000100111
00001111000000000010001010000111
10010011110000000010101100000111
00001100100000000010010000100111
00000001111111111000000101010011
00000000010111100000111111010011
00110101110000000010111000000111
00001001111111010000010001010011
11001100100000000010100000000111
11111110000000000010110110000111
00001001011100001000100011010011
00000000100001000000111111010011
00000000001001111000100101010011
10110000110000000010111000100111
01110010111100000010010000100111
00001000011010100000010001010011
01010111001000000010001000100111
00001100100000000010001100000111
10000011011100000010010000100111
00001000001000111000101011010011
00000001011000100000101011010011
00000001100100000000000011010011
00000100001100000010001000100111
01111010111000000010011000100111
00000001001001001000010101010011
01000110010000000010001010000111
01010010110100000010110000100111
01111001100000000010101000100111
00001001101011110000011101010011
00001011100000000010000000100111
11110001100000000010111000100111
00000001111011010000001101010011
01001100100000000010010010000111
00000000000100100000011101010011
00000000100101110000100011010011
00001001011010010000000101010011
11001111000000000010000000100111
00000100010000000010010000100111
01100001100000000010101110000111
01111111010000000010110010000111
10110111000000000010000010000111
00000000011100110000100101010011
00110111111100000010100000100111
10100100101100000010110000100111
00000001111110000000010001010011
00001001011100101000100001010011
00000000111100010000110101010011
00000000000000000000100101010011
00001001101110100000010011010011
00111001111100000010010000100111
00000101000000000010001000000111
00001000010110011000111011010011
00000001110110000000010101010011
00110100011000000010111000100111
00000001111011110000010011010011
00000000110011111000010011010011
00000000001101000000101011010011
01101010110000000010011010000111
00001000100011111000101101010011
00001001101100111000110101010011
10011011010000000010111110000111
00100010010000000010111000100111
00001001101011110000011001010011
00000100100000000010001000000111
11000100110000000010010010000111
00001000010110011000011111010011
00000000011110000000000111010011
11010000100000000010011010000111
00001000000000101000110001010011
11010101010000000010101010000111
00000000110100100000101101010011
10010100000000000010100110000111
11000101001000000010110000100111
00001000100110010000101111010011
11000100000100000010110000100111
00001001001001101000000101010011
00000001000100101000010001010011
00000000100111110000100001010011
00000000010101100000101001010011
01010011100100000010111000100111
00001000110001100000001101010011
00000001101011010000000101010011
10000101110000000010011100000111
00000001001110010000101111010011
11110000000100000010110000100111
00000000001001001000110011010011
00001001110011110000111111010011
00000000100000101000010101010011
00001001001001100000000111010011
00000001111010100000110011010011
10011101101100000010000000100111
10111111010000000010001110000111
00000001100010000000110101010011
00000000111011101000111001010011
11010001000000000010101010000111
00000001110100011000110111010011
00000000011011010000011111010011
00000001100101010000111001010011
00001001111110011000011101010011
00001001101110100000101111010011
00001001111101000000001111010011
00000001111100010000101001010011
10011000110100000010110000100111
00000001110100100000101011010011
00001001111110111000110001010011
11011111110000000010110000000111
01011100001000000010100000100111
10111100001000000010010000100111
00000000000011010000101101010011
00000001100010110000110001010011
11110000101100000010100000100111
00001000111000011000001011010011
00001001111101110000001111010011
00001000011010001000101101010011
00001000010111111000110101010011
00000000011100111000100001010011
00000001111010100000101001010011
01011110010100000010010000100111
00000000110000100000011111010011
00000000100011111000110111010011
10011100001100000010011000100111
10101101011000000010100000100111
11110100010100000010000000100111
01101101000000000010111110000111
10010000101100000010111000100111
01001111101100000010000000100111
11001110100000000010001110000111
01101100101100000010100000100111
00000001001100101000100111010011
01010000011100000010110000100111
00000000110011111000011111010011
00001000110100100000110011010011
00000001101011011000000111010011
00000000111101101000000011010011
01101100100100000010010000100111
10100000110100000010100000100111
00000000101110011000110001010011
00101010000000000010110100000111
00101111010000000010110010000111
01001101000000000010101010000111
10100110000100000010000000100111
11010011000000000010100000100111
00000001100101111000110011010011
00000000001000111000001001010011
00000001111001001000010001010011
00001001101111101000101001010011
00001000110100000010111000100111
00001001111010001000101101010011
01011110101100000010011000100111
11100110010000000010110010000111
00000001111100100000100111010011
00001000100011111000000111010011
10001111111000000010100000100111
10001110010000000010111010000111
11101011010000000010111100000111
11110011010100000010000000100111
10101111010000000010111000100111
00001001010101111000100111010011
11110001000000000010001000100111
00000001010111011000010101010011
00101010110000000010010000100111
01110010011100000010011000100111
10101111110000000010011010000111
00001001000100010000110011010011
11101001000000000010101000100111
00001000001100000000001101010011
11101100100000000010000000100111
01101001000000000010111110000111
11000101110000000010111010000111
10111101100000000010110010000111
00100110111000000010000000100111
11000111001100000010100000100111
00000000011011000000010001010011
00001001011111111000111111010011
11000111100000000010001100000111
00011000000000000010001110000111
01101111100000000010111110000111
00001000101110001000100011010011
00010101100000000010100000100111
00000000111101001000011111010011
11111100000000000010101000000111
01111011001000000010011000100111
00001001111000110000111001010011
00001000101000011000101001010011
00001000001100110000101001010011
00000001100111111000111111010011
00000000010101101000000111010011
00000001100000000010111010000111
00000001010001110000001101010011
00001001111100000010101000100111
11101101110000000010111000000111
00000001010110110000110001010011
00000000101000011000011101010011
01100010111100000010000000100111
00001001010101100000010101010011
00100110110000000010100000000111
00000001111110010000100011010011
00000001101111000000111111010011
00010011011100000010110000100111
00011111000100000010000000100111
00001001110111000000010111010011
10100011100000000010011100000111
00000001010011011000110101010011
00000000100111000000001001010011
00011100010000000010111010000111
10111010010000000010001000100111
01101000110100000010011000100111
10101100101100000010011000100111
11100000011100000010011000100111
01100110100000000010101000000111
00001000101101110000001111010011
00111110001000000010100000100111
10101101011000000010011000100111
00000000001101100000111001010011
00001001000000110000000111010011
01101111000100000010111000100111
11100001000000000010110100000111
01100100100000000010100100000111
00000000110101101000000011010011
00000001000010010000010101010011
00000000100101010000111011010011
00000001001010010000000111010011
00001001111010111000010111010011
00101101010000000010011010000111
00000001111110010000011111010011
10011001010000000010000110000111
00001000101011010000100101010011
00000001111110110000101001010011
01011100000000000010111110000111
00001000111000101000000111010011
01010001110000000010010000100111
00001001100001110000000111010011
00001001000100110000101011010011
11101010110000000010001100000111
00111001011000000010110000100111
01010101010000000010111110000111
11010000100100000010111000100111
00000001100001110000100101010011
01001001001000000010000000100111
00111000010000000010111000000111
00000001110000001000111101010011
01010100110000000010010000100111
00100100000000000010101000100111
00001000010010111000110101010011
10001010000100000010001000100111
00000000101011011000100101010011
11110100111000000010001000100111
00001001011111110000100111010011
00000001100101100000101001010011
00001000011000011000110001010011
00010111101000000010010000100111
00000001100011100000111101010011
00101111100000000010011100000111
10000001100000000010111000100111
00001000110101001000000111010011
00011011010000000010100110000111
11011111111000000010000000100111
01100111111000000010100000100111
00001000101100010000001011010011
00110111001000000010111000100111
10101100000000000010010010000111
10010010111000000010010000100111
01000011010000000010101000000111
00000001011100000000001001010011
00000000011000001000100011010011
10000100000000000010111110000111
00000000001101101000100011010011
00001000000100000000111011010011
01110100100100000010000000100111
00011011110000000010111000100111
11000100100100000010010000100111
00000000101011101000010101010011
01110100110000000010000000100111
00000000011010011000111111010011
00001000100011001000001101010011
10101110100000000010010100000111
01110110110000000010000000100111
11001101011000000010111000100111
01110110011000000010011000100111
00000001001101010000100001010011
00111000110000000010011110000111
00000001001011101000010111010011
11111111000100000010100000100111
10110101100000000010101110000111
01001011111000000010101000100111
01101100111100000010001000100111
00001000001011001000000111010011
00001001110011000000001011010011
10111111110000000010100110000111
10111110100000000010010110000111
00001000111110100000011001010011
00011110000000000010011000000111
00000001111010111000001111010011
11001110100000000010011100000111
11101001011100000010000000100111
00000001001011100000010001010011
00110100110000000010000100000111
01111111011100000010001000100111
11101010010000000010010110000111
01110111010000000010001100000111
10000000000100000010100000100111
00001000001111110000010111010011
00001000110111010000010001010011
00000101010000000010101000000111
00000001001010010000111001010011
00000000110011110000111001010011
00000001111110010000010001010011
00000001001100100000001101010011
00000000000001100000100101010011
11010100001100000010111000100111
00000000110011000000000111010011
10010001010000000010010100000111
00001000000101110000110101010011
11101110000000000010110010000111
00001000001001110000011111010011
00000000011010100000101111010011
00000000000111010000100111010011
00001001010000001000101001010011
00001001101010111000000101010011
10000110100000000010100110000111
00010000010100000010001000100111
00001011100100000010010000100111
11101000001100000010010000100111
11000000010000000010110110000111
00001000111101010000010001010011
10101100111100000010000000100111
11111011010000000010110000000111
11000000101100000010010000100111
00001000111001100000010001010011
00101000100000000010001000100111
00001001111001011000000101010011
11111111010000000010111000100111
00001000011011111000110111010011
00000000001100111000100101010011
00001001110000100000100101010011
00001001011010010000100001010011
10110111011000000010100000100111
00000000111010011000100001010011
10001100010000000010110010000111
01101101010000000010101010000111
00001000010111010000001101010011
00001001000100001000101001010011
11010101010000000010001100000111
00001001100110001000101011010011
00000000011000010000110101010011
00001001111111110000000111010011
10000001010000000010100000000111
00001001100001111000010101010011
00001001011110101000100111010011
10010011100000000010100010000111
00001001000100100000010111010011
00000001111101000000111111010011
00000001001111010000000011010011
00001000110001110000101101010011
00000001110111010000110101010011
00001001000010111000001001010011
00011110011100000010001000100111
01011001100000000010110110000111
00100001001000000010001000100111
10010101110000000010100100000111
10001010001100000010011000100111
00001000011010000000010111010011
00000001000011100000001011010011
00110110010100000010010000100111
00001000101111001000110101010011
10111100111100000010110000100111
01100110101100000010000000100111
10100110001100000010001000100111
00100000100000000010101000000111
00001001110010101000011001010011
00000000000000000000000001110011
00000000011111000100110111100000
11011101010111010100000111110100
00000000010100000010010110001101
11010100010000011000010111000001
11011100110111010100000111110100
00000000011101010000100101110001
00000000011011100000111000111001
11101100101110011111110101011111
00000000010010100111110001111001
00000000001001001000101110110010
00000000010010100101111000011111
00101100001000001100010100011001
00000000001000100010111010001111
11001100011101000001101010000100
00000000000110100110001000001001
00001001111101011110110010010001
00000000000111111010100110000011
01110010000111101100000001100100
00000000010001010000101000010100
00010001111000110000111001001011
00000000001001111110010001001011
10101110001111100000110111111110
00000000000010010010001001011111
10100110001110011111100001000100
00000000000100101101011101110111
01000100010111000111010111110011
00000000011010110010110110111010
11011011110011101000110001001011
00010110101000011101011100001101
01000100110111111101011100111010
00000000001000010111000100111011
00001000111000101010111100010001
00000000001111110110111100011110
11010010101010001011010011101111
00000000011100000101110111001001
00110001111100010001000010110011
00000000010111111111101010000100
00010000000011000110101101010110
11011101010111010100000111110100
11111101001111001010110010110100
11011100110111010100000111110100
01001110011100111000010001101001
00000000001010010111100110100000
11001110011101101100001100111111
00000000000110100101000001110111
00001101110110011001010111100000
00000000001001101110000011010111
11011010111010011110001001111111
00000000000010111111110101011111
01111000011111000100000110110111
00000000011011001001100100001101
01011110100100010101101000111100
00000000001010011001100101010001
01100101010110110010110011011110
00000000110111110110101101010100
11101111010000110001101100010001
00000000010110101000110111110101
00000000011111011001110110110111
00000000000101000011010011101110
00100110111101011011010000100100
00000000011001000010000001100111
10110001100000110010001111100101
00000000000000101010110110110101
00000000000010111001101101000000
00000000010000100110011111011001
01111000010110001100011010001101
00000000001000000011011011000011
10010110101000011100110000111000
00000000010011100011101000000110
10011111101001010110100101000010
00000000001000010111011111101110
00000000000010010000101110010100
00000000010110101000100101000111
01000110111001110011000110101100
11101100101110011111110101011111
11001110011101101100001100111111
00000000001101111010000101000111
11010100101011111110110010011000
00000000000110000000110100101111
11111101011000101110010101110101
01000100010111000111010111110011
10000010010000110011110110011110
00000000011111001110100111101110
00010110001000010010100000100101
00000000000111011101111101101010
01110101100010100101101111001001
00000000000100001111110011000011
01001101010111010111110101110000
00000000011101010000100101110001
11011111100000001110110001111111
00000000010010010011010010000101
01100110101110111101100110110111
10000000001000011111000110010100
10000001000001011101010001101111
00000000011100000001001111101101
11001100000001100101101111001011
00000000000000000010101110110101
10010111010101100001111111100110
00000000011110001101100011100110
11100101001011111001100000110010
00011101100011011100011111011101
01000001011101000110010100101001
00000000001110000111010001100001
11011110100000001010101001100101
00011001011000100011111001101011
00000000000011100000100011110011
00000000011101000101110100111110
00001001111101110011101000001011
11101100101110011111110101011111
00111000100000101101111000110100
00000000011110101010111110110110
00000000000000000000000000000000
00111000100000101101111000110100
10111110000010000011001011100011
00000000000000000000000000000000
10110011010100110100101001000111
11111001111111010111100100000011
00010001001011010101000000000000
00000000001011100100010011101101
11010011001101111100111100100101
00000000010111111100011110111111
10001110101010001001111010100101
00000000001000101111010111110101
01101100101110011111110101011111
11101101100010110111111000000111
11001110110100110011001010010101
00000000011101010110010100111001
11100000100001100101111110101011
00000000010110010011101000011010
11100101001011111001100000110010
00000000010010101111101111110111
01111000000001000100010011110011
00000000000010010011101111001010
10100001001111100101001001101100
00000000001001100011011100001100
11011011110011101000110001001011
00010110101000011101011100001101
10101111001010100000111111101100
00000000000010110001100110001111
10010001110011011001110000000111
00000000010000011101001111011101
00001100000111100000011100011000
00000000001011001011101001110100
00000000001000001111001011101001
00000000010010010001101000011000
00111000101001000011011011001101
00000000000000111111110011000100
00000000010011100011101000000110
00000000010111001000011100001010
11110010010110011100101011100011
11011100110111010100000111110100
01010001010111101001100001010000
00000000000000001011010110110101
00111111100100110101010101001111
00000000010100101111100101000101
11001101000011011010101001011101
00000000001111111011011110110010
00010000011010100001011001111101
00000000011101001101011000001111
10010000101011010101001011101001
00000000011100110101101001110011
10110000000101010100000100000110
00000000011100000011100101100101
01110111101101100001110100000001
00000000011001101100000000101011
11001110111011110101000011011000
00000000000011101000011110011011
10100010101101000111010000010011
00000000001110001000010111111110
00100001000011001100100000000111
00000000001001110010111110010100
00000000000000000000000000000000
01011001011101000110001011000111
01100101111001001001110001011110
00000000000000000000000000000000
00000000000000000000000000000000
01011100110111010100000111110100
01011100110111010100000111110100
00000000010011110000000111010000
11111000101010001000110111011010
00000000011111101100010101010001
00010101001011011010001110010000
00000000010100000101011111001111
10001111001011100111001011110000
00000000000000101110110100010110
11101101000001010000001011101110
00000000000001100111001010100010
00010011011011100000010000111100
11011100110111010100000111110100
10111111011000110111011111001001
00000000001001000111100101011110
10100110000011011100000010110100
00000000001011110110101000101100
10001010111110110111100101010101
00010110101000011101011100001101
10101101000101000000010110100001
01101101100010110111111000000111
00011100011110100101001001000011
00000000010000111011110100100001
00010111110010011110011011001010
00000000010101110010111100000011
11011101111100000101111111011111
00000000010001011100100111000110
00100001011011010111010001001010
00000000010000011100111001000010
01110100111011000010100101010010
00000000010011001000111100100000
11101010111001111110001001101010
00000000000000000000000000000000
11100110100101000110011110110100
00000000000001000100100001111010
10000101111100100000010001010111
00000000000101011100001011100101
01000100111000000111110011000110
00000000110111110110101101010100
00000101110000011110011000100110
00000000001111111000101111010011
01011100110111010100000111110100
00000000000000000000000000000000
10100110011111010110101000001100
00000000001001100010100001100111
10001011011100001100011000001110
00000000011111101111101000010011
10010001011101100001101011101100
00000000010010110100010100001001
01111010110100010011000111000100
00000000000010001001110000111001
00000000001000011110100011100110
00000000011110100000100011111111
00000000001000000011011011111001
01011100110111010100000111110100
01010000011101110111110000010101
00000000010000000011000011111001
10101010110100100100001110001001
00000000010000100001101101111011
00000000000010111001101101000000
00000000000110011110110001100101
01011100010111010100000111110100
00000000000010010111111000000101
10111001000000101101111000110100
00000000010001101001000111001010
11100000010110001110010101000110
00000000001011111100000100111101
01100101111001001001110001011110
00000000010011100011100011111100
01000010001011101100111100100000
00000000001101011011001110110100
00010000101011010101000000000000
00000000001001000001000111110010
00000000000000111111110011000100
00000000000111101010100110011110
01000111110110111001011101001001
00000000001010110110000001111001
10000011010101100101011010001110
00000000010100101000111000011100
11011110001110010100110111111100
00000000011000000111110000001101
00011000101100101011010000100111
00000000001000111010100111100101
01011010101111011001011100001100
00000000011011010110010101101001
01011111111101101011101100001100
00000000011000101101001100000111
10101110111101111010000011000011
00000000010110111000111101000101
00010110000010101111001001110111
00000000011011010011010010110110
10010001110101110100010011001000
00000000000011000101011100111011
01100101101000110011101100110011
00000000010110010100100110111110
10000101111010010110000111111101
00000000000101011101011000110101
01011110111000001010010010010010
00000001100110010001101011011010
00101101010110100001101101010110
10000000000100100100010010111110
10010100001101101100110000101100
00000000010000100000111100001100
01100110011001110111001011110011
00000000011101100001010000011010
11110010010110011100101011100011
00000000000100100000001100100000
01111000111010001111010011011100
00000000001111110100101010001000
01100100011101010110110010010001
00000000000110111000111010001011
00010110101000011101011100001101
00000000011010100110000111100011
11001010011111001000000000001000
00001110101010001111100110010101
01000001101101000100101101100010
00000000010110101110101001111110
11011100010111011111001111110000
00000000010111111110001110100000
00001000100000111110111011010011
00000000010101001111010101110000
01111110010100011000010001110100
00000000000100101011111010101100
10111010111101101101010001111000
00000000000100111000110111001100
00001011000111000010010010000100
00000000000010010101111000001110
10100110011111010110101000001100
11101101001110011111110101011111
00100000111010001100101110101000
00000000011111101100000110001000
10110011101111011111011000000010
01011100110111010100000111110100
10100110011111010110101000001100
00000000011010011000111111011111
01100101111001001001110001011110
00000000000000000000000000000000
01000011011110001100110110010100
00000000000101111001101001001000
00100110111000001101011111110100
00000000000001101101110100000111
01011110110100011001001000001100
00000000011111110111101011010111
11100101001011111001100000110010
00000000001100000100000000110100
10000000001011011000110011010100
00000000000000000000000000000000
11011100010111010100000111110100
00000000000101011101011000110101
10111011001011000110100100111100
00000000000110011001000101011000
00000000011101010000100101110001
00000000011111011001110110110111
11010101001011111110110010011000
00000000001001001000101110110010
10001111000111001010111010010110
00000000001000110100111011000111
10000000001000100001011000110001
00000000011011001100100111010001
00001001111101110011101000001011
00000000000111110110001000101111
00010111111010001000100010111100
00000000011011000101111011111001
11101011110100010011101011000011
01011110000111011010010110111110
11000010001100111011010011110001
00000000000010111111000001101011
01011010010010110101010101000011
00000000011110000000101110100100
11100100000010010001101001110010
00000000011001111001001110011010
01101100101110011111110101011111
00000000001111011110011100111001
10000000101000110011100010010110
00000000010010001101101100011001
10000001010100010000010110000100
00000000011101010110000100010011
10100001100011010000101100101011
00000000000010111001101101000000
00100110000101000011101100001001
00000000011110110010101000111011
00000100010110010011100001010110
00000000010001001001101100100011
00000000011101111111101101100011
00000000011111011011100111110001
01011000110111101111101101000101
00000000011011110110111101101101
00000000000000000000000000000000
00000000011010100110010101001001
00111110100111011100001011111010
00000000010001010101000101101000
00000000000000000000000000000000
00000000000011001001011000000110
01111000111000001110111000010101
00000000000001101011001111001100
10000110111111111001001001011101
00000000001000110110001011101010
11011100110111010100000111110100
00000000011011011010010010010110
11111100001101011100010101111110
00000000011101001010110011001100
00011011011011011110000101011000
00000000000100100100011011011011
00100000110101001001101111101011
00000000001101111000010111110110
00010000100000010001101100100101
00000000010010011000000010111000
00000000110111110001000001000100
00000000001000101111010111110101
01000000101100110110101011100011
00000000010111101000010010011101
10111010101010000001101110101000
00000000001110001111001010011110
10000001011000010010111011010010
00000000000111001011001100001001
01101101100010110111111000000111
00000000011011100010100000111110
10011111111001001111010000110011
00000000001001110101001000010110
11110000111110000100100011101111
00000000011111000101100010011001
11110110010001001100101101110100
00000000010000000110111011001001
01000111000110001010101100100001
00000000010010000111111010010011
00000001100110010001101011011010
00000000001010010101010010001111
10100001101001010010000111001111
00000000011010101011010000001100
00111001001001110111101001000000
00000000011110010100011101100110
01101001000000000110101001010110
00000000010111101110011000001011
11101011111011111100110011111010
00000000010101000011110111111010
00010110101000011101011100001101
00000000001010000100001000110010
10000101111100100000010001010111
00000000011001111011110000110110
01011110000000011111110110000000
00000000001000000000011111111010
10000100011110111001100001010011
11010101001011111110110010011000
01110001111010010110101100101011
00000000001010100011010110111010
11101011000101111011011101011000
00000000011111001000111101110101
00000000000000000000000000000000
00000000001010100001110110000101
11100111110010000010100111101011
00000000011001010011100010010111
11111010101111101100001101001010
00000000010001101110111001100001
00000000100100110111001111101100
00000000001110011010100101100110
01100001010011110011101110110000
00000000000101000100100110000110
10110100101101110000101000001010
00000000011110001011001000110110
00010100111011110100111011000011
00000000000000010100100011100110
11111000110001111010100011111011
00000000001010000110001011100001
01001110011101101100001100111111
00000000000010111001101101000000
10000010111010110101101010111101
00000000001110010010100011100100
11001111101001011000011110000001
00000000000111101001110101001011
00000000000010010101111000001110
11010101001011111110110010011000
10100000111010111110110111001010
00000000000011111011101101010100
00000000010011100011101000000110
00000000000100101110000111011010
00101101010110100001101101010110
01101100101110011111110101011111
00111111100111011010110001100000
00000000000101101001110110010010
10011111101110110110000100011010
00000000011111110111110111001101
00010101101010011111101010000000
00000000000001011010101011001110
00000000011101010000100101110001
00000000001000110110010111000111
01010100101011111110110010011000
10010001110011011001110000000111
10001100011011011011011001101110
00000000000010010000101110010100
00011001011000100011111001101011
00000000000011100111110111001001
00010101101010100011010111011001
00000000001111010101100100101001
01010001110101001111010100111101
00000000011111101011101011010001
01101100100100111110111101100101
00000000010011101110110010110111
00101011111001110011010011000100
00000000001101000101000010001000
10100010010000000110010111010011
00000000011000100000001000110110
00000000000000000000000000000000
00000000010100110000111101100101
00110100110100100010100110111011
00000000010001011110001000000111
00000000011010100110010101001001
00000000000001100011000101111001
11011100000011100010011110011001
00000000010110101101101011101100
00010100011101001011010110111010
00000000001010110101000100011001
01011101110101100010010100111100
00000000011100100101100001110001
01101101001011111101000000101001
00000000011011011001000110110110
00011001011000100011111100011000
00000000001110011100001001110110
00000001011011110000010011001100
00000000011110101111101000110001
01101001000110000000001000010011
00000000000111101000011000010111
00110100000001000101000010001110
00000000011011111111000011100011
01101010011001101101011101000111
00001001111101110011101000001011
00111000100000101101111000110100
00000000001010110110010001001001
00000000010101110010111100000011
00000000010001000100101110101011
00000000000101011101011000110101
00000000001011101110010001101010
00101110000000100001000011111010
11011101010111010100000111110100
00000000000000000000000000000000
00000000001111011000010001010011
11101110111001110101001110111101
00000000011110001011001000110110
01010100000011111011110101111010
00000000011110000001110101000100
00000011111100001001110000001111
00000000000010000101100111011010
11011110110011011111110100100011
00000000011111111100110100011010
11001000001000110110001001101001
00000000001111101100000010011010
00010111100110011110010010110101
00000000011100100001010110010100
00000000000000010111111010101011
00000000010011100100011110110001
00000110111100000010100110011001
11101101100010110111111000000111
01011100010111010100000111110100
00000000011000000001101101000110
10110101100100100100011010011010
00000000011000010110101101101010
11001111011001100111111001101001
00000000011010100110000111100011
10011101011101000101101101110000
00000000000100011100111111101111
10101101011101011101110110100000
00000000010111110101110111101101
11010101100111110000110001101110
00000000000110110011101001010101
00111100100100100011011110110100
00000000010101000000011001100000
01001010011010100101101011010011
00000000011101000011001101000111
01011011101011011000010110110110
00000000000000100110110110110011
00010110101000011101011100001101
01011110000111011010010110111110
10011100111010011011000110000000
11100101001011111001100000110010
01101100101110011111110101011111
10000000001000000011011011111001
11111000110001111010100011111011
00000000010011011101000110000010
01011010100010100110111100010000
00000001001100000111100001111110
11010011101111111010000010011101
00000000000011111000110000111001
00000000000010111001101101000000
00000000001011110101001100110111
00000000000000000000000000000000
00000000010101110010111100000011
00000111110101110110110001000001
00000000010010111100110100100101
00101101111110010010010111001000
00000000000111001011110001111000
11101100101110011111110101011111
00000000001111100100000010011001
01011011010101111100110010101001
00000000011001100101001001001111
10010101001110101000011101001110
00000000011100010100111101011000
01101011011011110100000000001010
00000000011000110110000100010100
00000001111010011000011100111010
11011100110111010100000111110100
00000101000101101001101110011010
00000000001110000000101111110001
11110100001101110010011111000001
00000000001100010000101100000110
10011101011111111011111001010100
00000000010001001111011001011111
10011110000000000010110010000001
00000000011111101000001101000001
11011000011110110011110100001110
00000000001111001110010101011100
10010110101000011100110000111000
00000000011001001000101101010001
00000000000000000000000000000000
00000000001110111101001000101101
01101100101110011111110101011111
00000000011010010110011111000010
10001010001101011101111100001001
00000000010001101000000101001100
00000000010011100011101000000110
00000000010101111101001001100000
00010001101110000011100110110100
00000000001000101111010111110101
11110100101111001101111111110100
00000000010001001100111100010101
11011100110111010100000111110100
00000000001100111110011011001011
00011010010010111010010010011100
00000000011111000110000000011110
00100101101100010000000110010010
00000000001011011000110011010100
00000000001000101111010111110101
00000000000010001111110010111011
00010001101100101110001111100000
00000000001000000110110101110010
01101011000000001001010101100000
00000000001100011111000001000001
10111000111101110010111011101110
00000000011110101001111100000000
01011100010111010100000111110100
00000000011110011000000110011101
01000000001010100111101001111001
00000000011110001011100010101000
00000001010000010001100000010111
10010000101011010101001011101001
00100111110101111001001000100011
00000000010100011011101001011111
10100101101111111101000011001110
00000000001101010111000111111000
10010101001111100000001110100001
00000000000001010010000011000010
10011001000011001001011110011001
00000000000010111010000111011000
10100010110000000101000111011011
00000000001010101110011111100100
01011110000111011010010110111110
11011100110111010100000111110100
00000000000000111111110011000100
00000000011010001111001110010001
10001011100111010000011011101111
00000000000011010010111011010111
00011100000010101001100010011101
00000000010011110010011000110111
00000111000001101000101111000110
11011110000000011111110110000000
11011001000101111111011101100111
00000000010100101001011011110100
00000000001010011101111100111101
01101100101110011111110101011111
00101000001100110010110010001111
00000000000010011101001001000100
10111010010000001100001001010011
00000000001100101101101010100011
10011111010001110010111001010001
00000000000100011101111111001001
10101111100110101001011011010101
00000000000100001110100110011000
10010000010110001000100001100010
10110101100100100100011010011010
10001001000010101100011001100011
00000000011000000010011111000001
01001110110100011011011000010111
00000000000101110001001000001111
01011110101000101011010111111001
00000000000000000000000000000000
10010100101010110111000100100110
00000000000000100100101100110101
11010100101011111110110010011000
00000000001011011000011101111100
00000000011100000001001111101101
00000000010011000011111110001001
00000000010100101111001101000000
01101101100010110111111000000111
00111111101011100111010011110111
00000000000100111110101100011100
11010101000010111100101001111100
11100101111001001001101100100011
00000000001001101110000011010111
00000000000001110110010101111111
00001100001000101111010100110001
00000000011110101010101011110100
00000000000000000000000000000000
00000000010110110110001001101101
11000111011110101001001110001100
00000000000110110110101011011010
00111000100000101101111000110100
00000000010010000100111100010111
11100110100001001011001010010011
10100110011111010110101000001100
10011001000101111100111100010000
00000000001110111100010001110000
01100110000010111111000101000101
00000000010000100101100101101101
11111010000101110111010011010110
00000000010000100100101010100100
00001110101010001111100110010101
00000000011010000101101011110000
00100100111101000000101110001010
00000000001000010110111011111101
00100010110001100010110101111010
00000000000100111100111100101010
00101011110110011010111111011000
00000000011010010001101000011110
10010001100111110000100011110011
00000000001001000000111010001011
00000000000010010000101110010100
00000000011011000111011101100110
11100101101010100101011011101010
00000000000110001000100101001000
01100011010101010001011101011010
00000000000000000000000000000000
10000001111001010111101001111010
00000000001011001000100100110111
10000000101000101110100011100110
00000000010101011000100100101101
10111010101101110010000001001011
00000000000100000011111010100100
10100000110110011100001110111111
00000000011010001010010000001101
00011111100100110100000011110001
00000000010001000011000000101001
10101011001001011010001101111000
00000000011011110001000101111110
11110010111000111101000001010001
00000000001000000011011011111001
01101010110111100101010100111000
00000000000110011010001100100000
10011110111010101010100111110110
00000000001010001101000101110010
00000000010101110010111100000011
01101101100010110111111000000111
10110100001000101101011101001110
00000000011000101011110011001000
01011110000000011111110110000000
00000000000100010000100011100011
01101110000010110111111000000111
00000000010100111111110111011110
00010000101110001101000010100101
01011100110111010100000111110100
01111010100100101010011100001111
00000000010100011011101001011111
01101110000010110111111000000111
00000000000000000000000000000000
11000011001110011000111100101101
00000000001000011110100011100110
01011100110111010100000111110100
00000000010101011001010110101110
10110010010010100110011101000111
00000000011100111100110000110100
10000110001101101001011010101011
00000000000100100110001101011101
01111001111001111110001100101110
00000000010000011111011101110000
01001010101110010001001110111101
00000000001111100110100010010101
11110101011110010100001101110111
00000000011001011011000001000111
00000001100110010001101011011010
00000000011010000100100011000011
11111001111111010111100100000011
00000000011000000011101001001110
00000000000000000000000000000000
00000000011100110000010011010001
00110101010110110100011100011011
10010000101011010101000000000000
10000001110101011000010000110000
00000000001001011100000001011100
10111001000000101101111000110100
00000000000000001110000011100101
11111101000101010111011001000000
00000000001011011000110011010100
10010110101111100010001110111001
00000000011111000011111111111000
11101100101110011111110101011111
00000000010111100101000110101011
11010000101100010101100011011011
00000000000010011110110011111010
01111100111111000001100111000110
00000000000000010000001110110101
10101100101010010001001010100111
00000000000000010011111110101111
00000000011000000001101101000110
00000000001111100010001100100111
00011001111010111000010111110101
00000000011111111110101110001000
01011100010111010100000111110100
00000000011100001010101100101101
11011111110100011011000111010111
00000000000111111111110000001000
11001010010000011000011000001000
00000000011111111100000011011111
01110111111110101110000111001100
00000000011111001001010001001100
00000000010100101111001101000000
00000000010000000100001111000110
00111011100110000010000110101100
00000000011100010001100100100101
11011010110010110101100001100110
00000000001101100001111111000111
01000110100111011100011111101111
00000000010010000110010100100001
01010000110101101010110010100011
00000000011011101111111110001101
01011100110111010100000111110100
00000000010111100100001100101011
01101010001110110100111010111101
00000000000000000000000000000000
01110100111011000010100101010010
00000000001000110010000110110000
10011100110100101001011101010001
00000000001000000111010000010101
11001100110100010111110101010101
00000000001010011001011100100101
01000011110011001101001110100000
00000000000001011001001111111001
00011010101100000001100101000001
11011100110111010100000111110100
00000010100100000010011011010100
00000000000100010110011100100110
10011100111000011000010011000111
00000000010001010001111010011110
10010110101000011100110000111000
00000000001111001111000100110000
00111111100111011010110001100000
00000000011111010001010010101011
01100001011100100110101011011011
00000000011000000001101001000101
01011100110111010100000111110100
00000000011001000101001110010101
11011110010100101001000111110010
00000000011111101010010100010110
11000000100110110101011001100000
00000000001011110001010000111101
00010111100001101101100001111111
00000000000010011000100000000101
10100110110001011110010100000110
00000000001000111100011110010000
11011100110111010100000101000100
00000000010100111111100001101011
11101010010000110010101011010100
01101100101110011111110101011111
01100101111001001001110001011110
00000000011010101000011001011101
10110011101010011100011110001100
00000000000000101011110110100101
00001001010110011000010111001000
00000000000000111111110011000100
00011001110000100100101101001110
11111010101111101100001101001010
11101101100010110111111000000111
00000000011010001100011100001111
10000000001001001111100001101110
00000000010000010001001011101101
00111000100000101101111000110100
00000000011111111000111000000011
11011001000111001101110111000010
00000000000001000010011001101011
10011011111100001110110001110100
00000000001010001101100000111011
00011001010000101010010101000011
01101101001110011111110101011111
01001111001010000010000001011100
00000000000100011001011000000010
10000110001100000100110100110010
00000000011010010010111100101101
10011001001100001001010100010101
00000000000001101000111011000100
00111101101011001001010011111000
00000000001000100011010000000110
11110010110011111011011000010110
00000000001011100111110010110111
11010001010110011100010000100010
00000000001110101001110000010100
01001111100001110001110001111101
00000000010010101001000001000011
00000000010100011011101001011111
00000000001000010011100001010010
10011001011000100011111001101011
00000000010110001011100100100001
01010010110101010101001100000001
00000000011010000100101011010010
11110010000100011101100010101011
00000000001111110010001010100101
11001000010100111111000110010100
00000000010001110100011110001110
00100010111100011101111100000110
00000000000110000110010111111101
10111001000000101101111000110100
10010110101000011100110000111000
10010100010001011000110110111110
00000000011011111011011100000011
00010100110111101011001100100110
00000000010000111101001100010111
01010100101011111110110010011000
00000000010011100011101000000110
00101001001000110111101001001101
00000000011101001000001010010101
00000000000000111111110011000100
00000000010011101101011101101000
11101100101110011111110101011111
00000000011111001001101110111001
11010011011000111100110000010000
00000000010000010000111011011101
01111101100001011010100100111110
00000000011000000000101001100101
00000000010100101111001101000000
00000000010011100111111101010001
11110010010110011100101011100011
00000000011000010111110011011110
11100010010100111010011011111010
00000000011000001010110010001000
01010111011011100101001000110000
00000000001101101101110101001000
01110001110110001010101100110111
00000000001000110110001100101010
11100000101001100101101010111000
00000000101011000111000000110111
01001000000110011001101011001100
00000000010010110110000010111010
11000101011100110101111110110100
00000000001101100111011100000111
10111010111111100011010110001110
00000000011100001000111101100011
10000000000111000011100101101100
00000000001001111110110000110111
00000111000011001011000010000100
00010110101000011101011100001101
11011100110111010100000111110100
00000000011100010110111001111001
00100001101000001011010110000001
00000000010010110011111110100100
00000000001000001111001011101001
00000000010110000011110110000000
11111111011111001011001001000111
11011100110111010100000111110100
11010110100101111001110111101110
00000000011010000000000100110010
00000000011011010011010010110110
00000000000010011011110110111100
10101111011110000010001110111010
00000000000100111100001001100101
10000100011110111001100001010011
00000000011100001001101101000101
01010100100100001101010000010001
00000000100010000011110001010001
01011101001001100111001101101010
00000000011110101100101100100110
00010100101000011111100011100010
00000000000000000000000000000000
00000000000101011101011000110101
00000000010011100011101000000110
00000000010011100011101000000110
00000000011001101000111001010100
00101100011100001001010110100010
00000000010101111100101101101011
00000000010100101111001101000000
00000000001010011101111100111101
10011111111010100101110001110110
00000000000110010001010111000101
11100011110001100010011111111000
00000000000100001000000000000001
10010000101011010101001011101001
01011110000111011010010110111110
00001111010100110001110101111010
00000000001000100011011101011100
01010001101101000110011111110100
00000000001011000110000000101100
11001110011101110001110011111001
00000000011010000100011001000000
00000000011100101001101110111110
00000000000001001001101101000101
11111101001101110000101110000100
00000000000100101010010110111000
10001100001000101111010100110001
01100101111001001001110001011110
10000001100110011001100010110011
00000000001101011101010101000000
00101001010100111010110100101001
00000000010011111101111011011101
00111000100000101101111000110100
00000000001010010100010010011100
01100110001011011011000011110000
00000000010101100010000111000111
11010110000010100101100101101000
00000000011101000111110001001000
01111101011100000111000011101110
00000000010000100110010100110100
00111000100000101101111000110100
00000000010011011111101011101000
00001100101100000100001100001110
11110010010110011100101011100011
00010010010101101110100000001110
00000000011011011011000111010110
00110001100001110111011100001110
00000000001101111110100010101011
11100100011111101101100110111100
00000000011011100111110100100101
01000111111011110101011101110110
00000000011010010101000010011010
01100011011000110111000001011110
01101100101110011111110101011111
00000100100111010110110101010111
00000000010101111100100001111101
01000001111000110000111100100001
00000000011111101011101011010001
11010010110001011001010111100001
00000000000000000000000000000000
01101010001010001110001101011010
00000000001100111000101000100001
00111000001111001001100111010011
00000000000000000000000000000000
11010110000010100101100101101000
00000000010111101101000010110100
11001111011101000101101101011111
00000000001100011001101010101010
10110100010011011101011101111110
00000000001010110101010101100010
01110101011010010000111101111000
00000000010001000101111111010000
01001100001110101000100010001100
10000101111100100000010001010111
00001110000111011100101110111011
00000000000011001011000101110101
01010101000011010111000010010111
00000000011010001100011100001111
10110100111110000010100100100110
00000000011000101001001101101110
11000001001100001110011100111100
00000000000000011100000010111000
01000110010111111001100010101111
