01111111110000000000000000010011
01111111110000000000000000010011
01111111110000000000000000010011
00000001011101110000100001010011
00000000000001110000110111010011
00000001011000100000110101010011
00001000000001001000101001010011
11101011000000000010100110000111
00101100110100000010001000100111
00011000011000000010110000100111
00001000110111011000001111010011
00001000010111000000111001010011
00000000100100101000001011010011
10111010000000000010110100000111
11010000010100000010011000100111
01110111110000000010111010000111
00001100011100000010011000100111
11111111011100000010001000100111
11001100110000000010001000100111
00011011010000000010110010000111
11111010100100000010011000100111
11011111100000000010000100000111
00000000001111111000010101010011
00001000111011001000101011010011
00001000011010010000110011010011
11001111110100000010001000100111
00000101000100000010000000100111
10110110110000000010011000000111
01111111111000000010000000100111
01000010100000000010100010000111
11000101010000000010100100000111
00000000101111000000011011010011
11011101010100000010111000100111
00000100100000000010000100000111
10100110101100000010100000100111
00000001011100000000101111010011
00001001011100101000100101010011
00000000110101101000000011010011
01111001111000000010001000100111
10101110000000000010000010000111
11100011100000000010001000000111
10110110010100000010111000100111
00001000001001011000001101010011
10100010110000000010011010000111
00001000111011001000010011010011
10001100110000000010100000000111
00000000011000000000011111010011
00100001110000000010010100000111
00100011000000000010100000100111
11111010011100000010001000100111
00000000010000101000101011010011
00000000010000001000101001010011
00001001011010100000111001010011
00000000110011101000000011010011
01110010100000000010000010000111
10101100000100000010111000100111
00000000000100011000011101010011
10000111001000000010110000100111
00001001010001000000010101010011
00000000001111010000101001010011
00001000101010001000111001010011
11010010110000000010001100000111
01101000100000000010101000100111
00001001101010011000010111010011
00001001001000111000000101010011
00001001010110101000000111010011
11001010011100000010001000100111
01011001100000000010011100000111
01101011010000000010010110000111
00001000010011001000010011010011
00111111010000000010001010000111
00001000000111100000101011010011
01110001001100000010111000100111
00000000110011010000010101010011
10110101110100000010001000100111
10100110110100000010010000100111
00001000100000111000000101010011
00110111000000000010001000000111
00001000101100000010110000100111
00101010100000000010110000000111
10111111010100000010000000100111
10101010010000000010111000000111
00011011110100000010001000100111
01110011100000000010100000100111
00001001000100001000011011010011
11010111111100000010101000100111
00000000010101101000100001010011
00000000001100010000110111010011
00001001101101111000100111010011
00000001110010001000100111010011
00000110110000000010011010000111
00000000101111110000001001010011
00000001000001011000110011010011
11011100110000000010001110000111
00000001001101111000100111010011
00001001110101111000010101010011
10110100000000000010100000000111
00001011000000000010111000000111
10101000101000000010111000100111
01111010011100000010010000100111
00001001000010101000110101010011
11100101011100000010111000100111
00000001101100100000011001010011
00000001111100000000110101010011
00000000100010000000101111010011
11111100100000000010010110000111
00000001011011010000100001010011
00000001110111001000001111010011
01101011110000000010111100000111
10000100010000000010110000100111
00000000111000001000110101010011
00000001010011101000111101010011
00001000101001011000010101010011
00001000101000110000100011010011
00000001101011100000110001010011
11100010100000000010000000100111
00001000100011000000011011010011
00001000010000001000101001010011
10001001110000000010101100000111
01100011110100000010011000100111
00001000010101001000000111010011
10111110010100000010001000100111
00000000101101001000011111010011
00000000011011010000101011010011
10001100010000000010101000000111
01110101000000000010011000000111
00001001010001000000110001010011
00110100010000000010110010000111
11001101110100000010111000100111
00001000011011010000110111010011
00010110001000000010000000100111
00011011011100000010110000100111
00001001011100110000100101010011
00011111010000000010100010000111
00001000000011011000111101010011
01000010100000000010011100000111
00011001011100000010101000100111
11000000110100000010101000100111
00000000010100100000111101010011
11110111100000000010100010000111
11101101001100000010001000100111
11000001010000000010001010000111
01101000100000000010111000000111
00001000010000001000000111010011
01100111010000000010110010000111
00011001100100000010010000100111
00101110000100000010011000100111
00001000111001011000010111010011
01110100010000000010001100000111
00001001100111001000010011010011
00001001111010111000000011010011
00001001001011100000100011010011
11010010110000000010101100000111
10110110100000000010000110000111
00000000111001001000000111010011
00000001011010100000111011010011
00000000011001011000101001010011
00000000111010010000011111010011
10010010010000000010100000100111
11100001110000000010110010000111
11010111010100000010001000100111
01111011110000000010101100000111
00001001111111011000001101010011
10101000101000000010101000100111
00000001100000000010010000000111
10110011110000000010110010000111
01010101100000000010001110000111
00001000011110100000110111010011
00001000101111111000010111010011
00000001010000011000010011010011
00001000100000101000001011010011
11001011110000000010101100000111
00001001101000110000000011010011
10100110110000000010100100000111
00001101011000000010010000100111
00000001100001100000110101010011
00000000110101111000011001010011
11111111010100000010111000100111
01000000000000000010100010000111
00000001011101100000101011010011
00001000101000001000001001010011
10100110010000000010000110000111
01100101010000000010000110000111
00100010010000000010110110000111
00001000100100011000101011010011
10100010100000000010110100000111
10101110000000000010001000000111
11111110000000000010101000000111
01001010010100000010100000100111
00001000110011010000110001010011
00000001000111110000010101010011
00011101110000000010000010000111
00111100000000000010100000100111
00001001101000000000011111010011
01000100011000000010101000100111
11011011010000000010010000000111
11011001001000000010000000100111
00110001010000000010101000100111
11000110110000000010101000000111
00000001011110001000010101010011
00000001100000000000011111010011
11110001010000000010011110000111
10000111110000000010100000000111
00001001001011101000000101010011
11010011010000000010001000100111
00001001011001101000110011010011
00110011011000000010111000100111
10010101000000000010101000000111
11100000000000000010000010000111
00000001011101010000110101010011
00000000110101110000111111010011
00001000100110100000010001010011
00000001100100101000000011010011
01001011001000000010101000100111
00010100100100000010001000100111
00000000101101101000111001010011
00010100100000000010100000000111
01001011101100000010100000100111
10110001100000000010110000100111
00001000010000010000011011010011
00001000010100100000000111010011
00001110110000000010101110000111
01110111010000000010111110000111
00001000100011010000001101010011
00011010000100000010010000100111
00001000011100001000101101010011
01000001100000000010011100000111
00000001010011010000010111010011
00010110010000000010000110000111
00101110001100000010000000100111
11011000000000000010000100000111
00001101101000000010111000100111
11101011011100000010100000100111
10001011100000000010011100000111
00000000100000001000111001010011
00000001111100101000001111010011
00000100110100000010100000100111
10101001110000000010011000000111
00110101100100000010100000100111
01110101000000000010110110000111
10001100111000000010011000100111
10000000010000000010011000100111
10111010101000000010101000100111
00000001110111011000101011010011
01001100100100000010111000100111
10111001010100000010100000100111
00100100100000000010110010000111
00001001001000100000110111010011
01111001010000000010011000100111
00101100001100000010000000100111
00111000010000000010010110000111
00000000111101011000001011010011
11000111010000000010001000000111
00000001101001001000010101010011
00010001010000000010111010000111
00001000010000110000111011010011
00000001111101000000101101010011
00010011101000000010110000100111
00001000001101000000011001010011
00001000000111011000110011010011
01011101110000000010010000000111
00001000111111101000001001010011
00001001111100110000010101010011
10011000110000000010101100000111
00001001100110101000001011010011
00011011000000000010010000000111
00001000000111110000010011010011
00001000010011100000101111010011
00110101000100000010110000100111
01011011110000000010010000000111
00000000000101010000100101010011
00000001001100001000011101010011
00001001101010100000010111010011
00001001100011101000110101010011
00110000000000000010111000100111
00000000111101101000111101010011
00000001100101101000011011010011
11000100101100000010100000100111
10111101100000000010000110000111
00001000010110000000110101010011
00001001010110100000100101010011
11100100110000000010010110000111
00001001110100111000110001010011
10100001000100000010110000100111
00000001110001000000010011010011
00000001100011001000001101010011
00010001111000000010000000100111
01011110010000000010100110000111
00001000010001010000100101010011
00111010100000000010101000100111
01100101011100000010110000100111
00000001000001011000110101010011
00001000011011011000011111010011
10001111100000000010100110000111
01001110011000000010011000100111
00001001110111010000011101010011
10100100100000000010110110000111
00000000000111011000011001010011
00100100110000000010110110000111
11001010110000000010110010000111
00010111010000000010011100000111
10010111110000000010010100000111
00000000101000010000101011010011
11000111100100000010111000100111
00000001100010110000101111010011
00101110111100000010100000100111
01100110100000000010100000100111
00001001010100110000100001010011
00001001100001101000101111010011
00001001000010100000001011010011
00001000100101111000100011010011
11001011100100000010100000100111
10001010111000000010111000100111
00001001100101101000100101010011
00001000100001100000110011010011
11110010000000000010110100000111
00000011110100000010100000100111
00000011000000000010011000000111
00100010000000000010100010000111
11111010000000000010010010000111
00001000101001101000101011010011
00000000001011111000010111010011
00000001101110111000111101010011
10111111110100000010011000100111
00000000101010001000110101010011
01010110101100000010010000100111
10111111000000000010000100000111
00001001011101101000010111010011
00000001100000010000110111010011
11101101000000000010001000100111
11010011100100000010000000100111
00101000100100000010111000100111
00001000100110010000111001010011
00001001101110010000000101010011
00000000001100010000111001010011
11100001000000000010000010000111
01010101110100000010000000100111
00000001011100110000010111010011
01000111100000000010110100000111
11010100100000000010100110000111
00001000001001000000110111010011
00001001001110110000100101010011
00110010010000000010001100000111
00001001011101111000000111010011
01110110010000000010010110000111
00001000100000110000001111010011
11010110000000000010111000000111
00000001000001011000010001010011
00001100110100000010101000100111
10011001100000000010111010000111
00000001011111011000111101010011
00100001000000000010100100000111
00000001110000000000101001010011
00000001010000101000101101010011
11111000100000000010010010000111
00001001110011110000101011010011
00000000011100000000110001010011
00110000100000000010110000000111
11011010100000000010100110000111
11100111010000000010110100000111
00001001110010110000010001010011
00000000010111101000110001010011
00000000101011101000001001010011
00001001111100110000100101010011
01010000101000000010001000100111
10100011010000000010101010000111
11101111111000000010101000100111
00000000100110011000101011010011
00000001100011110000011001010011
00001001011010001000011111010011
00000010100000000010010100000111
11000011110000000010100010000111
01001100111100000010011000100111
00001000010100100000111111010011
00000000110001010000010101010011
01110101010000000010101110000111
11110110111000000010010000100111
00111110000000000010001010000111
00001001111111010000100101010011
10111010111100000010111000100111
00001001010110110000011001010011
00000001110101110000110111010011
11100000100000000010011100000111
00000000010001111000101001010011
00001000100111100000111001010011
00000000101010010000111001010011
10101110110000000010110010000111
00001101010000000010110000100111
00001000011101110000111101010011
00001001101001110000111111010011
00110100110000000010011100000111
10000101010100000010111000100111
00000000111101000000010011010011
11101110110100000010110000100111
00000000011000101000111111010011
00011011010000000010011100000111
00100111000000000010110000000111
00001001100011100000111111010011
00000001111110110000110111010011
10000100000000000010010100000111
00000000100100001000111101010011
10100011111100000010011000100111
00001001111100001000010011010011
00001000111001100000110101010011
00000001010001101000110001010011
10001000101100000010100000100111
00001001000001001000101111010011
00000000000010111000010001010011
00000001010001001000011011010011
00000001000001101000011101010011
10010010110000000010101000000111
00000000001000111000010111010011
00000001111110010000010011010011
00000001010010011000110011010011
10100111000000000010011110000111
00001000011111010000011101010011
01100001011000000010010000100111
11101100110000000010001000000111
00001001010000110000001101010011
01111111100000000010101000100111
00000000000110111000100111010011
10011111000000000010111110000111
11100111010000000010011100000111
00000000101000011000001011010011
01101101000000000010101010000111
00000000101111100000101111010011
00000000111011010000100111010011
00000001111011110000000101010011
10001111000000000010011110000111
00000000001100010000101101010011
01001001000000000010111010000111
00000000001010011000011011010011
00000001001100011000111011010011
00000001110001111000111001010011
01110100100100000010110000100111
00111111000000000010101010000111
00000000010010110000011101010011
00000000001000001000001001010011
10000011100000000010100100000111
00111100110000000010000100000111
00001001011101100000110111010011
00111001101100000010010000100111
00001001110000011000110111010011
00000001010110001000111101010011
00000000111011000000010111010011
00000001111000100000011001010011
11010000000000000010111110000111
10010110001100000010111000100111
00000001001100011000100001010011
00001000001101101000010011010011
11101111000000000010110000100111
00000000011000011000101111010011
00001000111101101000100111010011
10011100101100000010100000100111
00100101010000000010110110000111
00001000100110011000110011010011
00111101010100000010101000100111
00000000000111110000111101010011
00000001110110101000001101010011
10111110110000000010110100000111
10011110100000000010011000000111
00110100000000000010011110000111
00000001101010011000101111010011
11011100101100000010101000100111
01101111000000000010001000000111
00000101110000000010000110000111
00000000011111100000001101010011
11011000000000000010010000100111
10101111110000000010110110000111
10000010110100000010101000100111
00001000100001001000000011010011
11001101110100000010110000100111
01101000000000000010011010000111
00001000110110010000110011010011
00001000011011001000101011010011
00110011100100000010111000100111
00000001111100100000111111010011
00000001100001000000110001010011
00001001110001111000110001010011
11101000110000000010101010000111
10011000011000000010100000100111
00001001101001110000100001010011
01110000010000000010011110000111
10111010100000000010011000100111
11111101110000000010001110000111
00111100100000000010011000100111
00000000110111010000101011010011
11001100111000000010000000100111
01001000110100000010001000100111
11011010100000000010111010000111
00010011100000000010111000000111
00000000000101000000011111010011
00001000110110011000010001010011
00001000010101010000111101010011
00101001100000000010010000100111
00001001111100101000000111010011
10000100101100000010110000100111
11010010110000000010010110000111
00001000101110100000011111010011
00001001011111011000011001010011
00001001110000100000101001010011
10101001010000000010100110000111
00001001010110110000100001010011
00000001101101101000011011010011
00001000110000011000111011010011
10110001110000000010111000100111
00001000011101010000100101010011
10111111000100000010101000100111
11101111100000000010101100000111
11011110001100000010111000100111
11110011010000000010101110000111
10011011100000000010101100000111
01000101100000000010011000000111
10000011010100000010000000100111
00000001111000000000110111010011
00001000000001011000110101010011
00000001011100101000101001010011
00000001110001101000100001010011
00000001111110111000100111010011
00000000111011000000101011010011
00001001011011111000000011010011
10110011010100000010010000100111
00001000011000010000111101010011
01011101010100000010100000100111
00000000111010110000110011010011
00001000111100010000001101010011
00000001001011100000010001010011
10011111111000000010101000100111
00000001110011111000001111010011
10111110100100000010000000100111
11000110010000000010100000100111
00000000100111010000101011010011
00000000010000010000001001010011
00001000100010000000001001010011
11011101110000000010111000000111
00000001011000111000011011010011
00000110110000000010010100000111
11111100110000000010100010000111
00000000111010000000100011010011
00001111101000000010101000100111
00001000011001100000010001010011
00000001101110101000001101010011
00000000011010100000000011010011
11001000000000000010010110000111
10100011110000000010010100000111
00001000101110101000000101010011
00001000101110011000010011010011
11100001110000000010110100000111
00010000110100000010100000100111
00000000001000011000111101010011
10011001000000000010010010000111
00001001000000011000000011010011
00000000011000001000010001010011
01101010100100000010111000100111
00001000010010010000101111010011
11111001010100000010011000100111
00001000101110011000011111010011
10000100010000000010000110000111
00111110111000000010100000100111
00000000111001110000010111010011
11101000100000000010110000100111
00110101000100000010001000100111
00000000110101001000001101010011
00001001110001110000110001010011
01001100000000000010100010000111
10001111001000000010110000100111
10111110110000000010000010000111
00001000100111011000111111010011
01100111111100000010000000100111
00000001010100110000011001010011
00001001100011010000111111010011
11010000010000000010000110000111
00001001011110100000111011010011
00000000110100000000101101010011
00010111000000000010111000000111
00000000001011110000011101010011
00001000110100010000110011010011
00001001110010000000001101010011
00000000100111011000000101010011
11011110100000000010111110000111
00000001111111111000000101010011
00000000010100011000001111010011
10110000101000000010001000100111
01101001110000000010110000000111
00000000011101011000000011010011
00001001001111111000110001010011
00000010100000000010101010000111
00001001010011010000100011010011
00000001010010010000111101010011
00001000110010000000001011010011
11010011100000000010101110000111
11100111100100000010000000100111
11000111101000000010011000100111
00011110010000000010011100000111
00001001000011010000011001010011
11010011110000000010011100000111
00001000110000101000011101010011
00001001100011111000110101010011
00110100000000000010100000000111
00001001011110101000010101010011
10110001000100000010000000100111
10011111010000000010011100000111
01110101111100000010101000100111
00110101110000000010010000000111
00001001110110010000010111010011
01101111101000000010110000100111
00001000000100111000010111010011
01110111010000000010001100000111
10010111110000000010001010000111
11000100111000000010010000100111
00000000000011111000110101010011
00001000101101011000100111010011
00001011000000000010100000000111
00010011010100000010001000100111
00001100111000000010000000100111
11110101110000000010100010000111
00001001100111011000111001010011
00000000101100110000111111010011
01101110100000000010000010000111
00001001110000000000011101010011
00001001110100001000011101010011
10101001000000000010101100000111
00000000101101010000110101010011
00000001111011100000000111010011
00011011111100000010101000100111
00000001000011110000000011010011
00000001110111010000010111010011
00011001001000000010100000100111
00001001101111010000110111010011
00001000110000100000001001010011
11001100110000000010000100000111
00001001111110100000111111010011
00001001111110011000011011010011
00000001001010111000101101010011
00001000111001101000111111010011
01011000010000000010001100000111
00000110000000000010100000000111
10110011110100000010010000100111
10111001110000000010100000000111
00001001011011010000100111010011
00100100100000000010001100000111
11010110000000000010101000000111
00001000101111010000011101010011
00000101100000000010110000000111
10001011111000000010001000100111
00000001000101010000110111010011
01100101000000000010110000100111
01100001111000000010001000100111
11000100101000000010010000100111
00000001111000101000111011010011
00010010010000000010110000000111
00000001111001111000111001010011
10111011100000000010001100000111
00011000011100000010111000100111
10111011000000000010111000000111
10100111010000000010101010000111
00000001010011011000111111010011
00000001011000001000011001010011
00001000101101001000100111010011
11011101011000000010010000100111
00001001111011000000111101010011
00000001100110001000111111010011
11010000010000000010111110000111
10010011000000000010011000100111
00001110101100000010010000100111
00001000100101110000100011010011
01101111010100000010010000100111
11000010110100000010011000100111
10000111001000000010101000100111
00000000100101100000011101010011
10111111001100000010100000100111
00000000001000111000110101010011
11011001111100000010100000100111
11101100000100000010110000100111
00001001010110101000010101010011
10011111000000000010100100000111
00000000101010000000011111010011
10110000110000000010101000000111
01000010010000000010001000000111
00000110110000000010111000100111
00000001101111010000000101010011
00001001100011110000111001010011
10010111010000000010001110000111
00000000010000001000101001010011
00001000000100111000010011010011
00001000100100000000101101010011
11001110010000000010010110000111
01000000010000000010100000100111
01000010110000000010100000000111
10000101000000000010101000100111
00000000100101011000000111010011
00000001011101011000000011010011
11111101011000000010101000100111
11000011101000000010001000100111
00100101110100000010101000100111
01101000110100000010000000100111
00001001000101010000100101010011
00011111110000000010010000000111
11101100110000000010001000100111
00000000101010110000011111010011
00001001011101001000010011010011
10110101100000000010010100000111
00000010010000000010011100000111
11100010010000000010110010000111
00001001110011111000001011010011
00001111010100000010100000100111
00001000001000010000100001010011
00000001010001001000011011010011
00000001110010101000101011010011
00101111000000000010101000000111
01110110010000000010100110000111
10010110110000000010011000100111
00000001011010110000110001010011
10000100101000000010101000100111
00001000111101011000011101010011
00000000101000011000101011010011
00000001000011011000100011010011
00001000011010010000000111010011
10110110010000000010100110000111
01101001000000000010111110000111
11011101010000000010111110000111
00000001110001000000111011010011
00001001001011010000100001010011
00000000110101100000010101010011
10111010100000000010010100000111
00001001100101000000111001010011
00000001111110001000011101010011
11011001011100000010100000100111
00111100100000000010001000100111
11111110000000000010000000100111
00001000100000000010100100000111
10001101101100000010011000100111
00001001111001001000001001010011
00001000110000101000011111010011
00001010111100000010100000100111
11010101000000000010100100000111
11111100010000000010010000000111
10011010110000000010111100000111
01001011100000000010000010000111
01010010010000000010011110000111
00000000101111001000111101010011
00000000010010100000101101010011
01100001100000000010001000000111
11101001000000000010010010000111
10110000000000000010111010000111
00000000100100100000100001010011
00001001101010110000011101010011
01110100000000000010011000100111
00000001011011111000111001010011
10000101000100000010000000100111
00001000111110001000000101010011
00001000111011100000101111010011
00001001000110011000011001010011
01010100100000000010011110000111
00001000010001110000100101010011
00111101110000000010011000000111
00101000100000000010100110000111
01100110010000000010101000000111
00000000011100110000001001010011
01111111100000000010110000100111
00110110011100000010011000100111
00001001101010101000001001010011
01010011001000000010000000100111
00000001011000000010000000100111
00000001010111010000000101010011
00000000001000011000011001010011
11011111110000000010111110000111
10101111110000000010000110000111
00000000110110011000011111010011
00000000001110100000110101010011
00001001101100010000011011010011
01001010110100000010101000100111
00001001110111010000100001010011
00001000101101110000011111010011
00001001110011010000110011010011
00001000011111000000111101010011
00100101001100000010111000100111
10101000110100000010001000100111
00111100010000000010010010000111
00001001110011111000111111010011
00000001010010001000100001010011
00001000111000100000110011010011
01111011000000000010100100000111
00100000110000000010001000100111
01011010110000000010111000100111
11100010100100000010111000100111
01011011001000000010110000100111
11110000100000000010010000100111
00001001111110000000100101010011
00000111100100000010111000100111
11011000100100000010011000100111
00000000110111011000111101010011
00001001111010111000100101010011
00010001100000000010000110000111
01110111000000000010001100000111
11011100101100000010111000100111
11111000000100000010010000100111
00001000000001110000101101010011
00000001111101100000011101010011
00000001001001000000111001010011
00001001010101011000011111010011
00000000111000010000101111010011
11110110011000000010011000100111
00000001010111101000000101010011
10111101101100000010101000100111
00001001101111010000101111010011
10010000010000000010101000100111
11000010010000000010101010000111
11110111101100000010001000100111
00001000000100000000010011010011
00000001110011010000010001010011
10111110011100000010000000100111
10101011100000000010000100000111
11011001000000000010010000000111
01001010001100000010110000100111
00001001001010001000110111010011
00000011010000000010100000000111
10001111010000000010010010000111
10001100011100000010111000100111
11000001000000000010111100000111
10001101110000000010010000100111
01101110000000000010000010000111
10011010110000000010011100000111
10111101110000000010101000100111
10111000010000000010111100000111
00001000100110011000011011010011
00010100110000000010010110000111
00011011010100000010001000100111
01010001100000000010100000100111
00010001010100000010010000100111
01011000101100000010110000100111
01101110110000000010111110000111
00000000101000011000011001010011
00010100000000000010111100000111
00111001000000000010010000000111
00001001000001001000110101010011
00000000010010100000111101010011
00011100000100000010101000100111
10000001100000000010010100000111
00000000011101111000101001010011
01101010000000000010010000000111
11010010110000000010111110000111
00001100111000000010110000100111
01100001100000000010100000100111
00001000010000011000110011010011
00000001011111110000001001010011
00000000110110101000101111010011
01011100110000000010111010000111
00001001101101000000001101010011
00001001110010011000101001010011
00010111001100000010010000100111
00000000011010101000110111010011
00000000101011110000101001010011
10010000110000000010000100000111
10101100000000000010010100000111
10001011000000000010010010000111
01110101001000000010011000100111
00110011010100000010010000100111
10001000010000000010110010000111
00001000010011100000111011010011
11101110000000000010001110000111
10000001110000000010111100000111
10100101100000000010100000100111
00101111111100000010001000100111
00000000101111011000101101010011
00001000000001011000110101010011
11000110010000000010000100000111
11101100001000000010101000100111
11111010110100000010000000100111
00000001010100101000001101010011
00000001011100101000111101010011
00001001101110111000101001010011
00001001110100001000000101010011
00000010010000000010111000000111
00101010010000000010001010000111
10100011011000000010111000100111
11010101001100000010100000100111
00001001011100011000100101010011
10111101110000000010010000100111
00000000111110101000010011010011
00001001001011011000110001010011
11011001100000000010011010000111
00111010000000000010111110000111
01110010000000000010000110000111
00001001001010001000100101010011
00000001110101111000101001010011
00000000111111110000110111010011
00000001110000001000010001010011
00000001011001001000001001010011
01110111001000000010011000100111
10110000111100000010011000100111
00000000010000000010010000000111
11100110001000000010110000100111
00000000010110000000100011010011
00000001001010011000011101010011
00000001110111110000111111010011
11101010110000000010000110000111
00000000101110110000110001010011
11000100010000000010001110000111
01101110101100000010110000100111
00000111111100000010011000100111
00000000001110101000110111010011
01001100000000000010010000000111
11101001101100000010110000100111
00000000110000110000101101010011
00000001010011001000010111010011
00001000101001100000011111010011
00001000100011110000100111010011
10111100110000000010011000000111
00001000111101011000010111010011
01010110011100000010111000100111
00110111000100000010001000100111
00001000110101110000010101010011
00110010000000000010011110000111
10111001010000000010100110000111
00001000110010001000101011010011
11001110010000000010001000100111
00000001000000000010101010000111
10100111010100000010011000100111
00000000001011001000001011010011
00000000001111111000001011010011
11010001010000000010001110000111
00001000011111110000101001010011
00000000111011011000100101010011
00001001101110001000010011010011
00000001111110010000111111010011
00000000001110101000001001010011
00000000000101011000001111010011
10100101100000000010111110000111
00000000100100011000011011010011
10010011010000000010011100000111
00101010111100000010111000100111
10110001110000000010011100000111
00001000100011011000001011010011
11011001100000000010011110000111
00001000100001010000111011010011
00000001011101011000110011010011
10000111000000000010100100000111
00000000000111010000100111010011
00001100010000000010110000000111
11110001100000000010011100000111
00010100100000000010001110000111
00000000011101000000111101010011
01100011100000000010001110000111
00001000000010101000000111010011
00001001011100101000011111010011
01111101100000000010110000100111
10100000110000000010000000100111
01001001001000000010101000100111
00000001011001000000111001010011
00101111001000000010110000100111
11001100001100000010011000100111
00000001000011110000011001010011
10000001000100000010101000100111
00000001001000101000101101010011
00000001100010001000010011010011
10110111000100000010100000100111
00001001100111011000000011010011
00000001000011101000110001010011
00000000100010101000010011010011
00001000010010110000101001010011
00000000000101100000110011010011
00000000010000000010111010000111
11011100000000000010010100000111
00000110101100000010110000100111
00000000011101001000100101010011
00000001001001101000000011010011
00000001011000011000101011010011
00001001100001110000000111010011
00001000100110000000101101010011
11101001010000000010111100000111
00001001010011011000101001010011
00000000001000111000100101010011
10000100000000000010110110000111
00000001001110001000001001010011
00000110011100000010000000100111
00001001001010001000001111010011
00001000001111010000100011010011
00000000101000010000000011010011
00000000011110101000010001010011
00001001110100011000111001010011
01101101111000000010100000100111
00000001001101010000001111010011
00000000010110000000111001010011
01000101000000000010110000100111
00001001011111100000110011010011
00001000010011100000100001010011
00001000101001100000111101010011
11100100100100000010111000100111
00001001011100101000100011010011
01010110000000000010110110000111
00000000001100011000101011010011
11010010000100000010110000100111
00001001110111001000100011010011
00000000111001110000101001010011
10011101000000000010010000000111
11110101100100000010101000100111
00000000110011100000110011010011
00000000100101100000010101010011
00010101110000000010100000100111
00000001000001010000011001010011
11000010111000000010100000100111
10001011000100000010101000100111
11010101100100000010010000100111
00001000010101011000100101010011
01111010010100000010111000100111
10011001110100000010101000100111
10011110111000000010011000100111
00000000001100110000011011010011
10100100001100000010110000100111
10011101111000000010000000100111
10101100110100000010010000100111
00000001111001010000101111010011
11011000000000000010011100000111
00001000111011011000011111010011
01011101010000000010101000000111
11100010100000000010010110000111
00000001100100101000001001010011
01010011101000000010001000100111
00001100000000000010011100000111
01100111101100000010010000100111
11000100011100000010000000100111
00001000101000000000010011010011
00000000000000000000000001110011
00000000000100100110100001011100
10010110011010111100101010110000
00000000001100100100110000001100
01001001111111010000000100000011
00000000000010001000111111100011
11110001110100110010100111100001
00000000010001011001011011000110
10011100111011000011011101011110
00000000000111100100000101000110
00101000111110100001111111010101
00000000000101011001111001010001
10111000111001001100011111011111
00000000010110100001010010111101
01101000010101001111101001101011
00000000010010001100011100010100
01110101001010100101000111000110
00000000011100001001111110000111
11001010001001000011010100010011
00000000011010010001010101010110
11101011111100110111011000111010
00000000010111100000010101111111
00011001110111101000011110110001
00000000001111001010010111101001
11000010111101011010100111101011
00000000000101110101011101011110
11011101010111011001011111110001
00000000011101110000010000000000
01011001011011100100001001001000
00000000010001110010001110101010
01110000000100000100011000011010
00000000011100001010101111001110
11111101010000001101010100010100
00000000000111100111111110000011
01111010010110001001101010011000
00000000000011100100101010011001
11100001101000101001100100011101
00000000010101110111111000100010
10100111100100110011010000101101
00000000011010100110011001001000
00100000000000100000000111011101
00000000000110010011010011101100
11111100100110000011101111100100
00000000000001111100101010000001
00001010011001011100101101011010
00000000010001101111001110101110
00010100000001110101010101111011
00000000010111111001000010001001
01101100011101111110111000001110
00000000001000110101010000101001
11010010010110000000100100110011
00000000001000001100100101101101
00101000010110100101101000111010
00000000000000010111101100011010
11110110101111110011011110011100
00000000010111100000000010111110
10011000111001001001010111110001
00000000000000011000001100101001
00110110100000010000100110101100
00000000000110111001110101101001
10010011110010001110110011101101
00000000000111110010100110010011
00011110111000000101110110110111
00000000001010001000000110000101
10110111110111010101110100000011
00000000010010100001110100000001
10110110111110001110001100101001
00000000000001110000011101011100
11100110010001000111101010100000
00000000000011110001001010011010
00010000101001011011111010110100
00000000011110001101100110000110
00011100001001001011100000111111
00000000010010100001011101101110
00001010110011101011111101101011
00000000010100101111011111100011
10100011001110100101110000000011
00000000001000101100010110011001
01100101011110001010110100001000
00000000000100111001010010110110
10011110010110101100001111111011
00000000010010100010100001111011
00001001101100100110100100010110
00000000000110101111101100011101
11000000110001101000101110001000
00000000001000001110000000111011
11011001101100000000001000011100
00000000010001000001111010100011
01011001010110111110110010101010
00000000010100011101001001010001
01000110001101100000111100101101
00000000001101111101010010000010
00010001010001010011111100100000
00000000000011110111100101100100
11110101110101110001110000000111
00000000001101111010011011100110
01111101101111101001100000011101
00000000011111001101110001011000
11101010001100101100110000110010
00000000000101100101010111101100
11001110111011011110000011111011
00000000000110011100011010011010
01110001001011000100000000111000
00000000001110110010110000101000
10101100111000010001000001011001
00000000000001010101101010100010
00010100111001110101101001000101
00000000011110101111110101010011
00001110111011111000011111000100
00000000001100011010110110000001
10000011100101111001000001010110
00000000001100011000101011110001
01110001101000011101000000011101
00000000000011110100111000010111
11000101010000011000111101001010
00000000000101011000101110100110
01011101101101110110100100101100
00000000011111000101101011000101
00101010010101010010111101001101
00000000001111100011100100001000
00100111110011011001101010010111
00000000010000100000000110100100
01000010101101110011010100011110
00000000001000101011010000011100
10001101101011101110010001100001
00000000010000111110001111011101
01010111110011111111100100110111
00000000001100001110000000101110
01000110111010111101111100010110
00000000010100110010111000000000
10001011101110010110100010011010
00000000010010000001001010001011
10111001001000010110001111101001
00000000000011110000101110101000
11110110101111110011000000000011
00000000001001001100110000111111
01000111000100100011101101111100
00000000010010000111000010001100
00011000101011100101101010000101
00000000001001100110111000010001
10000000001000011111110100001100
00000000010001100000110000111100
00100010010000011110000100001001
00000000000101101100101100010011
01011110001000110110111100110110
00000000011111101010110110010111
10001011011110010000000011000001
00000000010111100111001011010100
01001101000110011011001000101111
00000000001111000001110001110011
01101000111110100000001001010101
00000000000000101000001100011001
01101001011111001111110100010010
00000000010001001110111100011101
11101001011000100101010111100101
00000000010101100001100000110111
01100100001111011000001001010110
00000000000001010011010011011000
11000000010111110101000001100011
00000000011110010000111011000110
11101101111001111000101101000000
00000000000001100011010111011000
00010111011000000101010101010101
00000000001111000100010111010010
01110111111100100010110010101111
00000000011000101001001100010001
10000110001111011001111011101000
00000000011000010011111100110111
10011000100111111010110100010111
00000000000011111101010101001111
00000111000101011101100100001100
00000000001110001111110001100101
11001011100101101001100001000011
00000000011011000000010000100000
00100101100011000000000010100110
00000000010100101110010100010111
10010110101111000100001110111010
00000000010001100001010110011011
10010110000110110101110010111010
00000000010011011111001010110001
00100111101001101101000100010000
00000000011101111011110100001001
01000000100010100011001100011111
00000000001101100110101000000001
00111110001111001101110101001100
00000000000110010111011110101000
01001100010101101111011010100110
00000000001111000100101010010000
01000111100010011111100101100111
00000000010001101010010010100010
01011001111000111001110100001110
00000000011101111011011010101010
11011110011011000110001001011100
00000000000000000011111111010110
10011111010010000110100101101000
00000000010100011110001001111101
11010001100100100100001011111000
00000000010010101101100011001001
00111100001001101101100110100001
00000000000111000001010111111000
10010001000100110001100100111111
00000000000100101000011110101111
11101110001101101101001001100111
00000000001111011001111011101010
00001111011011100110110011100100
00000000001111111010110110010001
10100000100001101011110110101000
00000000010100100100001010110010
01011001000111100110111010101001
00000000010011101111100110000001
00110101110111110000111100000011
00000000001010101001101001010110
00010101000101101101001011000111
00000000001100000011011111000111
11101110001010100000111011111111
00000000011000010010100101110111
11101100001111011100010010101110
00000000011001010001111010000100
01011111100000101110101101011101
00000000010100001101101101011100
10001111110110100010111111011101
00000000000010101001010111101101
11100010011010100011100011000001
00000000000010001000101111101011
11111001000100001100011110011111
00000000010011010101111000011110
10001101001110000000000011001101
00000000010001000110111011100100
01001001000100100110111001111001
00000000000111010011101001100101
11101101101000010101001111011101
00000000001110000010101010110000
00001111010011011100100111011001
00000000001100101101110100010011
11000100101101001011101111110010
00000000011001011010100001010011
10011000110000010110110011111010
00000000001110001010110011000100
01010100000010000100110100101001
00000000001111000111010110101001
10101010101111011100100100111110
00000000010111110011100100011111
10101100111101111110001011000010
00000000001010110000100110011100
00011110010101000100011101011110
00000000000011111111101101001100
01011010110000011101001110011000
00000000010010010011110111011100
00000110101001010011000010111111
00000000000110001100101111010111
11001111111101000000100101010000
00000000000101111111011101100000
10000111001010100111001000101101
00000000000101111101011100100010
10100000101000010011100010000110
00000000001010101110011010111100
00000010110110001101011011111111
00000000010000101111000100000011
11001000010100010011000100100011
00000000010100011001011010100100
01110100111001000011110010001011
00000000011011111110010010001000
11110000100100001101001100101111
00000000000000000000101111100111
00100100010101111100110011000011
00000000001100010010001101111011
00110100011111011110010011100100
00000000000110110110001111011001
00100111001000000010011000001101
00000000000011100100100100001101
00110011110101111110001000110010
00000000001101100110010011000110
11101111111100100010101111001001
00000000000100011101100000001001
01010100110001110011111101000001
00000000011100100010111010010101
00111101011110001000001111101100
00000000000001000100100011000011
10101010101101001000001101001100
00000000011010110100110010101001
11110001101010000001110110111111
00000000000110100110101010000000
01111000010010101111100110001110
00000000010111101111100100001000
00001010100111001010101011010110
00000000000100000000110101110110
10110111101001000001011001100000
00000000000101100101100010010010
11011001001001100011001110000011
00000000001110001000010000011000
00000010101100111110010101101001
00000000000010000111110111010011
11110000100111010000100011100101
00000000011100101110010100101011
00111011010101100000101000001100
00000000001010010101011111010000
00110011011110001000010010111011
00000000010011000101001111010011
01101011110010011101001110000001
00000000000001110010110100100101
10101111000011111011101111001001
00000000011000010000111001000011
01111010000010101100100110110011
00000000010000110010011001010110
10101101001000100011110100000101
00000000001111011111111110001011
11100010100011011010101000110110
00000000000010100011100111100100
11110100000100010001010011110101
00000000001100111110000000110100
11111011100001011111000010111100
00000000001101100000101001011001
00000011011011010000100101111100
00000000010010010001110111101010
01101001001000001000111010000000
00000000000101110111010111001101
01001111001010001000100010000001
00000000001111010111100110110100
10001000101011010011000101111010
00000000001001111111011001110101
10100001010101010101010010111100
00000000001100010110011011011111
10111100010111010011100111011101
00000000010111000011110110111000
11110110001000001101101110110011
00000000000011101001101011100010
10100110001110101001101011000100
00000000011011101000001111101000
01110000100100101101100101000001
00000000010001110111100101000001
01010010110010000010010110110101
00000000011111101010111001010100
10000100101110010000101000010100
00000000011100111110010001000110
10101011110010110111110011000001
00000000010100011110000100001101
01011000001010111010001011010001
00000000001101010001101011000100
11110111001111010010101000001000
00000000000110110110100011001110
01100001011111100001111110000001
00000000010000101010010101100101
01101100101011010001101001100110
00000000000011101011111110001011
10010001010111000010010111110011
00000000011000111101001110011110
11100111000001101101000010100100
00000000011000100111111100110110
01101100011001100001000000010010
00000000001011001100100110110101
11011100100010111111010001010000
00000000011110110110001100000000
00000010000010010001011111110010
00000000010111111000010110100001
00001011101011001011101110100000
00000000010111111000100010110100
00110111100011111000111010110011
00000000010001001001111110001101
11000011101101100010011110101110
00000000000101111111101010100110
01110010010111000100101101111001
00000000001111000010101110110011
11111111010011010100000101001101
00000000000111110110010010011101
00011111110000111111100001010100
00000000001010010000111010010111
00011001001100000010101010011011
00000000001001000011011011001011
11111100100100011000011010110111
00000000000000010100011011100011
00011111011100011000111101010111
00000000011010111111011100011001
11011110011111000100100111100001
00000000001110111011100101111100
00100011101110011100100011001000
00000000001110010111000000010111
10110110111000111000001100011111
00000000000110001011110110001010
11011100111000001100101101100000
00000000010101110011011001011010
01100000011110100100110011001110
00000000010111110111000101001000
01010111011001101110010011100000
00000000011011100111000111100111
10110000110100111101010001110111
00000000000100101100100010010011
01101010101011010100001111001001
00000000000110001110001101100011
00100100010010100101111110110111
00000000000100101101010010110110
10011110011010001000100100011101
00000000000110101100101011110001
10001101010000011001111110010111
00000000010001100110000101111111
00101001111000010111101000110001
00000000001100111010110100011011
01010100000110110111000110000011
00000000000100001101011010100111
10001010100101011111110001001101
00000000001011100010111111101110
11100110011011111110010010100110
00000000001101000011010011111000
11010100111100000101001111001110
00000000011100110111100010110110
10101111111010100000111101010011
00000000000011000111011000001101
01111110110101101101000101010011
00000000001000111111100111000011
11011000111001010000100100011011
00000000011110100100101001001101
01111011010001110100000101110111
00000000011111010100000011101110
01110000010000111110001110001110
00000000001000110000101010001101
11010000101100000010001111100101
00000000000101101101000000010100
10011001001111101111001000011010
00000000001111101111001100101010
10110010100100100110001010000100
00000000011100010110000001000101
00110000000011101000111110000011
00000000001001011001011001000011
01001001111110100101100100111100
00000000001111010000111111000010
01111011011110000100110101010110
00000000011001110011101000011111
01111000001000000011011010000111
00000000011110010101100000001111
00111010101100010101010100111110
00000000001111011101001101001111
00100111000110101010111010110010
00000000001000001100100000001110
01000000101100101001001000110000
00000000011110100011101011110000
00001110100011110001010000001000
00000000010100100011010100000111
11001100011011000111000010010011
00000000010101000010000111000001
01110100001101110101101000101011
00000000000111111010000110010010
11001111000101111010100001000011
00000000000000010011010000011110
11100001001111100100000101001111
00000000010110000010001111000000
10111111110011000011000000101100
00000000001001111110100100100010
00001010100001100010001011111101
00000000000000110110110010111101
11100010010100101000010100101001
00000000000100000101111010100101
10001100011101000110100000101101
00000000011100001011011101110111
10010111110000001001100111101011
00000000011100101011100111001101
00100101111010010000101111011101
00000000000000111111011110110000
00111001101010101000000011001010
00000000000010010111001100101000
00111010010100001110011101011010
00000000010010011100111101010010
11101001100010010101010001011111
00000000011011011001001001110111
00111000001001000010100000111110
00000000000111111000001011001111
00111110010011000101101101011011
00000000001001011111100111110001
00111100101101001110010010010110
00000000000101011100000001110001
10101010111000010100101010100101
00000000010110101111100000000011
10011111000110011001101101011011
00000000001110001001110000110001
00111101101000010000000010011100
00000000001001010111000011111000
01101011110010110100011111111001
00000000001101110101010111110001
00100000001110101101101010111010
00000000000101010100000101111001
11011001100010110100010000110010
00000000011001000101010110101001
10110111101100111111111110101100
00000000001010011000101101110111
00110110111011000111001110101001
00000000000110011100101000011000
11111101010101110100111011011010
00000000011110100000111110001001
11110001000000000010100010100010
00000000011010011101101001000111
10111010111110000001101000111111
00000000010010010110011011010111
01011011000010000011011110111010
00000000011000011100000001111001
01010010101000001000011001101110
00000000001010110000101110110000
00000111010001011111110011100000
00000000000010011001011110101011
00001101001000011010011010101100
00000000010011110100011100010101
00100110101011110000110100101000
00000000010000110111110110100001
11100101101110000111101100110110
00000000011100011100000010101001
01111100101000001100000111001111
00000000000010111011000100001111
00100110010011101101111111111111
00000000011011010000100010101101
00000011011100101001010100100011
00000000010111000010110010010010
10001010011111001100001111010110
00000000001100101001011001001010
10100100010000001001010111011101
00000000001100101110101110001101
10010011010110101011010111000101
00000000001010011011010010100010
10101001000011100101001101101110
00000000010100111100110000010100
00000010001111111110011010111111
00000000010011010000011111011100
11010010101011101111010110101001
00000000011101001001101010100011
11110110111101010010110011110101
00000000000100111010011011010011
01011011001111011001111100001000
00000000011101111000110001100000
01110111111011001010000010110011
00000000000011001001010110010010
11110011100111101010111100111101
00000000011001100010110010010011
00101001010101000111011100110010
00000000011111001111111001000001
00000000101110100010001000000111
00000000011111010010010000100100
11101111001000010101001000001101
00000000010101100100000110101011
11010110011100110101001011101001
00000000000100110010000110100111
10101011110100000000110100101010
00000000010101011100100011010000
11000001010110100010110110001001
00000000010010101000101100001010
10001000111001011100011000111111
00000000001100110011111110111000
11100101101010110000111000101010
00000000001101101010001110110001
11011010001101101101011001100111
00000000010101111010100110001100
10010100000110100100111001111101
00000000010010000000010001001001
11101110110101111010101000000110
00000000000101000001001111110011
00001001000001111111010100100111
00000000011110001100101100000001
11000000010110000100100111000000
00000000001001010110010011011100
11101101000011010111000011110001
00000000000101101111000100010110
10000011011110111101100011111100
00000000000000000010101101001111
10010101000001101000110110111101
00000000000110001111100011011111
01011101011100100010111001101011
00000000010010110010010011101000
00100011111101011101110011010000
00000000010101000011000100110010
01101011010010101101110110111011
00000000000010101101000111101011
01000101100011010000110101100111
00000000011100011001110101110101
00110000101001100000001001101001
00000000001111100011101110001011
11100110101100111000001101000011
00000000000000000010101001011010
00000011000010110001101001010001
00000000011011011101111010111111
00001001100000101110110100101001
00000000011111110000011010000100
01111100000101110110001010001001
00000000010101111011011001001101
01001111100101110010111111100010
00000000001101000111000001011110
00000001001010101001100001110100
00000000001000101110000001100010
11100110000000110110001001001110
00000000000110001100100101100101
00011010010101011101001110110111
00000000010101111000001010010101
00101111000101010100111100001110
00000000010100111010000000111111
11010101101001011110011000101010
00000000011110001000011101100011
01100011010101111011000000111110
00000000010100111111101110011101
10011000100111101111111111111101
00000000011111001001000011101101
00001101110001000111001000110000
00000000010110101001000111000101
10001111001010000101100011100110
00000000011010000100001000100101
10110000010110001010000010101100
00000000000011001100010101111100
10110011000101100100011010011110
00000000001110001111001010011011
11110011011100001010110011100110
00000000011000100010111000100110
00101010011101000011110011110000
00000000000011100110011001011011
10010010110000110000001001010101
00000000001111001000101101110100
10100000011111100001110111001101
00000000011010010011011010100111
11110010110110101000110101100001
00000000000000001000100100110100
11010100110101001000111101101001
00000000001111111001110011100011
00111000001111000100101011110010
00000000011010101011101101111001
01000010000100000111011000111000
00000000010101111000000110000011
00110111101011111001010010100111
00000000001010001011001110011011
00000001000101011000011100111101
00000000001010010100010111110100
00011111000100010111101100111010
00000000000100000111001110000011
10011111100001101011110001000001
00000000010111111100111000110001
11001101111100010000010001000100
00000000000001011101001101000100
10110101111101100000000010101000
00000000001000011011101010011011
00000111101111011000011010011010
00000000010110110110001010011101
11111101100110010001001111110011
00000000011010111101010100110010
01010100001000111001010111101001
00000000011000110110001100110010
10100000000011010001111111100111
00000000010111000110100111001011
00010000000001111001101010110111
00000000010001111010111011110100
01001100101111100111100000011101
00000000000000011101111111011100
01101011101001100011010111000110
00000000010101110111100010111101
01111010101111010011111100000101
00000000011001111101011000011111
01110101010011001011011000101011
00000000011101010010001111101001
00111110100100101010001111001101
00000000000101100101000011010111
11111101010101111101011101010010
00000000001100001010111110000111
11011101100100011110000010011110
00000000001111011011101001100111
11001101010001101011110000110011
00000000010011101110010111110110
10100000100000011010101001001010
00000000010111001010011010111101
00001110100011000000011000010011
00000000010100001100011001110011
01010000001111110001111100100000
00000000010011010000100110000101
11010100101011010011110110111000
00000000010010111000100110000010
11100100000001010001010011001100
00000000011011111011010010000010
11101111011111100010100011101110
00000000010111100110111110011111
00000111100110110101010111100101
00000000001110110000111111101011
00110111011111110001110011011001
00000000001110101111010111011100
00111110101001000111111110001000
00000000010100111000101000100100
01101111111100101101001011010010
00000000001110110111001101010110
01111111001001110000100100010010
00000000000010110000100111100100
00111110000010000001100110001101
00000000000011000000010011110100
01000100010001010110101110000001
00000000000001110001010110101010
01110100111100100101111101110000
00000000011101100111011011101101
10001100111100001100101101011011
00000000011001011100011001001010
11001001101101001010110000100011
00000000001111100010001101011010
01101010110010111011101010000011
00000000001010010001101011011000
11001111011101010011101010010110
00000000010100100010011100100001
01110110101110111011000110000000
00000000011101010010000101000000
01100101010101101011101001011111
00000000001000110011001110010100
11110101011001111111111101111111
00000000010101001000000011101010
00001101000010000001000111100000
00000000011011111001100110010001
00011001110110111000110011100001
00000000001101100111101101101010
00011010000000001010110010111110
00000000001111001111011011101011
01110011000011110011110000001110
00000000001100101001110110111111
00001001000010011000000111011000
00000000001101110100110001110010
01011010000011110101101110011000
00000000000100000100010110110110
10111000001111000011011011111000
00000000000001110100011011000011
11010000010000100110010001011001
00000000000000010001100100110100
00010111101010110101111011100111
00000000000111100011010000010110
10010101100000111100111000000010
00000000011101000111000110000100
01100011110111000101011001110001
00000000000100001001001010001011
11000010001010100110010010100101
00000000000101110011010101001110
01101100100010100001010101101001
00000000001101100001110010100100
01111011101011101101110000100110
00000000001000100000101101011111
00101010010011100001010111000101
00000000011100000011100111011011
01111100010000100110010010001110
00000000011011111111011000010000
00110010110010101110101011001101
00000000010011110101011000100010
00001010111010101010000011101100
00000000001010001111101001011110
01110100110010101010001000111101
00000000011110101000001001111011
10001101101111101110100100111001
00000000010000111110000011010101
01100110000000101110011111011110
00000000010111010110110110011010
10111101101101000010111111110100
00000000011101110000011001101000
00100100011001100011010100101111
00000000000110100101100000100111
00001000001000111111110110010001
00000000011011111001110110101001
00111000001101110011101100111010
00000000010001010001100111011101
10101100111100010001011011010011
00000000010010011111011101000000
00010100101011110110100000011001
00000000010000100010010101101110
10110001100000101100010010110111
00000000011111001111101000101001
00100101111111100011001100101100
00000000000111111000100111000101
00111110101110110111000001001110
00000000001000100010111110011100
01011000111111011000010010100000
00000000000101000110001110011001
01001110111011110111100011000001
00000000010110011011000100110111
00000010000000111111110000010101
00000000000010000011110100000111
01100111001110010000001010000100
00000000000011110111001001110110
11011110010110110001110101101100
00000000011000111001110011111110
10100001000111011010100011101110
00000000010110010100100011111101
01000100111100100000001000101010
00000000011000100111101101000011
10101011100111111100100010100001
00000000011011011100010000111100
00111001101011111100010000101001
00000000010001001110011010100001
00111110000110000011001110001101
00000000001111011101100101010000
00100111010001111011010111001000
00000000010011111001001000101010
00010001001001001011001111111110
00000000000010100100011000000101
11100010010110101001001100001000
00000000000001000001110000101101
01001100100001010101111111111100
00000000001001111111000100000110
11110101100110010011001011110100
00000000010000101011111001011101
11111010110000110011100000011100
00000000000101110111110010010100
00100010110001010100100100010001
00000000000101100000000110101110
11000100110001001111001101100011
00000000001111000010111100000101
00000101010001010110011000011000
00000000000110110100111011100111
00011111001010100011100110000001
00000000000101001100101001111010
01111100100110001110000111110101
00000000010011110000110010101000
10101110010011010100000010100001
00000000000001001010011001100100
11100110111111011110010111101100
00000000000011110000101110000010
01100100111000101000100111101011
00000000011111001101001010011110
01110010111101110111101010001100
00000000011111100000111000110111
10101001011001011010101001101110
00000000001001111100111011101010
01111010111110111010011110011001
00000000011001001010011110000100
11010111000101101111100010101100
00000000011010010100110101101001
00011000100001000101001010100111
00000000011100110010101101111110
00111001000011110001101011110110
00000000000011000111111101011000
00010101101000011110110010111011
00000000011111001110001001100110
10111001010111101010110101110011
00000000011111110110000101100000
10111010011111110110010001110110
00000000000001111101000111111001
11000001011011110010011100111100
00000000011011110011111111010011
01010000110000001001001000001111
00000000001000011101010010011000
01001011011010000100000011110101
00000000001011111001111000001000
11111011100100001010011101110000
00000000010011101000101001001000
10010100010110000111100000001010
00000000011100111010110100111011
11110110001110000010111111110011
00000000001111000010001111111011
01101100110111000010010010110001
00000000001100100001110001010111
01010111110010011010110100001110
00000000001000011011000111010000
01000111011111001000000011010011
00000000011101101010000000100001
00011111010110011000101011100110
00000000001011101000110010000111
01101011010101101110110001110111
00000000010110001110001111100010
10011000101011100100100001010001
00000000011100101101110000000101
00100101010010000110011011111011
00000000001110010110110011011111
11001100001100011000101001001000
00000000001011101010010010110100
01101000011101000000010101010011
00000000001111010000111001101100
11100110001111011110000011011000
00000000001110001100010011011100
11011011010000001001101110101011
00000000010000110010001101111100
11101000101110010100000000101100
00000000011011110000000010101111
10010011110000011010101111111000
00000000001111011001010000010000
11110100001000011111001111000101
00000000011110001100010001101101
00111011000111110111100111111001
00000000000110110101000111001101
10001110100111011111100111010100
00000000011100101111000100010000
10000101010101101000110011101001
00000000011000000011100001011000
10000100110000100110000100100100
00000000001110001101000100111011
11010011100000101111001010101111
00000000011100110100101011010011
00110011001001000000101100010111
00000000011100111110001101000001
00110101011000101110000100111010
00000000010111111111010111000001
11111100111100010111000100011110
00000000001000110010110000111011
10010101100101100100011011110111
00000000001000111100010100010110
01011111010100011011100010011000
00000000001100100101010010011111
11100110001111110100111101011101
00000000010011110010010110011010
01100000010001101001100000101000
00000000011001011000100001011000
11011011111001000100001110010010
00000000011101000101110011100101
00111010111000111111010110011110
00000000000010001011110011110101
10111100111100111000100000111101
00000000010000110000111111011010
00101110100111001100000011100001
00000000011110100011101110011010
10101000010001001111000010111101
00000000000001000100110111101100
01010000001010010000101110010101
00000000010110011111111110010010
10011000011011110100000000010110
00000000001111010101101111101110
01011111101001000100010100011001
00000000001010000000010111101101
11111000110000001100010011101100
00000000001010010000011000111010
01001010100011100010010110011000
00000000000010101101000011010011
11110101111110001101010011001011
00000000000001010111011000001110
00111011000010100011010100001001
00000000001100000000110111000010
10010111100110111110000111100111
00000000011111100111010111101011
00101010001011100011011110000010
00000000001000100010010011100011
11110100011001010001101001011000
00000000001111001111001101101010
11000111010110001001000101010111
00000000010001100101000001001100
00001011111111000101100111010001
00000000011100011111011001000011
01100001110101101011100001100101
00000000001000001000000100101101
10111101110010101100110101011110
00000000000001101111010011101101
10000011010111100111111100001011
00000000011010100011110110000101
00010001100100000111101011000010
00000000000101001100000100010001
01000001001001001100111101010111
00000000010001010100000101100011
00000000000101010100000111001100
00000000001001010110001100111011
10111110110101110000110000010010
00000000010110010110110111100011
10101000111000101110011101011100
00000000000110101100101101011101
01101110100100010101110001000101
00000000010101110110011010001010
00011010111010100011000100011110
00000000011100010010101111110011
10101001101110100011100010100111
00000000000010111011101111010111
00111100101000011011111011111110
00000000010101110100100101001011
01101010100000011110100000110101
00000000000010000110011111001000
11011000111011110010001010101101
00000000010001001110010001010111
11110101010101101000111000010110
00000000000110100011111101110010
10010001001001001100111000010100
00000000001000011000011100001110
01011000111001001101011010100000
00000000000001110000000001101110
00100101000011011001011011101001
00000000001110110011110010101010
01001101110101101011111111111101
00000000011001100110001000011111
01010000001101000101111000001101
00000000011101011011000001011100
10110001011110010000000010110111
00000000011100010000111110110001
11011101010110100110100001110110
00000000011001111101101000011110
00011100110101000010011101100111
00000000000110010101011111110011
00101011011001011011011010000110
00000000010000011111101101100110
11100110101011111001000101111010
00000000010011001000011000101010
01111010101110011000110100001110
00000000010110011001101001110101
11000010010010110000011000110100
00000000010100011110111001001111
11000010111000100010011000110101
00000000011011101010110100001000
11110000100100001111101100101101
00000000010111001101110111100000
11011000111001110100011111001100
00000000001110110001100110001010
01110000011010101000111000100010
00000000011100110000110100101010
00010000110100001100100000010110
00000000000011100010000111010110
00101000001010100001000011111111
00000000001010001000101100111100
10010011111011010000011000010111
00000000001011110111111001110101
11101010111100101011000011100110
00000000010001111101101000001100
10010100111011010110100000010011
00000000011100001001001001101111
10101001010110000100100101010100
00000000010110011001011101111000
11010000000001000010100111110101
00000000010010011001000110110101
11000011010010011000001100101010
00000000010001001001000110111000
00101111100000000111110110001011
00000000011100100100101100110101
11001011100010111001100100001000
00000000000111000011101100000011
00011000001000111110111111111100
00000000001111111101010011101011
10101111011101001100101110011010
00000000000111001100000001111110
10011101111000010111100010111000
00000000001010000000111100011101
00100000010010001100010010111110
00000000001110101111111110000010
11110010101110101010010101111001
00000000010001000001110101110010
10001110100010111100000100000010
00000000000101000101100011000000
00000010011111011110010110001001
00000000010000101101111001110010
10011001001101010010010001011110
00000000000100000100010011000101
11111110110010011010111001110011
00000000000100111110100010111110
10000011111100010101000001000101
00000000001110111101110000001101
01001110111100001110001000010011
