01111111110000000000000000010011
01111111110000000000000000010011
01111111110000000000000000010011
11100100000000000010000100000111
00000001011011000000111001010011
00000101010000000010110010000111
00001000110010111000001011010011
00000000101010101000101001010011
01011001100000000010101110000111
11110101010100000010011000100111
00001001010001110000111111010011
00001000101000111000000111010011
01100110100100000010000000100111
00001001000100010000000101010011
00001000001010101000001111010011
10001111000000000010010010000111
00001000111101011000011011010011
11110011110000000010011010000111
11011010101100000010101000100111
00111111000000000010111000000111
00101010010000000010111100000111
00001000000011101000011011010011
01111001011000000010100000100111
00000001101110011000010101010011
01100000000000000010000000100111
10011111100000000010110000000111
00001000101101110000101111010011
00001001001001011000010001010011
00000000100001110000101111010011
00001001001011001000011001010011
00000000010101000000010001010011
00001001101111111000011011010011
00000001011011000000101101010011
11001101100000000010100100000111
00000000110010101000010101010011
00111000011100000010010000100111
11001101000000000010101010000111
00000000110111010000011011010011
00001000000011011000110011010011
00000000111111010000101101010011
10100011101000000010010000100111
11000110100000000010000110000111
00000000010101110000101111010011
11011100100000000010000000100111
01100110010000000010010000100111
10001010110000000010110010000111
00000000110001010000000101010011
00000000010110111000101111010011
00000000101010100000011111010011
00000001010111110000000111010011
00010110110000000010111100000111
01000000001000000010111000100111
10111110100100000010011000100111
01111011100000000010011100000111
10100110110000000010000100000111
00001001101101001000110001010011
00111100010100000010011000100111
00000000011001001000010111010011
00001000011001001000010111010011
00000001010011111000011011010011
00001000110001101000111111010011
00000001111110010000110111010011
01010001011100000010001000100111
00001001011000111000111001010011
00001000111011100000010101010011
10100110111000000010110000100111
00000001110111000000010111010011
00000001100010001000110011010011
00001001000111000000101111010011
00000000110101011000001001010011
01110101101000000010110000100111
00001001010001111000100011010011
00001000100000000000100111010011
01101101001000000010110000100111
00110101111000000010001000100111
00000001010011110000100001010011
00011101110000000010111000000111
11011010100000000010110110000111
00110100111000000010100000100111
11111101000100000010110000100111
00000000110110101000000101010011
00000001000111110000000011010011
11010110000100000010111000100111
00001001010111100000101111010011
00000001000111010000110101010011
11110111010000000010010110000111
00000001010010011000011001010011
00000010111100000010010000100111
00001000000010010000110111010011
00110011110000000010101010000111
11000011010100000010101000100111
00001000011001101000100011010011
01111101000000000010111110000111
11010111100000000010100000100111
00000000100010011000110101010011
00000001111010111000000011010011
10010010000000000010010010000111
00101100100000000010110110000111
00001100100000000010100100000111
11001110111000000010010000100111
01110011111000000010000000100111
00111011010000000010001110000111
00000001111010100000001011010011
11000010100000000010011100000111
10101101010100000010101000100111
00000001010111110000110011010011
00000001110000000010000110000111
00000000010011111000000011010011
00001000111100110000000111010011
11011101101000000010000000100111
00001001111000100000000101010011
10110101110000000010001000100111
10000111000000000010100110000111
00000000110001111000111001010011
01100010110000000010100000000111
10001001101000000010110000100111
00001001111100011000111111010011
00000001101001000000110011010011
00001001101010110000101011010011
00001000001101001000101111010011
01000010000000000010101010000111
00000000101010100000011001010011
10010101010000000010111010000111
10010001000000000010001010000111
00000000101000100000100001010011
00010001111100000010101000100111
00000001101101000000100111010011
00010101110100000010000000100111
00000000100001001000110111010011
01101011110000000010011100000111
00000001011100110000101011010011
00001001001000101000100011010011
00011001010000000010110010000111
00000000110011001000100011010011
01111101111000000010110000100111
00001000000001010000001111010011
01011000110000000010010110000111
00110101010000000010010000100111
00100011110000000010110000000111
00000000010000101000011011010011
00001000011111100000011001010011
10001010100000000010010000000111
01010010001100000010110000100111
00000001101001000000100011010011
01001101111000000010000000100111
00000001000101010000101001010011
00001001000110010000100011010011
00000001001011000000001101010011
01101001010000000010110000100111
00101011001100000010001000100111
00001000011101111000111001010011
01000010111000000010011000100111
00000001011101001000001101010011
00000000010011010000100001010011
10010110000000000010110000000111
01011100000000000010010110000111
10111001110000000010011000000111
00011111110000000010101100000111
11000011111000000010100000100111
00001001010001001000001011010011
00111110010100000010101000100111
00000000000111000000100111010011
00111100010000000010101000000111
00000001011001101000111111010011
10100000010000000010000000100111
00001000100010110000110011010011
01001101110000000010011000100111
00110111010000000010000110000111
11001111111000000010011000100111
00000000010000011000110111010011
00001000000100101000011111010011
10011110001000000010011000100111
00001001001110100000011101010011
00000000100101100000010011010011
00001000000000101000110111010011
00001001110111111000110101010011
00000000001000001000101101010011
00101010010000000010001100000111
00000000100001100000110101010011
11101111111000000010111000100111
00001000111111110000011111010011
00000001011001101000011101010011
01001001100100000010011000100111
00000000100110000000000011010011
00001001110000010000000101010011
10110101011100000010110000100111
01100001011100000010110000100111
00000001110001111000000011010011
01000000110000000010100010000111
11100100100000000010000100000111
00000001111000010000111111010011
00010100000100000010100000100111
00000001001101010000111111010011
10101101110000000010110000000111
11010011010000000010111000100111
00000001000001111000100001010011
10100101110000000010101010000111
10010001000000000010010000000111
00101110010000000010101110000111
00001001000100101000101111010011
01111100000000000010010010000111
01001010011100000010000000100111
00001000110001111000011011010011
10110100101100000010010000100111
00001000010111010000000011010011
00001001101111110000011101010011
00000000101011100000110101010011
10101110110000000010000110000111
00001001111101010000011101010011
00000000101000000000101001010011
00001110110000000010111000100111
00001000111001011000001111010011
11100101110000000010110010000111
01111010101000000010001000100111
01101010111100000010110000100111
00000001110010000000000101010011
00001001111000111000010001010011
01110101001100000010011000100111
01101111010000000010101000100111
00001001011010000000011101010011
00001000010001111000010001010011
00101101010000000010001010000111
11010100010000000010010000000111
11011111010000000010011000000111
01100011000000000010011110000111
11111010100000000010000100000111
11100001010000000010000000100111
00000001111100111000101001010011
00000001101001110000111101010011
00001001011011110000010011010011
00001000001010000000001111010011
00000001101101111000101101010011
10101100011100000010100000100111
00001001000101011000101001010011
01100100110100000010011000100111
01000100001100000010101000100111
00000000000101010000100001010011
00001001000000110000111011010011
00000001110010011000110111010011
00000001101101000000011101010011
11011000011000000010111000100111
10111010000100000010110000100111
00111101010000000010100100000111
00001001101111111000010111010011
10000101101000000010000000100111
00000001000010111000101011010011
00000001110010011000010001010011
10100010000000000010000000100111
01111000010000000010101100000111
00000000111100001000011101010011
11011100011100000010110000100111
10011011100100000010000000100111
00000001010101101000000111010011
00001001010100101000010001010011
00000001001111111000001001010011
10110101010000000010101010000111
10110101001100000010011000100111
00000000001001001000111011010011
00000001010010101000110101010011
00011000110000000010111100000111
00001000101010011000110101010011
00110010011000000010110000100111
00010110101000000010111000100111
00000001110111000000101101010011
00001000010101011000101011010011
00000001001111110000000101010011
11000001000100000010100000100111
00001000001011000000101001010011
00000001001101101000000101010011
01000000100000000010110110000111
10000100100000000010101000000111
10000110000000000010000000100111
01001110010000000010100100000111
10100110001000000010100000100111
10010011100000000010111100000111
00000001110010011000100011010011
00001001000010011000111011010011
00000000100101110000110001010011
00000000011011000000011011010011
00001000101101100000110111010011
10011011010000000010010100000111
00110111100000000010110000100111
00000001001101100000100101010011
00001000100110010000111011010011
01111101100100000010111000100111
11011100011000000010110000100111
11100011000000000010011000100111
00001000111100110000011101010011
00000000111111010000000011010011
00001001110011010000000111010011
01100111000000000010010000000111
00000001000111101000111101010011
00000001011110100000101001010011
00000001111010111000100001010011
10100110100000000010101000100111
00000000110000011000011011010011
01011011101000000010011000100111
00000001011110100000010101010011
00001000111100101000011001010011
00001000011000110000101011010011
00000010010000000010001010000111
00101011100000000010100000000111
00000000100001101000100001010011
00011101010000000010111100000111
10101001011000000010100000100111
00001001001101001000110001010011
01001101100000000010101100000111
00010101100000000010011100000111
00000000011101100000110101010011
00001001001011010000000111010011
00000000000100110000000011010011
00001000100111001000000111010011
00001000100010001000010101010011
10101000101000000010011000100111
11011001110100000010011000100111
11101110100000000010011000100111
00000001001010110000111111010011
11100001011100000010101000100111
00001000001000100000000101010011
11001001011000000010101000100111
00001011100000000010001110000111
00001001001111100000011001010011
01011011011000000010001000100111
10011101000100000010011000100111
10010011110100000010111000100111
00101000000000000010011000100111
00001001111011001000011101010011
00001000010111111000110101010011
00111101010000000010011100000111
00000000000110100000101111010011
01111001000000000010101000000111
10111110110000000010001000100111
00000000000111011000010101010011
10011010100000000010100000100111
00000001110100010000110001010011
00000001110010010000001001010011
00001000100011100000010111010011
00001001000101110000110111010011
00001000011101100000111101010011
11101100010100000010110000100111
00000001111100100000000111010011
00001001101000101000010001010011
00000001010010010000011011010011
10111101111100000010000000100111
00101010000000000010010010000111
00001001100110100000110001010011
10011011101000000010111000100111
00000001011001111000101011010011
00101001001100000010110000100111
11101101110000000010110100000111
01000010010000000010100000100111
10001101110100000010101000100111
00001000100001001000001111010011
00001000111100110000010011010011
00000001001100000000100001010011
00001000001101001000001011010011
00000000111001011000110101010011
00000000110000000000111001010011
00001000111110100000101001010011
10001010100000000010111000000111
10011010000000000010100100000111
11011100100000000010010110000111
00001001111101011000000111010011
00000001100110101000000111010011
10011110101000000010111000100111
00001000100101100000101101010011
00001000110000000010010110000111
10010010000000000010111010000111
00000001110000111000001101010011
11110010000000000010011000000111
01000000000000000010000000100111
00000001000001010000010011010011
01101110110000000010111010000111
00001000101010111000110001010011
00001000101011000000000011010011
00110000000000000010101000000111
01110101110100000010011000100111
00001000000111100000110111010011
10011001100000000010110100000111
00001000001110011000100111010011
10001110000000000010000000100111
00001000011101111000011101010011
00011010110000000010001100000111
11101010000000000010111000000111
00001001101110100000001001010011
00000001011011011000101011010011
00000000111100100000001011010011
00000000101000110000100011010011
00101011011000000010001000100111
00000000011100111000011111010011
00000001111010100000010111010011
00011111111100000010000000100111
00100100010000000010111000000111
00010110010000000010101000100111
01100111000000000010110000000111
00000001111111011000010011010011
10000110110000000010100110000111
00100100001000000010001000100111
00000000111110111000110101010011
00001001110100000000010011010011
01011110000000000010111010000111
00000001101101000000100011010011
11011110010000000010011000100111
00000001111000110000010001010011
01100010011100000010000000100111
11110010010000000010100000000111
01111101010100000010000000100111
01010001010000000010100010000111
00001000000101110000111011010011
01000010000000000010101110000111
01010111000000000010011010000111
00000000000100110000010111010011
00001000100110010000110011010011
00001001110101001000101001010011
00001000001101011000010001010011
00001000000101110000001111010011
00000000101011000000110011010011
11100000010000000010010000000111
00011110110000000010000010000111
00000001111001110000110111010011
11010101011000000010011000100111
01010001010000000010101000000111
00001001001001110000111011010011
00000000000001111000010111010011
00001000001010001000110111010011
00000001111011101000001111010011
01111010001000000010010000100111
00000001001000000000101001010011
01111100011000000010001000100111
00001000000100011000100111010011
11101000100000000010000100000111
10010000010000000010000100000111
10110011001100000010101000100111
00001000110011000000111001010011
10100010110100000010010000100111
01001010110100000010101000100111
00000000011111100000010111010011
11001010111100000010001000100111
01011010010000000010101110000111
00001100000000000010011110000111
00000001001001001000010011010011
00011100010000000010110010000111
10100000011100000010101000100111
11011010010000000010100110000111
00000000100110010000011011010011
01100111011100000010110000100111
00000000101110000000011111010011
00010010111000000010101000100111
00000001110111101000011101010011
00000001011000100000001011010011
00001000101101110000101001010011
00001000000001011000110101010011
01011101011100000010100000100111
00001000101111001000011001010011
11111001110100000010011000100111
00001000000010001000101101010011
11010010000000000010111110000111
01001111100000000010000000100111
01001001100000000010001100000111
01110000010100000010011000100111
10110111110000000010000010000111
00001000011000000010100000100111
10110111101000000010101000100111
01000101010000000010001000000111
00001001010001001000010111010011
10110000100100000010010000100111
00000000101110001000110011010011
11000011000100000010001000100111
00000001010111001000010101010011
01100110010000000010111110000111
00000000000111101000110101010011
00000001001110111000011111010011
01010001000000000010011100000111
00000001011001011000001111010011
00100101000000000010010110000111
00001000011000100000110001010011
00110001000000000010010100000111
00001001010010000000001101010011
01011111110000000010101110000111
00001000010100110000110001010011
00001000011100100000001101010011
10100110000000000010101010000111
00101110000000000010110000100111
11101110100000000010011000100111
00001000101111100000111101010011
00000010100000000010111110000111
00001000100101110000111101010011
00110101110000000010101110000111
00001000011101011000111101010011
00001001100011100000011011010011
00001000011000010000111001010011
10100110111100000010110000100111
10101001100100000010001000100111
00000001011011011000100011010011
00001001101010001000001111010011
00001000000110101000001001010011
00000110000000000010110110000111
00101101010100000010001000100111
00110011010000000010011110000111
10100001100000000010101010000111
11101100111000000010011000100111
00001000111101111000001001010011
00001001000011000000011101010011
11111110110000000010101000100111
01001110111000000010011000100111
11110001100000000010111010000111
11100000101000000010111000100111
00000000100000000010001010000111
00000000111000101000110001010011
00000001100001001000101011010011
00000000010110010000101011010011
01100000111000000010001000100111
11101100110000000010110110000111
11101100110000000010100000100111
00001001111000001000011011010011
10110100111000000010000000100111
00000001110001001000010001010011
00001001111000111000010001010011
00001001111101111000100111010011
00000000101110111000010011010011
00000000001101111000111111010011
00000001000110110000010001010011
00000000111000000010010000100111
00000001100100010000011111010011
00000000111101001000001001010011
10010100110000000010011010000111
00001001110010101000100001010011
11001011101100000010111000100111
00001000010010101000000111010011
11000000010000000010000100000111
00000000100011010000100101010011
01010101010000000010111110000111
10100001001000000010011000100111
10001111010100000010101000100111
00011011001100000010001000100111
00000000100001110000110101010011
10111111011000000010000000100111
10100110011100000010101000100111
10001000001000000010111000100111
01100110000000000010110110000111
00000000010011001000010111010011
10011111000000000010001000100111
00111111110000000010011000100111
00001001011101100000111011010011
00000001010010111000100011010011
00000001100001000000010111010011
01111001111100000010001000100111
00001000011000011000111101010011
11011110000000000010101000000111
11101101000000000010110110000111
00111000010000000010101000000111
00001001110110111000111001010011
01010110010000000010101110000111
01100100101100000010110000100111
10111101011100000010111000100111
01110100000000000010100000000111
11010100111000000010001000100111
00000000011000001000110111010011
11111011000000000010111000000111
01110001100100000010110000100111
00000110000000000010110000000111
00000001101010011000010011010011
11111110001100000010100000100111
01001001000100000010000000100111
00101010000000000010111110000111
00000001011010110000100001010011
00100011011000000010001000100111
10010111100000000010001100000111
11101010001100000010101000100111
00101010000000000010101100000111
10101110010000000010100110000111
10111001010100000010011000100111
01010001010000000010001000000111
00001000111101010000111111010011
11011010100000000010001110000111
00010011010000000010010110000111
00000000011101000000101011010011
00000000010001100000011101010011
10010000000000000010000000100111
01101000101100000010011000100111
00001001111001010000011111010011
00001000101101101000001011010011
00000000011100011000110111010011
00000000101011000000101111010011
00001000000101001000100001010011
10101010100000000010110000100111
00001001101011101000011011010011
11100001000000000010111000100111
00010100100100000010011000100111
01000000000000000010100100000111
00001000001100111000100011010011
00000001010100110000100001010011
00000000010011100000001101010011
01101110011100000010000000100111
10101011001000000010000000100111
01110001000000000010111100000111
11100000100000000010101110000111
11111001110000000010000010000111
00001000000000110000000111010011
00000000010100011000000101010011
11101111010000000010111110000111
01001011110000000010011110000111
00001000100110010000110011010011
10100101001000000010100000100111
10001110100000000010000010000111
00001000011111100000000011010011
00000000110110100000010001010011
00000000111101110000010111010011
00101011001100000010000000100111
01001111100000000010111110000111
00001000010001101000100001010011
00000001000110001000110011010011
00010011010000000010100010000111
00000001100101011000011011010011
00000001100000100000100101010011
00000111100100000010100000100111
10111110100000000010110010000111
00000001111100110000100111010011
00001001011111100000101101010011
00000000000101111000111111010011
00001001000001101000001001010011
00000001110101011000001111010011
00100001100000000010101110000111
00001001001100010000010001010011
00010101011100000010110000100111
00001000110111011000100101010011
00101001010000000010001010000111
10000111001100000010101000100111
01001100100100000010011000100111
00000000110001010000010111010011
00000001100111101000001101010011
00001000101101111000001001010011
00001001010110001000010101010011
10010000110000000010010100000111
10001101010000000010001000000111
00000001110100111000010101010011
00001000111111101000101011010011
00000001110010111000010011010011
00101101011000000010010000100111
00000001110110101000010001010011
01111100110000000010101100000111
11001011000000000010101000100111
01110010110000000010011000000111
00000000011001001000100111010011
00000000101010000000010011010011
11111011010000000010111010000111
01010000010000000010001000100111
00111010001000000010001000100111
10110010111100000010110000100111
00110011010000000010001010000111
00001001101100101000111011010011
10000100110000000010001010000111
00001001101001011000010101010011
00001001011000101000001011010011
00011010101000000010111000100111
00001000001011010000101101010011
00001001111110111000011111010011
00001000111110000000000101010011
00011100011000000010110000100111
00000001000010010000100111010011
11111001111000000010001000100111
11111110000000000010110000100111
10111111011000000010100000100111
00001000110111101000001101010011
11010100000000000010011010000111
11010001110000000010010000100111
00001001011010101000110001010011
00001001001100011000110011010011
00000000111100111000010011010011
01111001100000000010001000000111
00000001011000110000110111010011
11010110000000000010000110000111
10001011111000000010000000100111
00111001111000000010100000100111
01110010010000000010001000000111
00001001001011010000001011010011
00000001111010111000111011010011
10111000000000000010111100000111
00001000001100110000111111010011
01111111000000000010111100000111
10110100110000000010011010000111
00110001110100000010101000100111
10110110100000000010100000000111
00100001110100000010100000100111
00000110010000000010010000100111
00000001100110111000111111010011
11001111000000000010010110000111
11000010111100000010100000100111
00010110000000000010110110000111
10010010000000000010111110000111
00001000010010001000100111010011
01000101011000000010100000100111
11001001110000000010011100000111
00001001111111101000111111010011
00000001100000100000101001010011
00000101110000000010001000000111
10100000100000000010000010000111
11010110111000000010001000100111
10111111000000000010011010000111
00001000111101010000000101010011
00000001001000011000111001010011
01010100001100000010110000100111
11100100110000000010101110000111
10100101010000000010000100000111
00000000110101111000110111010011
00000000110111000000101011010011
00001001011100001000011111010011
00000000010110111000000101010011
00000000000110010000100011010011
11110010110000000010110110000111
01001000110000000010101110000111
11100100100000000010010000000111
00000000001011010000000111010011
00001000111011111000110111010011
01001010000000000010100100000111
00001001000110110000010111010011
00001000110101111000111111010011
10001111010100000010110000100111
00000000001000111000001011010011
00101011101100000010011000100111
00101100000000000010000000100111
00101100110100000010110000100111
01100011100000000010100010000111
00001000010111101000100011010011
00001000000001101000110001010011
00000000101110011000001001010011
00000000011101111000110101010011
10010000100000000010010000000111
00001001000000101000101001010011
10011011110000000010001110000111
11100110110000000010100100000111
11010111100100000010110000100111
00001000001000100000111001010011
00010111110000000010001000000111
00001001111101010000001101010011
11111100010000000010001000000111
00001001101100101000010011010011
10011101100000000010111010000111
00010011100000000010000010000111
00001001001001110000100011010011
11000111100000000010011000100111
10101111111100000010011000100111
00001000100110111000110011010011
11010101111100000010000000100111
00000001111100101000011111010011
00001001010101010000001011010011
01000111001000000010011000100111
00110100000100000010001000100111
00000000000100010000010111010011
01011101010000000010000110000111
00001000110100111000010101010011
01101101111100000010011000100111
00001000011100111000100101010011
11000111000000000010001010000111
00001000011000111000110101010011
00000001111011001000110011010011
00000001001001010000110001010011
00001001011010111000011101010011
00000001101111110000001001010011
01010000000000000010000100000111
01111100011000000010011000100111
00101111010000000010000010000111
00000001101011010000100001010011
00000000100110101000011111010011
00001000000100000010110000100111
00001000011011111000101001010011
11011100110100000010111000100111
00001000011000001000011011010011
00000001110000001000110101010011
00001001100000111000111001010011
11010111000000000010100110000111
11100110000000000010010100000111
11101001100000000010010010000111
00001000100101110000100111010011
00000001111000100000110101010011
01010010101100000010001000100111
11111111011100000010011000100111
00111010011100000010000000100111
11001011110000000010110000000111
10110011100000000010010110000111
10101001110000000010101100000111
00001000111101110000101101010011
10010001010000000010001010000111
00011100100000000010110100000111
01110110001000000010010000100111
01111011001000000010010000100111
00000001000101110000000011010011
10110100010000000010100100000111
00000000101001100000000101010011
00001000110101011000010111010011
01001000000000000010111110000111
01001000000000000010100000000111
00110011101100000010010000100111
00001001011101100000001001010011
01110100010000000010110010000111
00001000000101000000010101010011
00111111011000000010000000100111
00001000100100011000011111010011
00111011100000000010001010000111
01000101011100000010001000100111
01000100000000000010100100000111
00001000110000101000111101010011
00001001100001000000000101010011
11000110010000000010011110000111
00001000000010110000111101010011
00000000110110000000010001010011
00001000001001001000110101010011
00111100100000000010111000100111
00000000000010010000011011010011
11010010010000000010000100000111
01110011000000000010011100000111
00001001101101011000010011010011
00000000100000101000010001010011
00000000010110001000110001010011
11110011110000000010001000000111
11111000110000000010010010000111
00001001100001111000111111010011
01101111000000000010110000100111
00110111101100000010110000100111
00001000111100111000011001010011
11011111000000000010111000000111
01001101000000000010100000000111
00001000111110111000001101010011
10001001001000000010110000100111
00001000110001000000000101010011
00000001010101110000101011010011
00000000100011001000001101010011
00001001000110111000111001010011
00000000101111111000101111010011
00001000111000111000001001010011
00000001010010010000000101010011
00100010100000000010111000100111
00001000101100100000011101010011
00001010000100000010011000100111
00001000010011010000101001010011
11000010101000000010110000100111
00000000101011111000100111010011
00111000010000000010110100000111
10000010000000000010000100000111
01011000000000000010111010000111
01000111111000000010000000100111
10101001010000000010010010000111
00111011110000000010110010000111
00011010000000000010011110000111
01110010010000000010000110000111
11001000110000000010011010000111
00000000011000101000011011010011
01000101110000000010011010000111
00001000101010100000001011010011
00000001001101000000000111010011
00000001111110110000100101010011
00001000010011101000010001010011
00000001101111111000010001010011
11000011010100000010100000100111
01001110110000000010011100000111
00001001010100000000001011010011
00001001100100100000011101010011
00001001011111010000100011010011
00001001010011011000111101010011
00001001101110000000101101010011
00001000100011100000100111010011
00001000100010001000011001010011
10001011101100000010010000100111
01001010000000000010001010000111
01010110110000000010010010000111
10110000111100000010001000100111
11000110010000000010001000000111
00000000010010011000000011010011
00001001001111001000010011010011
01100110011100000010110000100111
00101100010000000010111000000111
10001101011000000010110000100111
01010001001000000010011000100111
00000000110011011000000111010011
01001100000100000010010000100111
01100011110100000010101000100111
11111110110100000010100000100111
01100010000000000010110000100111
00001110111000000010001000100111
01000101110100000010110000100111
00001000011010100000101001010011
00000000101100111000010011010011
00001001110000111000000111010011
00000000101000111000110101010011
01111111000000000010100000000111
11000000110000000010001000100111
00000001010011110000010001010011
11111011011000000010111000100111
11010111000000000010110000100111
00001101110000000010001010000111
00001000010000010000110101010011
11000111110000000010000110000111
01110111000000000010100000100111
10001011011000000010010000100111
00000000000100100000101101010011
00001000001110001000111011010011
00000001101010100000001011010011
00100110010000000010110000000111
00000000110000100000001011010011
00001001000110110000100001010011
01100011110100000010110000100111
00001001000010010000000101010011
10101100011100000010010000100111
00000000010101100000100111010011
00001001011100111000100001010011
11110001001000000010111000100111
01100111110000000010001110000111
00000001110000101000001111010011
00001001110010001000001001010011
00000001000111000000011001010011
01110010000000000010011110000111
00001001110111100000010101010011
00000000000111000000100111010011
00000001100101010000010001010011
10111000000000000010111010000111
00000001111101001000001011010011
00000000011011000000001111010011
10101000000100000010100000100111
01010010100000000010110000100111
00001000101010001000010101010011
00000000010011000000001101010011
00000000011001100000100001010011
00001000100010010000110101010011
00001000000111010000111011010011
00001001011011001000110011010011
00011101010000000010101010000111
11000011100000000010111010000111
00000001000110101000011101010011
00001000011001001000011101010011
00111000000100000010000000100111
00001001110101011000001001010011
10001110100000000010001000100111
10110000110000000010111000100111
00001001010001011000010111010011
00001001100001001000010111010011
11110011111100000010100000100111
00001001100111000000001101010011
11011110110000000010010100000111
00001000011001001000111001010011
00011111000000000010111000100111
10101111100000000010010110000111
01100111010000000010111100000111
10101111001100000010001000100111
00001000000100110000010101010011
10101001010000000010001010000111
00000000110100000000110111010011
00001001111110110000101001010011
00001000111111111000101101010011
10011010110000000010110100000111
00001000110111000000100111010011
01001001001100000010001000100111
00000001010011111000011011010011
00000000011110111000111011010011
00001001001110111000110011010011
11011010110000000010101110000111
00001001111000001000001001010011
00011011100000000010111100000111
00000100110000000010110010000111
00000001011000100000110101010011
00001001000010011000011011010011
11111011110000000010111100000111
10010011010000000010001010000111
00000000010110001000111111010011
00000000000101101000110101010011
00001001000010100000011001010011
10011100000000000010010110000111
00000010010000000010110100000111
10010011100000000010110110000111
00000001111011011000001011010011
10110011000100000010001000100111
11011111000000000010101000000111
00001001000110110000010111010011
10011100001000000010000000100111
10111111011000000010010000100111
10000101100000000010111010000111
00000001111001110000101011010011
00001000101011010000101111010011
00011100010000000010111000000111
00000000111110011000100011010011
01001111111000000010110000100111
00010111110000000010010010000111
11100011100000000010010000100111
00011011110000000010001110000111
11100111000000000010011010000111
11110110000000000010111000000111
11000110110000000010001000100111
00100110000000000010101000100111
00010010011000000010001000100111
00000001111100001000000011010011
00000000011111110000101001010011
11101110000000000010101110000111
00000001001100101000010101010011
00001000111110100000110111010011
00001000010011111000000011010011
01110101100000000010101000100111
00001000111000110000000011010011
01010111100000000010101000100111
01111001000000000010010110000111
00001000001110100000111011010011
00001001000000010000010111010011
00000000100000100000111011010011
00001001000100111000110101010011
01101100000100000010000000100111
00001000010001110000100101010011
00000000110010110000011111010011
00001000010111101000100001010011
00001000001010110000011111010011
10010110110000000010011100000111
11010001100000000010001010000111
00001110010000000010100000000111
00000001011110111000101011010011
00100000000100000010011000100111
00000000010011010000100001010011
00101101100000000010010100000111
00001000111101111000010001010011
00001001100001111000101101010011
10100110100000000010111110000111
00001000100101110000001011010011
01001111101100000010010000100111
00001001010010101000010111010011
11001101100000000010100010000111
00111010000100000010110000100111
00000000110011001000111011010011
00000000000000000000000001110011
00000000001001111001101001000101
00000011011000011011101110111010
00000000011011101111001011100110
11101100000000100000101001001010
00000000011001010010111011011000
10011000100001011010011010000000
00000000010011110111000100100101
11011000101000010000010011000110
00000000011001011100000100010100
00001100111001000100111110011010
00000000001000101010011110001100
10000010111001111111000001100011
00000000001000101100100010111111
00001010010110001111110010011011
00000000010000001011011010000011
00011101011110011111001100100111
00000000011111001010000001111011
00000101100111011100001101101001
00000000001101111110010000101111
00110101000110111100111010100100
00000000011101001101001111001010
01110101100011001001111111101111
00000000001001101011101101111101
11011001111000001101000101000111
00000000001001010011000100001111
10111000111011111000101001110100
00000000001101010101001110010010
01011011110110101101100010101001
00000000010100110111111010000010
00010100011010010110001000010000
00000000011011111110111010110011
01111110000001110101010000101100
00000000010110011110010111000010
10111111000111110110101010010010
00000000001000110111111010001101
00000010011000010100110100100000
00000000011111010011100101010101
01000000100000101111000111110000
00000000010000000010100101110111
01100010100101101111110000110010
00000000001111100101011011011100
00000101110010100101010010000011
00000000011110011111011000001111
11100100001101110010100110110111
00000000010100011111010001111000
11100101110111000010100010110100
00000000000101101010101111111101
01100010000001010001100000101111
00000000011101111000001110000010
11111011101000111110011000011010
00000000001110010101111000001000
01111000000101000010000000011101
00000000010001010101001000010111
11111011111000000011101000011110
00000000011111000101100101000011
11111010000101000010010001111010
00000000001000001000010010111001
10101111001100000011110011111001
00000000010111100110000001110100
01100100011101101101100101111011
00000000011000101101010000111001
00001101111111100101000011001110
00000000010010101100010001011000
00011011010110000110101000000010
00000000010001101111001001000000
01010011001101111001011001000011
00000000010100011010000011011010
00010010110100001100000100111011
00000000011000010101001011101100
10001011010101101010111010101101
00000000000100111000111101100001
00000111011001110110011100110111
00000000011110110101100111000010
11100110000010001000001101011011
00000000000001001101010010101110
10110010001100101001100100100111
00000000000100010101100101100000
10101101101100001110001101111010
00000000000000101100101110010001
11100110011101010110111100110101
00000000010110010111110100110000
10000010000001010111011010010011
00000000010010011010111100110010
10001100000000010110111001011010
00000000000011110000101000001101
11100011000010011110000101100000
00000000011010100001111101001100
11100010001101011100000101100111
00000000010110100001110101001100
10110011001110001101101111011111
00000000000111000110001110111001
00010100000010001101000111111010
00000000001110000000111100010111
00001101100111100001000111011011
00000000000011010011101100111010
11001110000010010101001000011111
00000000011000001101110111111101
01101010111010100101100011101111
00000000001100110111101001111001
10110100000000011011100111100011
00000000011001010101001000001001
00101111101011000110101101000101
00000000000011010000101000111111
00101111001000100111001111111001
00000000000101011101101001101100
00110101111011111100001111011100
00000000011111000000110010101110
00100100011100000001011010001111
00000000000100001100100011110111
10011111101100011111110000000010
00000000000010010000001010000011
01000011111011001111111111000110
00000000010010111000101101001001
11011111101010010111000101100101
00000000001011011000001000001011
10100111110010100111001101101011
00000000000110000001100011001001
10101010110111011011111111100000
00000000011100011110100110000010
11100001001010010100010111111011
00000000010011110001110111000011
11011111101100110010110111100101
00000000001000000011100100100001
01111001010010101111001010010000
00000000011000100000000111011100
10111010110101000000001001100011
00000000001011010001111100111001
01110100011001101110011011111000
00000000010100010010101110110001
11011010010100001110010000010100
00000000001111011100110000010111
11101101111100111000011100000101
00000000011100011111100110010001
10001011100001110010100001001110
00000000011010011100010010001001
10001011000000111111100111100111
00000000000000011010011000110011
01010101001110011000001101010011
00000000010101011111101110100110
00110011110001100010100000100111
00000000000100110110110111011011
11110000000100101011010010011011
00000000011111011111011001100100
11001001101000011010110011000010
00000000011001111011101000001101
10110111011100010101010100001110
00000000011100101000011010100010
11011100100011110001011101011001
00000000011111010010111100111101
10111100001100111000101000101101
00000000010111100001001111011010
11101110001111111111010110001001
00000000011101010101011110000111
10011000011000110111011100011000
00000000000111010011111011001100
11001010001110101000110111110000
00000000010100100010011101111010
01011100001101010110000100001100
00000000011000101011100101100101
11011000001100011101001111011111
00000000000011000001111111100101
00000000111011100111011010011111
00000000000000100101001001100101
01000100011011100000110000000011
00000000011100011101111110111001
10101100101110110111010110001010
00000000011001111001101111100000
10010011100110110100111011001110
00000000001111100101010110100101
00010100100011110001011111010100
00000000011111101111000010001001
11100110011011000101000001000010
00000000010101110001111000011000
01000000111110101001000110000001
00000000001100010111011001110001
00100101000010011111011001100000
00000000011010101000001010001100
10001100100010011010011011011010
00000000010100000110011110110010
11111011100001000000101000110001
00000000011100110110101011111101
10110100001110110110000010000001
00000000001001110000000000000111
11110111101100010110101000100100
00000000000100101011011001101001
11101000110110000011111111011010
00000000010110100101100110000011
00100001000110110000100001111110
00000000001001101101111000011101
01101001110011000000010000000011
00000000011111011000011101010011
11101111001110100010101011001000
00000000011111010010100001011111
00010100011010001111101101110001
00000000011000101001000110111101
00001010011001001110001000000001
00000000001000000101010010101001
00110010000001110101010100011100
00000000000110000111001001011000
11010101010000010110101100100110
00000000011101110010111000111111
01110101000110111111010011010000
00000000001110100110011101011001
01100010100010110101000000100101
00000000010111010111000000100010
11101010001011010110011001000000
00000000010100001100011011111011
10111111000001100010000011101011
00000000011101111001011011101001
01011011111100001001000111001110
00000000001010101011100110111011
00110101001001001101110101100001
00000000010101110100010110111101
10101101110110011000110100010011
00000000000110111011110010001010
01111110001110011001101110100111
00000000011000011001110100111001
01000011110101111000100101100011
00000000010010010011110010110110
11010100011011001001001100010101
00000000000011111011110110111010
11111001111000100110000011110101
00000000001101011000010111010101
10100110101110110110110011111111
00000000001001100001010011101100
01111000101100100000100111010110
00000000000001010100111101111110
10001100111111111010001101001100
00000000010111101110110010111110
00001111011010110101100101111111
00000000001111100110110100010010
11000000011111100100111010011010
00000000000001000011111111100101
10001111110101110001100111110101
00000000000000101001110010010101
10010101010011111100100101111011
00000000001100100100000000000011
01001100010000100001100011000110
00000000000111001000001101101110
00100011101000100110001111001100
00000000010001001001000011101111
10110010011100100011100101110011
00000000010000101000010101111011
10110110100000110000011100110100
00000000011001000010101010101101
01101110001000101011011001100110
00000000011101010000100100100000
00110110111111001011110000010001
00000000000101111011101111001100
00001001111000011100101111001011
00000000001101000010101001000111
01111011100000101000011111000011
00000000011001100010010111001101
01101011001000000011000011000000
00000000000110110111110111011111
00100001001010001011000100000110
00000000000100100100010111010010
01100111110100001010111010010111
00000000011111100000101000101001
01011010111101001010111111100110
00000000000100100110001111001101
11110011001100000011001110100110
00000000011001100011101110011010
11010010111110001110000001110010
00000000001000001000111001100101
10000111000010000110110010101110
00000000011100001000110100011100
11101111000101110011010110101100
00000000011010101000100111000000
11000101011111101110001111001011
00000000010100011001010000111111
00100101100011110001100000111111
00000000011101011001000101011011
11101010110110100001100001100001
00000000011011011101011101100010
01001101100101100010110101011001
00000000010010100011111000010111
01000101001000100001011001101110
00000000010010000100000011101111
11101100111011101111100011001100
00000000010001010011101111100001
01010101111101001011010000000000
00000000001100101011000101101100
01101001100000011111110000100010
00000000010110000110110000100000
00110000110110111100001101100010
00000000010110001110111110100101
01011010100001001110010001101110
00000000000001111011111101011100
01011001010011101100011011000011
00000000001000001011101001010101
10000100000100110010110010101010
00000000000010011110000110100010
10010101001000011010101101110110
00000000001001100101010110000011
00101101011100001110100110010100
00000000000010010100101111101011
11011000010100100110101100000101
00000000010110100111000110100110
01010110100101011000110100100001
00000000001110110111000001011010
01100111101000011001000001011111
00000000011001111101010010100111
10010000011011100101101110110100
00000000010000100110001011110001
01011110010001011010111110011111
00000000011011001111101110010010
00010110100111101111010111011011
00000000001100100111000010011111
01101101010000111111101100000111
00000000001101100011001001000110
01110010111110011100010010011001
00000000001111111011110001100111
10101111100000101010110100110101
00000000010110110001011111010001
10100110011111001111111101011100
00000000011111001001000111010001
10010000101100011000100110100000
00000000001110000110111010010101
11000101010100110011001111110011
00000000001010010011100000010000
01111001101000111100100110101110
00000000001111111100100000000000
00010000010000111110010001001100
00000000011110010111010010000100
00100001010111011000011101011010
00000000000110100101001001100111
00000011000010100100111101110111
00000000010011100011001110011110
01011111010010111010001101111100
00000000010001111010001011111010
11100100111110011010100100110110
00000000000001000111101001011000
00001100011011010000101011111101
00000000010100000010010011101011
11000011110110100110010100001100
00000000011110001110010110100101
10100111110111011001000110011110
00000000010101101010000001110101
11111111010000111111110110111110
00000000010111001001100110111011
01010110100111110011011100000010
00000000011111101000110001010010
00111100000010010101001001101101
00000000001011011010111100010010
11001101100110111001101000010110
00000000001111101011010010110001
11011101000101101111000111000110
00000000000011000101111010101010
01010000110001000110001001001110
00000000011110010101000111001100
11000101100110001001011011001110
00000000001010001001010111110011
00100110000110010110100011111011
00000000001001000001100000010101
10000001101100111110100100110010
00000000001100001111110100110100
00100011111101001111101111111100
00000000011110011101010001111100
01111011000100011110100110110100
00000000011100111010010101100001
01111101100000011001011110100101
00000000010111000010001110100010
01010010010100101011001010110100
00000000010001111001001000001011
10111101110010101110000100110110
00000000001010100101001000010011
10010100110010101111110010111100
00000000010101101011111110010100
01010000010011000011110100100000
00000000011111000011110110101100
11100111111011101110010111110000
00000000011011010111110101101000
11010010011001101010011101010110
00000000001011001011101011000111
01001011010000101011010000001101
00000000010101011101000001001101
10010011101100011110110101011011
00000000011101011101110011000101
01011011001000101000010001111100
00000000011110010100100001100001
10100001011101010111010001100010
00000000000110001110111011110111
01010011011101000010111000100111
00000000011000010001010111100101
01100100010000111011111110001100
00000000001000101011110001101111
10000101000101101000011110101100
00000000011000101001011011011001
11110001101101000111110101000101
00000000011101110001110101000000
00001011001110110000010110101100
00000000001000111001111110110100
10101111100101010011110111010001
00000000000010000000011011000010
01001010011001110101100010100101
00000000011000111100110011100111
01001110100100111110111101010000
00000000010000010010011011000010
01101011111011010011000101111000
00000000000010100110000111101110
11101101011101111100000011111010
00000000000111011011111100010110
00010111101110000110100111101010
00000000000011100111011111010000
11001011101010001011010011001111
00000000010011100101110000111011
00101100001011101001000000100010
00000000001010111111011111101101
11001101000101101100000111111010
00000000000101001000101010010100
01010000011000111010011010100001
00000000000000001001011011100011
10000010101000110010111101000110
00000000001111011000100111101111
11011010110001010000110011101111
00000000001011010110110110011111
01001101111010000101100011011000
00000000001011110010100100111010
01101110010001001101100001010001
00000000011001111011010111111001
00010001011001110001001101001011
00000000010110101001011011100111
01100111101000011110111000111101
00000000001010000111100101111110
10110101100001111100011001001101
00000000011111111110011010011100
11101101101000101011001111010001
00000000011111010101010000001011
01110100110001111100000111001101
00000000011011001110111110110100
01001110011011111010111101000000
00000000001101100010000000100111
11001110000110110001100011000110
00000000010101101110000111110010
11010000011001110111000101010110
00000000000110110111011011111101
00111100101000000000111011011111
00000000011110101001111110110101
10101010010110011000101011010001
00000000010001000001001111000000
00000101101011100000100010011010
00000000000000000101000001110000
01001010100011000000010110010100
00000000001111100010110010011000
10101001010000101000010001000010
00000000001010011001011010101110
10110010010001111100001011110001
00000000001100100110011110011100
00010000111101100000010011110000
00000000010001011010000011000101
01101000010001110001000100001100
00000000010010111111011010011110
10000111011111101110101010100011
00000000000110101010000000000110
11011101000001000111001100101000
00000000001111100011011110111101
00000000011010000100100101111000
00000000000001000000010000000101
00001001001001010101001001100001
00000000000100100111101010101101
00011111000101111000101010011110
00000000001100111000111001000010
11011001010110010001001001101100
00000000010000011010001001010011
00011010001111011111001010001110
00000000000011111000111001101101
01001001110111001100110111101000
00000000000000010011111111000010
00000010010000001010011100101001
00000000010001110010101010111011
01010110000010110011001101001010
00000000011110011101001000101101
11000110111010101111111100010100
00000000001100010111111110000111
01110111001000111111101001001101
00000000001111110000110011010100
10000110111110000110111110101001
00000000011011110110010110110001
11000000101111101100011100010101
00000000010100111101111110101010
00011010110001011110001110101010
00000000001110111111011110010100
00111100010101000000011001010000
00000000011001100010111111100000
00011100111000111011011010100011
00000000010100110100101100001000
11001011010011111001111111100001
00000000001101110110111100101101
10011101001011010100000000001100
00000000000110011101101110001011
11011110010111111010011110110001
00000000001000000000010111010000
00111100111010111010000101011101
00000000010011001011101101011100
11000100010000100001110100101000
00000000011101110101011011010001
10000100000100101001110110111001
00000000000011001011111110001001
00110110001111010001001101110001
00000000000110110110010110000110
11000100010011110011100101000110
00000000000110100110000010010001
00101011101000010111111000000101
00000000011001000100101011100011
11011010100011011011101001011100
00000000011010110001101100000000
00101001100111011010100011101110
00000000000101101111110001110011
10000110001010110110111011000111
00000000000010101001110101101011
10101011110011110001000000010110
00000000001011000011110000001001
11010110100110111010101001000000
00000000001001100010111000000010
10101100000011110000110010001111
00000000010000101100001000111001
11001001111111101001110011101100
00000000000010101100010011100000
10011010000010111001010011011110
00000000001001001110001100101101
00110110111001111011001001010000
00000000000001101010100010000100
11001011100111000110111111101100
00000000001010100111111010000010
00010100001001111101100001010001
00000000000110110011111110101001
00111000011011110101001111100001
00000000011100111000110010110101
01110000110101010111000100110100
00000000010111000101101111101100
10001011110110001111111110100000
00000000010101011010111110100101
01101011010001101111011100110011
00000000000100011011010111010111
11100111100011110011011110011001
00000000011110001110001000100001
00001010100100100101010001001001
00000000010111011011011000100001
11001010111110001001101111001000
00000000010001001010001100010001
11011001110011110101101001100001
00000000000110010010100010000010
01101011000110100100001110110001
00000000000001111111101111000010
10100001001001100000111010011110
00000000010101000111000111001000
10010100111101110001000001110001
00000000001001011000010100100101
00101101100110100110011101101011
00000000001101000001010101100100
10100111010111100010111110000101
00000000001011101000001100110000
10111110101100000101010100110101
00000000011101011001111100011110
00111010111011001001110000101100
00000000010011100101001000011001
01101011001111111100001111000000
00000000001010010100101001100000
01111000010000001011001101000010
00000000010111101001100110101011
00110110100110010100011001110001
00000000010100100011111110100101
10010001011011101011011101000111
00000000011100111101000101010100
01111001011101011000100100000010
00000000000110001011000111111100
00001000000010000110100001101001
00000000000100011010001010111110
11111011101110111000000111100001
00000000000110111110110010111001
10000011000001110000101000011101
00000000000100011101100010100000
01000110100110100100111010110101
00000000001100100000110110100100
00101011101000001110001001001001
00000000000010101011010001111111
11010001000010100001011010000101
00000000010110101011100001101011
01101011100010010110001110010000
00000000011011011100001001011110
10111101000100010111011000101100
00000000010011101010110011001110
00111010011001001110010100011011
00000000011111110011110100001111
01011001100100000100100111001100
00000000011111000011010100000110
11101011100110010100011100010101
00000000000100110001010000010011
10100110100110001100101100011011
00000000000110110111111011000001
10101010100100001010010101001100
00000000000110110000110101110001
11000011111010101000000001111110
00000000000001110000101011011000
11000110010000010011100111110101
00000000010000111110000110100001
11101011110111110001011110110001
00000000010000011101001011011011
01010110001000001110110001000111
00000000001000101100001101110111
10111111110001111001011011010001
00000000010100101011101111110010
10101110110100011010011111101001
00000000011100100111111110011001
10100101100010100010110011001110
00000000010001000011001110010110
10011100110011100010101011010110
00000000001101110000111010001110
00010000001111110101000001110001
00000000010010111011110011101110
00010101111010001000000111011110
00000000001010000010110001111000
01011110001001011010100010110101
00000000000001110101010100110011
10100001010010001011011100111100
00000000001110010101100110101011
01101010010100111111101010110111
00000000000001100100010111110011
00011110111010011101101101011010
00000000000010000111111100000001
10111110011011000101011110110010
00000000001001111111100011101100
11111010010011111111011110111000
00000000001111100000110101011000
11100111010010000110000100101010
00000000000011100100001101111010
01111010100010011000001101010011
00000000011100000100100001110100
11011111101000011000010111001011
00000000000011010001011110100011
10111000101001100000111011100001
00000000001011011101000010000100
00101110010101101001101000011101
00000000011100001101001100110101
11101010011110101110110101000000
00000000001101110011101100010001
01100011101100001011111101111110
00000000011000111111110100100010
01000011111001000011111100110000
00000000001011010000001110000110
10101011100101001010001011100111
00000000011110001001000010110111
01110010101110011101101000100011
00000000000010101001101101010111
10010010010111100001011010001101
00000000001110111101100000000111
00000001000011011010110001001101
00000000000100111010010100110100
01010111101100010001110110101000
00000000001111100010111100111011
10000110101010100101110010000101
00000000011100111111000011011010
10000111001110111101010110111111
00000000010111110001111011101100
00100110111000010101100110000100
00000000001001110110000110110111
10010100110000001011101100100101
00000000011010101110000010000010
01111011100110001110101111101001
00000000001001101101000001011011
00000101001011101100011001101101
00000000010101100000110000010001
01110101010000100111100001000001
00000000000101101011101010000110
00100001010100010100101101110010
00000000001110111011110000111001
10100010011011001000011001010101
00000000001101010110101111011000
10100011100100101000101001111011
00000000000101001100010000100011
11011100111111011011111001001111
00000000001101001011011101010001
01100100001001110000000101011100
00000000011111011100010101110100
01111111001010010000100001000101
00000000000101011110100111010100
10010110011111001110011100000000
00000000001000000010001000010101
01001000011000100000010101001010
00000000001110000100011011011010
10101000110110001110110001000001
00000000001000101010010100111000
01110011000001011111101100010110
00000000001111111010000110001011
01010101111001001011011010110010
00000000000110011100000001110100
01011011100110110001101101110110
00000000001001111101010010011100
01011001111011000101110010110011
00000000001010010100000101101100
11011000011000011110100111101000
00000000001000100101110010100100
01100101010010011101000000000010
00000000001110101101000101110001
10101001110000111001101000110101
00000000010100000110110100010100
00100000110111011011100110101101
00000000010100010100111110010000
10000101000011011000001000111011
00000000000110010110011101000101
01000110001100101111111100010010
00000000011111010100111011110110
10110110101001010000101101001111
00000000000101111111001101010011
01000001101000000101110101001110
00000000000000100001011111100110
10011110010111000000011101110000
00000000011001011100100110110001
10011101110010101000010100011000
00000000010111010101111100110010
00001110100001110100111101111111
00000000010111000111000101111111
01001001010100101001000101101001
00000000010101001101100110111100
00111010001010000110100011100001
00000000011110100000001011010000
01000000111001000100001000100001
00000000001101000100111010001101
00101001001001011011110011110100
00000000011010101011010010001000
11110000111100011101001111111001
00000000010001000111111011110100
10000001111101101101101000010101
00000000011010011110010101101011
11011110011001110001101100111000
00000000001001001010010110101010
11011001011101000011100011011110
00000000010110100000001001010111
11110010110101001010100100011101
00000000011101010010110111100100
01111000000110111110111011001110
00000000000100110001010110000010
10011101010101111001001111100100
00000000010110011100000110111101
01100110000100010001001011000101
00000000000111110111001001101010
00100110100101101100011000011001
00000000000010100011010100111000
00100000011011011111011000111101
00000000000011010000011110010110
00010100000101101110001011001000
00000000010001000001100011100000
01001111101101011010010010011011
00000000010110110111100000010010
01001010000101000100011000100001
00000000011010111101100100100001
10100100001111010001111101110010
00000000010011010011110110110111
00111110111111101100010011111111
00000000010100110101011110010101
01001001000010000000101101101101
00000000001110110111000110110111
11010001000010100011011000101011
00000000011110000101001101011111
11001011000101101110101001100010
00000000010010111111101101100100
01000101110101100001000111101111
00000000000111101100111110110011
00010011010000011000001001000101
00000000001001011101100001111110
11100000100000000100000101001101
00000000011111011011100001010111
11011001000100100010110011111111
00000000010010011110110001110001
01011101001110101001010000100001
00000000010010110001111110010000
01111000011101001010110110010111
00000000001101101010111011101111
11110000110001111000101101000011
00000000011101111000000000111100
00110101001100011011011100111011
00000000011101110111111001011111
10011111111100100100011011000101
00000000001100110110110101000011
01110100001101001100000001101000
00000000001101101111101011100110
00011001110000011011101100001101
00000000011101110111000010001110
00111010100011111010010011111100
00000000001101110111111101110001
01010110011000110001100001001100
00000000001111011000101010010011
00100011100101101101010100101101
00000000000110111011101101001101
00000011110000010101001111100111
00000000010100111001011110110000
10101100101011100111000001001101
00000000011100000001011100100001
00110111010000011011110110111111
00000000001000011001000111101000
00011111000010111010100001000101
00000000011110110100011001111111
10001000000001010000110000011110
00000000000111010000011010011110
10101010111110101110101000010000
00000000011100011101101111001111
10000011110001100100111111001110
00000000001011101100011111111110
00000010010100100001110010000010
00000000011010001001100011111001
01001101101111100000100100001010
00000000000100001001000010000000
00100111010011000000100110111010
00000000001010100010001000100001
11100100010110010101100101110111
00000000001011001011001101100011
10011010110101101001010100110010
00000000010001000111101100110010
10111101001101010100010110000100
00000000011010101101100100111001
00111111001100110011010010100001
00000000011011101000101110111111
11101100010000001100101010011111
00000000011100110111101110111010
10111001000101001110010011111111
00000000011011110001101101111111
01001010001001011010100110000010
00000000011011110111001010001101
00010011110100011001110010100000
00000000001001111010001011100000
11111110101100100010001000000101
00000000001100111001110011110010
00010110111000111010100001111001
00000000011110100011110100100101
11100100100010111001101101000110
00000000010001001110010011111010
00000101001011101001100100100001
00000000011101000000000101001001
11011111110010111000000011100011
00000000001010000000001101101010
11011111111001100111101111100001
00000000010011101011110111010100
01101010001010001100100010000101
00000000010001010101100101000110
11111100110001010101101100000100
00000000011000110001010010101100
10001001101010010111110110010110
00000000010111011000101010011100
00011110100110010111010100000100
00000000011111010011010001011011
10010100100100111100011011101101
00000000010100101001011011100101
00110010100100011111000010010011
00000000010100001100011000010010
10101001111100100110001111001010
00000000011011101000111010110011
00100011111101000110100011101111
00000000011000011101011010000101
00100000001011110000001011100111
00000000000101011100011111100111
00001001011011101101111110001100
00000000010101011011010011001000
11010010100000010000101101111110
00000000000111000110100101101010
01110011101000011010010010010100
00000000010111111001100110110100
11010010101000011110111010011011
00000000010011010100111000111011
11101011101011001101101011011001
00000000000111011111100100101110
00110111111100001111111010101111
00000000010011001110100000101001
00001000111001000011110001100010
00000000001101110111011110100000
10011100111100100000000101110100
00000000010101111010111001010011
01110000001010011000000100000101
00000000000110101001000010111010
11001111011111001111100001101001
00000000001000010001100011011011
00000001001111110101100000111011
00000000001110110110011111101010
10111111111111011111011001001011
00000000001100110010010101100111
11100000001000100100000000110001
00000000010111111010100111011010
10100000100001001011100101001010
00000000000101010011001111111111
00001100001111011010011001010101
00000000000110101010000000010010
00101100111000010100100101100111
00000000010001101001000001100010
01011110111111011001110000101101
00000000011011010111101110001000
11000011110100100111010010001000
00000000011000001111000010101100
00111110001101100000111011001110
00000000001100111011000101110110
11111110111010101101011111010111
00000000010111011000100011001011
01101010100001001111010101100101
00000000001011010010101011011001
11001101001111010110100110011101
00000000010111100110001001011100
10011001110110010011000110101111
00000000000001101011100001000000
10010111101100111111111000011011
00000000010001001100001101111100
11010011110000011010001001100001
00000000001101101011010101011011
10001010111101111100101001101110
00000000010001001010111110010011
00011101010001110100101100100111
00000000010010010111111100110110
01000101101110100111001100011111
00000000011111010001111001110010
00011101110011010100001000110101
00000000011011000100100100111010
10001101000011000000001110010010
00000000011000010110000001110100
01011010000011000110101100110000
00000000011101100001010101101100
01010011101001010110011001000000
00000000001010010011101111010110
11100011010111010010010111010111
00000000000011000110000110101000
00111100111100100010110100100001
00000000011110001011101110001001
00111110010110000010001111101000
00000000010001101101101111010000
11011110001000011000001110010011
00000000000100000100010011101010
11101001110111101101100110000011
00000000010011011111011001111001
10000000110001111100010001110101
00000000011001100110010111100010
10010111000010001100011101001010
00000000001011010101011111000010
00101110010100000011101001001010
00000000011100010100100010100011
01011000001001010101000001010011
00000000001010101100001100110010
11101001111111000000000111111001
00000000001111011011011011101000
00000001110000011110010011110010
00000000010010010011110011100011
10100010111110111100000001010001
00000000011100111111101101101001
00101100010100000011001101011001
00000000000000101100111100000011
10011010111111100110001000111101
00000000010010100011000011010000
10010100011011111001011110100100
00000000010001000101011011110011
10001001110110010010011100110001
00000000001110010000000110110110
11011101010110100000010100001000
00000000001100011111100010100010
11011100100011111101111000000100
00000000000100010011101111000100
01101011010001010011010101110001
00000000001111000101111001001100
11110000010111101101100111001011
00000000000000011111111111000101
00011101101111011100111101100110
00000000011110110000111111110101
01101111100011101011111101010101
00000000001010001101010111010011
00111001010010100101101001100100
00000000001101101001000001101101
01001100010111101010100010111100
00000000001000011110111010100001
10100110111100001101011110111011
00000000001101001000011110110100
01100101111011111100101000100001
00000000011000100010010000000001
01000101011010010000111001110100
00000000001011100101111010010101
00111110111111010000001010011110
00000000010000011111101001110011
00010101011101000111100100111011
00000000011111000000100001000110
11110110011101000010101100110100
00000000011100011010100000110010
00010001110100101000010100111110
00000000011100100111110011011111
10111011010001000000011100010101
00000000001110001001011101101100
11001000011100010001101001011010
00000000011111001010001111001111
10100110011000100001100110011101
00000000001010000101110001100001
11100100010000110110001111011100
00000000001011111001111110111001
10000100110010000010011001101100
00000000010101111100100110001110
01011111110011110110011011111000
00000000000011000110111010001000
10101010110010101110011010011111
00000000010101111100000100010001
10001010000111101001001001101101
00000000000010100001001000110111
00000011101011010100101010110000
00000000001000001100111101111110
10010010000010101100111100101000
00000000000100100010100101100110
10111011011110100110100101000110
00000000000100011000000100101100
10000001110101011011111010100100
00000000010010100001110010110111
01110101001110011111111010010010
00000000001111111100111100101101
01010000111001001110001110010010
00000000000111001000101011100010
11111001100010100011110101011010
00000000011101111011111111110000
01001010000011111001111000100111
00000000001111010001110101011001
01000011100110100011000000001110
00000000011001011111000011010010
10000010111011110111010110111100
00000000000011011010000110111011
01100001011111111001110111010110
00000000011100101100001000110001
10010110101000011011111111100001
00000000000011001100001000100001
10110001001101001010001111001111
00000000011111011001111110111001
00011111000101000100001011110100
00000000000001000001010111000010
10100100100100001000110101100101
00000000011000110110000010010101
01000110101011001110000110101000
